0.000000000000000000e+00
9.025719485133976150e-07
9.909152970388745985e-07
1.011173519582797553e-06
1.017497535005240650e-06
1.019852147732258629e-06
1.020798413464696353e-06
1.021188014704854652e-06
1.021339860352021844e-06
1.021373194021180097e-06
1.021357248220944314e-06
1.021318042249141911e-06
1.021266834100309495e-06
1.021214486751631512e-06
1.021163868131225172e-06
1.021113368859793979e-06
1.021067889572790932e-06
1.021027114078698617e-06
1.020989985334175287e-06
1.020955051167504735e-06
1.020923789174510432e-06
1.020894388692461519e-06
1.020867264833746901e-06
1.020841692511709198e-06
1.020819257901983690e-06
1.020798995665650466e-06
1.020781068339360331e-06
1.020763641501609698e-06
1.020748550684125178e-06
1.020734371137699270e-06
1.020723780720267371e-06
1.020711189125833585e-06
1.020700610587788049e-06
1.020690343689345525e-06
1.020682502406167202e-06
1.020674596063919637e-06
1.020666497542066509e-06
1.020661003603429151e-06
1.020654782579732966e-06
1.020648943472757253e-06
1.020644369797985007e-06
1.020641670068656026e-06
1.020638484172664562e-06
1.020634490256355775e-06
1.020632187320735795e-06
1.020631868908772333e-06
1.020630202241967766e-06
1.020628663472855635e-06
1.020627477421598428e-06
1.020628688119806782e-06
1.020629303294384727e-06
1.020630344572559522e-06
1.020631738790633847e-06
1.020633740189680339e-06
1.020633615289590068e-06
1.020638416338037757e-06
1.020641537619049188e-06
1.020645236771144937e-06
1.020648230709575444e-06
1.020653243255509324e-06
1.020659533224055338e-06
1.020665487461158705e-06
1.020673896401369518e-06
1.020681691166203109e-06
1.020690448272354445e-06
1.020698403131348186e-06
1.020710754029430234e-06
1.020721568045779293e-06
1.020733913281723915e-06
1.020747717572767499e-06
1.020760347580917937e-06
1.020777596005828514e-06
1.020794986650308545e-06
1.020815070584824014e-06
1.020838107379518078e-06
1.020863020007034550e-06
1.020889608516206692e-06
1.020918532601555739e-06
1.020950872399062348e-06
1.020984056188112277e-06
1.021020914149239900e-06
1.021062452366550133e-06
1.021106039833519219e-06
1.021157177372167268e-06
1.021208883233981624e-06
1.021260733535811482e-06
1.021310441107203815e-06
1.021351496821587546e-06
1.021372535214837285e-06
1.021351061503139590e-06
1.021225210617870971e-06
1.020885514790847992e-06
1.020057469158786034e-06
1.018011320907952211e-06
1.012609416206622370e-06
9.958603212067984600e-07
9.269761687136224282e-07
4.627351496422349442e-07
3.233675856417761452e-06
4.819278656698067209e-16
