0.000000000000000000e+00
7.222157205610812980e-09
3.124365965945230528e-08
7.247555278144801605e-08
1.304027121840078962e-07
2.021638436655592841e-07
2.856782417293146636e-07
3.816526654709662125e-07
4.903905094222338334e-07
6.078657691643840622e-07
7.309449177039795131e-07
8.586600187543425022e-07
9.900634585502388063e-07
1.121234920575808758e-06
1.252416948815948672e-06
1.379225866071642770e-06
1.502017124010990301e-06
1.615246498443134726e-06
1.723080440774182875e-06
1.816864331649625797e-06
1.895909678140128563e-06
1.963384303582671464e-06
2.017863534375941015e-06
2.056932241534248362e-06
2.076728626398960387e-06
2.080796337233792315e-06
2.070562229561367928e-06
2.039206128956472241e-06
1.993292883417652206e-06
1.935132105002068670e-06
1.861183161366852801e-06
1.770696473224475653e-06
1.669574075435775740e-06
1.559538528539405888e-06
1.444822012919289023e-06
1.319957025902596115e-06
1.188111879102393686e-06
1.056264234300385851e-06
9.248076033863128487e-07
7.939865177553073750e-07
6.683455098244195369e-07
5.484186473836416553e-07
4.370557802335639508e-07
3.345453619685301305e-07
2.430376266904232807e-07
1.655594850102914961e-07
1.010853689642488007e-07
5.261089275343522331e-08
2.012208133450599234e-08
2.893791983815674485e-09
1.692930018393212777e-09
1.751403277960861260e-08
4.992880175969105494e-08
9.985147109148329037e-08
1.650880662174003533e-07
2.426656637855018062e-07
3.323028069379674321e-07
4.349716025142669196e-07
5.482584445326565969e-07
6.692118363904597800e-07
7.944298593409726550e-07
9.243531796654380628e-07
1.055739179744996648e-06
1.186282439502583941e-06
1.316217017044429838e-06
1.441796559809027656e-06
1.559856925070768341e-06
1.669622010869176165e-06
1.772758528639784004e-06
1.857999994303582980e-06
1.931128093768386123e-06
1.991480512719689955e-06
2.040431100303052858e-06
2.068601770432998421e-06
2.080733441767179670e-06
2.076357049296539969e-06
2.056757137935960600e-06
2.017710895252378123e-06
1.966053133961587207e-06
1.900553727951503902e-06
1.816367115714534464e-06
1.721096662410381839e-06
1.615009298738812049e-06
1.502242503947925911e-06
1.382794791005004242e-06
1.254846135667619933e-06
1.121736731723999014e-06
9.902068941469721608e-07
8.586443178693059508e-07
7.307068232709212907e-07
6.077767544798717836e-07
4.915105354941218252e-07
3.842959179767291289e-07
2.869166658703292683e-07
2.020358363941099356e-07
1.309507212665650400e-07
7.421508430027756731e-08
3.412801885538385704e-08
9.450001114963413329e-09
0.000000000000000000e+00
