0.000000000000000000e+00
1.714853936629623377e-08
3.255806824142837286e-08
4.639656125959845667e-08
5.938982028386163847e-08
7.059519546714909666e-08
8.158929487578348017e-08
9.101524756083279044e-08
9.972307979388972399e-08
1.078732083659161844e-07
1.149258214150350454e-07
1.214992094711320192e-07
1.272905451044081815e-07
1.330831622681216686e-07
1.380345363566348738e-07
1.423605648920300837e-07
1.464620937863259087e-07
1.503650983725179913e-07
1.537492528846939877e-07
1.568186258626980134e-07
1.595973333490263713e-07
1.617973680589912533e-07
1.643657128180819882e-07
1.662501953880735073e-07
1.680572935258695111e-07
1.697968179392717047e-07
1.712014734422950824e-07
1.724206466491295942e-07
1.733257797287279800e-07
1.741979361868928322e-07
1.750414373447028993e-07
1.755887434340408504e-07
1.759797396694295912e-07
1.760603720590836474e-07
1.761666874600109622e-07
1.760999062128121295e-07
1.758595772338722441e-07
1.756438735567300569e-07
1.749581546306444579e-07
1.744277349224887530e-07
1.735760862819901718e-07
1.725549265696457724e-07
1.711975284868216818e-07
1.698146693263069551e-07
1.683997160606409693e-07
1.666190263538425143e-07
1.644563181191216472e-07
1.622247050026004445e-07
1.597446162016069593e-07
1.571670736888464148e-07
1.541338092714283903e-07
1.507888112151078985e-07
1.471052772927805563e-07
1.430530245372096942e-07
1.385981176493800149e-07
1.337024243541762303e-07
1.283231905180315380e-07
1.222473212658670150e-07
1.159168930842113809e-07
1.085737446615553381e-07
1.007173443534625790e-07
9.210879170495900325e-08
8.257079631146524434e-08
7.214781838627004618e-08
6.064510815750878692e-08
4.775183648497716149e-08
3.405958848290424612e-08
1.907354696406571293e-08
2.383350183876586925e-09
1.584281084099359305e-08
3.597224718099312213e-08
5.712311490491117638e-08
8.051392064167828266e-08
1.047367538253851649e-07
1.309627183365691394e-07
1.574186405672861611e-07
1.851412863018708777e-07
2.122428141015930692e-07
2.388833965083492217e-07
2.626956411289071980e-07
2.835699542957925701e-07
3.007848253799849658e-07
3.130066157375210878e-07
3.195067556083230897e-07
3.198792248859660958e-07
3.145999930564968849e-07
3.034298861059880892e-07
2.858700294261495856e-07
2.654277435620855385e-07
2.411011855718570018e-07
2.151004840911241445e-07
1.883564038074325708e-07
1.610737506707593525e-07
1.341417783518039641e-07
1.084256381345127807e-07
8.305091214744209083e-08
6.007491060167069463e-08
3.815818183650065976e-08
1.813720262866524990e-08
0.000000000000000000e+00
