0.000000000000000000e+00
4.640508297626411149e-07
7.147584319966426847e-07
8.653169490946410747e-07
9.733619483753841450e-07
1.063838925952076409e-06
1.142664786790703602e-06
1.215819614097668477e-06
1.288816487976518488e-06
1.356797157292533029e-06
1.418258056329335659e-06
1.480875047699115044e-06
1.535748449854601461e-06
1.589475098096038153e-06
1.637387703423698326e-06
1.683567583676826018e-06
1.724866297347915634e-06
1.764977746732121489e-06
1.799990402173712312e-06
1.834296810776514519e-06
1.865695028580027781e-06
1.894163910165502784e-06
1.919613366929695530e-06
1.942657973597050614e-06
1.964586681113544842e-06
1.987749364773527816e-06
2.004335010963309571e-06
2.023373768755831748e-06
2.039287345212414948e-06
2.052583554235098973e-06
2.065552017871397084e-06
2.077910278952543877e-06
2.088601446681437324e-06
2.097702809900070520e-06
2.105664476892421533e-06
2.112366266682208504e-06
2.118374940796030614e-06
2.123831737810277787e-06
2.128035409665329780e-06
2.133046074437316975e-06
2.134884802607039944e-06
2.136739017277733410e-06
2.137679070091103029e-06
2.137349318753756222e-06
2.136394688490028670e-06
2.134941893827679849e-06
2.130607938632955722e-06
2.127028087661742006e-06
2.123110762974889099e-06
2.118320681643304226e-06
2.112365350859235491e-06
2.105246005079663973e-06
2.097078451113176811e-06
2.088210772521748027e-06
2.075658477651565192e-06
2.063254485262788762e-06
2.049554115757246109e-06
2.034474380629980317e-06
2.021366152904491287e-06
2.003847384690615741e-06
1.983847221831425145e-06
1.964429411360768540e-06
1.941758249524028201e-06
1.917867891387814439e-06
1.891242318308172798e-06
1.862506922911677520e-06
1.830940108416001522e-06
1.796051670499565489e-06
1.758121681127988722e-06
1.719139092415389314e-06
1.676740283063082870e-06
1.631658317347017828e-06
1.582221694995666894e-06
1.530668832017134662e-06
1.470653527291254647e-06
1.412008281409526944e-06
1.339574063119464142e-06
1.275099585029693117e-06
1.203255198700681206e-06
1.125200821405769602e-06
1.041789261635450714e-06
9.527271974674178523e-07
8.384240538505949303e-07
6.811007813301017677e-07
4.190374146562092506e-07
7.576081739735229803e-08
1.097072659606013190e-06
3.210606652648273496e-06
7.437038437085874421e-06
1.519840381181136735e-05
2.694654512946925706e-05
3.935821780320925001e-05
4.465225933114602697e-05
3.833748327741748341e-05
2.574062147253641797e-05
1.428106082557167866e-05
6.914539822822085569e-06
2.927001875208112835e-06
9.455575281647199404e-07
0.000000000000000000e+00
