0.000000000000000000e+00
3.046400398609705462e-08
4.691716082305674718e-08
5.679589909490800892e-08
6.388658346789810594e-08
6.982712463798890212e-08
7.500466525645066440e-08
7.981152094771459815e-08
8.460966183232443427e-08
8.907887516507173586e-08
9.311993054428313599e-08
9.723752947277120029e-08
1.008462791052266994e-07
1.043797334121521203e-07
1.075310877007851218e-07
1.105685425439872915e-07
1.132850343532609827e-07
1.159234594982905264e-07
1.182265882970767734e-07
1.204832527079702231e-07
1.225486807587827798e-07
1.244214287154932208e-07
1.260955582171874312e-07
1.276115046966452837e-07
1.290540619924840371e-07
1.305777006521680050e-07
1.316689350883137877e-07
1.329213825673747351e-07
1.339682722534263348e-07
1.348430063163874593e-07
1.356961512044563278e-07
1.365091220062453203e-07
1.372124619480885599e-07
1.378110662253462237e-07
1.383349846895143287e-07
1.387758729043397921e-07
1.391711651477223199e-07
1.395301560958017717e-07
1.398067472901942665e-07
1.401362059727517817e-07
1.402573615028046561e-07
1.403793463694569255e-07
1.404411597016874680e-07
1.404194711618345082e-07
1.403565588198318892e-07
1.402609516309993865e-07
1.399759799181055087e-07
1.397404792990997180e-07
1.394827809919618744e-07
1.391676694995069852e-07
1.387758924442650255e-07
1.383075461935945327e-07
1.377702814053805014e-07
1.371867347499389211e-07
1.363611483728988105e-07
1.355451048068445630e-07
1.346438249782977437e-07
1.336518036243461438e-07
1.327893996982965064e-07
1.316369407922124424e-07
1.303213609249453953e-07
1.290438590428877319e-07
1.275526338995192077e-07
1.259809369047459882e-07
1.242296185921532015e-07
1.223393886196078029e-07
1.202629312802017125e-07
1.179680083618350750e-07
1.154730613350807289e-07
1.129089718387987773e-07
1.101202633524422936e-07
1.071551966047579185e-07
1.039038830530358837e-07
1.005134298015519789e-07
9.656695887372279685e-08
9.271078238448637876e-08
8.794827000002669593e-08
8.371125148620706113e-08
7.898946008388918472e-08
7.386284117671948479e-08
6.838623189953096926e-08
6.254167184138736957e-08
5.504535915967778692e-08
4.473291359552433732e-08
2.754920025438423181e-08
4.910524098455937292e-09
7.196241191831376227e-08
2.108251001553540505e-07
4.884932498505634157e-07
9.983819303505114817e-07
1.770383592170077236e-06
2.586101949697550140e-06
2.934535850651620592e-06
2.519315009386069448e-06
1.691572943718355759e-06
9.384267718459682328e-07
4.543395130118810243e-07
1.922930124020894027e-07
6.210054037669721083e-08
0.000000000000000000e+00
