0.000000000000000000e+00
3.476937748825292829e-08
5.354978060978510257e-08
6.482634640203599474e-08
7.292007919712517605e-08
7.970038873317264461e-08
8.560928432821413026e-08
9.109474097268588366e-08
9.656989086170852943e-08
1.016694721744926255e-07
1.062803905993447984e-07
1.109784036890104630e-07
1.150959584306221473e-07
1.191273837353179488e-07
1.227229897704518180e-07
1.261885221870429064e-07
1.292878708536449039e-07
1.322980750506630443e-07
1.349257809923898321e-07
1.375004093917553405e-07
1.398568706401093209e-07
1.419935021784723972e-07
1.439035304251490288e-07
1.456330769311620088e-07
1.472788961898174875e-07
1.490170974394189329e-07
1.502622334337289089e-07
1.516911140031496075e-07
1.528855009258478503e-07
1.538835169290209137e-07
1.548568672182781825e-07
1.557843530841651614e-07
1.565867860930936217e-07
1.572696086693525785e-07
1.578674676538938115e-07
1.583704746233038918e-07
1.588214647574304195e-07
1.592310391318463303e-07
1.595466299075809502e-07
1.599223554693551819e-07
1.600607394403041894e-07
1.601999184419611311e-07
1.602704070569060946e-07
1.602456628502224589e-07
1.601738001122399169e-07
1.600646905020042254e-07
1.597397111252618629e-07
1.594710324903658716e-07
1.591770296682781805e-07
1.588175221334253706e-07
1.583705583341199485e-07
1.578362262000254645e-07
1.572233053748206544e-07
1.565573859441116156e-07
1.556156520310381097e-07
1.546846126743162131e-07
1.536563570825322245e-07
1.525245766353933163e-07
1.515405757546162135e-07
1.502257528374073559e-07
1.487249207121621453e-07
1.472673087921094748e-07
1.455661152727216745e-07
1.437728490705225681e-07
1.417749114773769747e-07
1.396183603175060739e-07
1.372493464435464716e-07
1.346310745109491336e-07
1.317845934600825331e-07
1.288592148540601556e-07
1.256775569169477080e-07
1.222946813816960798e-07
1.185852253060559747e-07
1.147168154913558169e-07
1.102143268871813575e-07
1.058144495358348536e-07
1.003806451294053659e-07
9.554686342116980313e-08
9.015873592144174609e-08
8.430990916519220946e-08
7.806089263873161599e-08
7.139074831297165247e-08
6.283659559347398726e-08
5.107021505690312324e-08
3.146254934360825928e-08
5.573926764590453331e-09
8.208740354120891425e-08
2.405730025190067067e-07
5.573716074236401141e-07
1.138957973489951314e-06
2.019493694604967970e-06
2.949801453988598610e-06
3.347491766336752050e-06
2.873714164075558131e-06
1.929752421525599004e-06
1.070662340452166461e-06
5.184384480605430667e-07
2.194417281220495397e-07
7.086950315482454243e-08
0.000000000000000000e+00
