0.000000000000000000e+00
2.136163468335894322e-10
4.184145252494886336e-10
5.974281069853759618e-10
7.643088384412521918e-10
9.142139267837023908e-10
1.050494025101045281e-09
1.174361830003078921e-09
1.286958650759117972e-09
1.389337977997229245e-09
1.480729761027532732e-09
1.567135088365034790e-09
1.642561420212018675e-09
1.714343778047577871e-09
1.778176050848401246e-09
1.836262142340672199e-09
1.889102874130799137e-09
1.937143112584749360e-09
1.980773323140283537e-09
2.017862321679331217e-09
2.054689973718382134e-09
2.088519690524037742e-09
2.117644393173634398e-09
2.141375077258089732e-09
2.167036994293880525e-09
2.186236525147933207e-09
2.205773563801471937e-09
2.221489658893460728e-09
2.234928020428128548e-09
2.244760599623418784e-09
2.255283737540025868e-09
2.260943765541867378e-09
2.265101106679878740e-09
2.270438725915369105e-09
2.271530741282390409e-09
2.270672094795145313e-09
2.265570064885480406e-09
2.263046083861297575e-09
2.256234976627524702e-09
2.247368291463658352e-09
2.234979645798773618e-09
2.223221606811875972e-09
2.207786287122814883e-09
2.189968650867513134e-09
2.167291346388822149e-09
2.145253197305407866e-09
2.120932984794876575e-09
2.092183537527603221e-09
2.060231762968101066e-09
2.024835521474699362e-09
1.984226671858380087e-09
1.942607408267349456e-09
1.892533907366100721e-09
1.838688978850200328e-09
1.783852843217914597e-09
1.722323506037071184e-09
1.652973979915373093e-09
1.573933872123234323e-09
1.493033252586428716e-09
1.400982441168707737e-09
1.296701634956320959e-09
1.183470432764011093e-09
1.064118348992337815e-09
9.312687287987841955e-10
7.810828650534062945e-10
6.144345032765841097e-10
4.389303365215369013e-10
2.406618238026680956e-10
2.943334465044245007e-11
2.055160486236218276e-10
4.610807291527407870e-10
7.402285451263423965e-10
1.034836216717849311e-09
1.356604051316878667e-09
1.687627260160695641e-09
2.033537116474803952e-09
2.382497754638279730e-09
2.732505333113977031e-09
3.069937193345140258e-09
3.389291958200146837e-09
3.660144964889866515e-09
3.878259824396934619e-09
4.047104873450280138e-09
4.123496988306385447e-09
4.124353303325278830e-09
4.053789859348455593e-09
3.900784917298949495e-09
3.686033034355773452e-09
3.424518557615385816e-09
3.119222879988114983e-09
2.773902996189292480e-09
2.428071299576117781e-09
2.078313299236356215e-09
1.725608766989239484e-09
1.390568771242328694e-09
1.071848942935105242e-09
7.795915024644273217e-10
4.956665078381661260e-10
2.394069387179342812e-10
0.000000000000000000e+00
