0.000000000000000000e+00
2.437103852059863129e-10
4.773590411843997572e-10
6.815932263037893790e-10
8.719861499528747117e-10
1.043010233736652026e-09
1.198489640863442673e-09
1.339814481582379813e-09
1.468272170512818775e-09
1.585072628706996056e-09
1.689347106648142471e-09
1.787922365714678108e-09
1.873972088617392728e-09
1.955868134118077251e-09
2.028695544886716107e-09
2.094968198917968039e-09
2.155252976088206651e-09
2.210059912854944741e-09
2.259833986606452072e-09
2.302153356836811327e-09
2.344167193690793738e-09
2.382764319186492230e-09
2.415989741599844365e-09
2.443062419033026345e-09
2.472344662329817311e-09
2.494250139761788887e-09
2.516536534713509354e-09
2.534468079851137645e-09
2.549799482665093819e-09
2.561015288726764538e-09
2.573018242912894493e-09
2.579477298425558729e-09
2.584220837320572173e-09
2.590309411409918994e-09
2.591560410714066620e-09
2.590578307426483207e-09
2.584758074242188286e-09
2.581877489582495855e-09
2.574109148056891172e-09
2.563990464388155033e-09
2.549860989020658053e-09
2.536444498879575349e-09
2.518831254683107090e-09
2.498505069503664799e-09
2.472631321914775526e-09
2.447488323120694531e-09
2.419744959958336494e-09
2.386940867182829606e-09
2.350487804392287217e-09
2.310107993785948111e-09
2.263772058697099965e-09
2.216289152201511570e-09
2.159166068160800478e-09
2.097730544825537891e-09
2.035173474190798970e-09
1.964976514834404497e-09
1.885858247341332117e-09
1.795676385363265126e-09
1.703381213857824150e-09
1.598360221954919780e-09
1.479389610814507705e-09
1.350204503758334340e-09
1.214035871832663815e-09
1.062468668600047295e-09
8.911213988938015973e-10
7.009929303691819769e-10
5.007697589931581206e-10
2.745678129301154513e-10
3.357947253590509717e-11
2.344691107936114349e-10
5.260479829516384598e-10
8.445192323236483389e-10
1.180634812136815981e-09
1.547736716567271742e-09
1.925394177426653641e-09
2.320039604875034911e-09
2.718163139014961871e-09
3.117483493575434750e-09
3.502454326564929943e-09
3.866804210161944866e-09
4.175816248341845949e-09
4.424658306412254660e-09
4.617295656927922209e-09
4.704447609249484685e-09
4.705424383466549898e-09
4.624917449014276372e-09
4.450355639562530996e-09
4.205345072172406162e-09
3.906991064006604120e-09
3.558685790494564571e-09
3.164710493663847046e-09
2.770161988685515553e-09
2.371126073263951639e-09
1.968724294698631638e-09
1.586483611148992168e-09
1.222859147276267322e-09
8.894328606956491967e-10
5.655004242655081725e-10
2.731389558974228748e-10
0.000000000000000000e+00
