0.000000000000000000e+00
1.449701763078792283e-07
2.033676479440416074e-07
2.637165829044718635e-07
3.235608908580545062e-07
3.822876876169445381e-07
4.388229980500923944e-07
4.918276406140620338e-07
5.419273259033019485e-07
5.884143298162669566e-07
6.311222366939261974e-07
6.701913094486755540e-07
7.062107444388843192e-07
7.392184740995233483e-07
7.689534933241759518e-07
7.959983420180449798e-07
8.204878553241812256e-07
8.426442705822267953e-07
8.626142029566352676e-07
8.803880242602701856e-07
8.965341246058855518e-07
9.108088500076050309e-07
9.237434520636966795e-07
9.351965722936839143e-07
9.452063595150050901e-07
9.539361548460689733e-07
9.617730388766787541e-07
9.684374879803669955e-07
9.736343186128593175e-07
9.783298706711462955e-07
9.822376608736860248e-07
9.852710777247253304e-07
9.872531814281160223e-07
9.883990363945827085e-07
9.891782891680023226e-07
9.887950124243261030e-07
9.874646983432100456e-07
9.854741619408358133e-07
9.826344568031331050e-07
9.789484255451341710e-07
9.743201379031063425e-07
9.691102175191090851e-07
9.627100315823255983e-07
9.549318022994413013e-07
9.461412435740612636e-07
9.363501803916207678e-07
9.250011073769215386e-07
9.123492329399240930e-07
8.984192176875183122e-07
8.824917753225136607e-07
8.650403923171623433e-07
8.455063459367195833e-07
8.234435996401501257e-07
7.992442234705521287e-07
7.725491532051265153e-07
7.429790582769157936e-07
7.104971390115011332e-07
6.746389352718651367e-07
6.362882875032838115e-07
5.938273036631969148e-07
5.479377958028663897e-07
4.982836017131120343e-07
4.456128878116416558e-07
3.890620937641031674e-07
3.307600119351050694e-07
2.710757130985896879e-07
2.107380884242004981e-07
1.517106057447037415e-07
4.476560779842486681e-07
5.064112718056179574e-08
1.536819338454620265e-08
3.323777142405504037e-09
1.523681181225811088e-10
3.266893988662644688e-08
9.957441193808591606e-08
2.053984060612634721e-07
3.519453789513349307e-07
5.381838413809347799e-07
7.568793344292501502e-07
9.932313295157868538e-07
1.228624853411020013e-06
1.438084546001583419e-06
1.596997933894783728e-06
1.685688197361479013e-06
1.690896285322374126e-06
1.611769185339007038e-06
1.461091301169226142e-06
1.255499212593491620e-06
1.022084598623074214e-06
7.850591468017142915e-07
5.631536621475419224e-07
3.720828890552141388e-07
2.205444429304037612e-07
1.104400434437380341e-07
3.893469724403075816e-08
2.233010110153088590e-09
4.310508061600160090e-09
1.202818533663219114e-08
4.540832709842845816e-08
2.226720869323572938e-15
