0.000000000000000000e+00
1.928965481268196669e-05
2.183953841838892629e-05
2.237252064740680169e-05
2.251735966318779703e-05
2.255881604662501871e-05
2.256807643286062870e-05
2.256637780861936449e-05
2.256104623399313169e-05
2.255494513958566927e-05
2.254870366769079482e-05
2.254311400917696773e-05
2.253807090735193697e-05
2.253358526271842521e-05
2.252971764837852220e-05
2.252624281218196245e-05
2.252323723883620232e-05
2.252065293184557504e-05
2.251821525434127835e-05
2.251609779801988509e-05
2.251420308407858784e-05
2.251247319151605808e-05
2.251096018535125864e-05
2.250972775463822018e-05
2.250850983065433297e-05
2.250734468156601054e-05
2.250636306877495940e-05
2.250549881366303850e-05
2.250462676356423941e-05
2.250390684210845649e-05
2.250319891516916471e-05
2.250259336777915564e-05
2.250204300568992011e-05
2.250154091343326002e-05
2.250105965329041169e-05
2.250072012921489062e-05
2.250026924288661689e-05
2.249996989212021958e-05
2.249962147571338278e-05
2.249943786547525804e-05
2.249916395802298297e-05
2.249896131290007872e-05
2.249879133675580789e-05
2.249870791770636203e-05
2.249858353808864564e-05
2.249842594215234470e-05
2.249828413836141294e-05
2.249824235356356894e-05
2.249828513167795307e-05
2.249832342338109470e-05
2.249829934442004742e-05
2.249827716505059527e-05
2.249834282352924930e-05
2.249857018288281552e-05
2.249863685999109464e-05
2.249882888061272013e-05
2.249898494510738090e-05
2.249910456764148137e-05
2.249939514964438558e-05
2.249965579925738979e-05
2.249995236769386509e-05
2.250028442229989878e-05
2.250060542996479285e-05
2.250105379775213521e-05
2.250142832549428817e-05
2.250195428221690719e-05
2.250253124325141130e-05
2.250311877571853358e-05
2.250381068991114120e-05
2.250452395780033754e-05
2.250534878067700362e-05
2.250628290234590878e-05
2.250726754637888405e-05
2.250835073924761787e-05
2.250947319959450965e-05
2.251084214088816537e-05
2.251233840255828511e-05
2.251403584974109862e-05
2.251589935897690964e-05
2.251781514739370493e-05
2.252019271575811388e-05
2.252278157655052127e-05
2.252576490602287151e-05
2.252913177092086272e-05
2.253297168242074378e-05
2.253736439528086777e-05
2.254231892551139538e-05
2.254787905453525809e-05
2.255388407801373063e-05
2.256017938262466771e-05
2.256579128923075217e-05
2.256856923232852807e-05
2.256194433736258276e-05
2.252788045598030919e-05
2.240801327890729056e-05
2.197225149624948415e-05
1.999645227657165236e-05
5.858142169912206043e-06
1.221526285969387615e-04
5.551115123125782702e-16
