0.000000000000000000e+00
1.938822213887192447e-09
2.966616730049054240e-09
3.588059849235492038e-09
4.043910761808433563e-09
4.426588540162867957e-09
4.756092741864392792e-09
5.064313857161550914e-09
5.367872257799888303e-09
5.649684942099497675e-09
5.912875744584766835e-09
6.174309175044356834e-09
6.409652697492163043e-09
6.623291692875454828e-09
6.820588982492381547e-09
7.012383118620846290e-09
7.183109995700931449e-09
7.347357167120094346e-09
7.508344945783562707e-09
7.649423094946428137e-09
7.778046429152141172e-09
7.892143161214448810e-09
7.999286566473529092e-09
8.093474335169048572e-09
8.184225297469538418e-09
8.273260077018562697e-09
8.357319503105031799e-09
8.419088759481496709e-09
8.490488423440467614e-09
8.551063079842435855e-09
8.607287549367015345e-09
8.650414828892394326e-09
8.696339981462131163e-09
8.736711798462692968e-09
8.769349912896018395e-09
8.799215245325342494e-09
8.823654251699508677e-09
8.845925103528884392e-09
8.863599298969404572e-09
8.879915469606203260e-09
8.891192004867320975e-09
8.900351788909688366e-09
8.902413473066417282e-09
8.902602544047510946e-09
8.896845815620224585e-09
8.891599012628148557e-09
8.874011969695061453e-09
8.857580335863701748e-09
8.841174459206513347e-09
8.821968155992010452e-09
8.797307993191338937e-09
8.768413550797049538e-09
8.733076928280070206e-09
8.691810604588567912e-09
8.652200178538294040e-09
8.593786349209153741e-09
8.538401430335795794e-09
8.484676738973462307e-09
8.409334784076349933e-09
8.340097723547046371e-09
8.260286676886607893e-09
8.183226429814283165e-09
8.087193137384929287e-09
7.989525041551814866e-09
7.882177022189296167e-09
7.765339704590701331e-09
7.625655773502160173e-09
7.482575781203593124e-09
7.338305740844930369e-09
7.167597404489356450e-09
6.988129408469490045e-09
6.800954910346490578e-09
6.595762380712244521e-09
6.386285500425969985e-09
6.142577557710637848e-09
5.886458764869928473e-09
5.621371257369389696e-09
5.334568009551787782e-09
5.035686201360078940e-09
4.719604262959364860e-09
4.382905482991361623e-09
3.997999709071109464e-09
3.531662517985978411e-09
2.886994421302802039e-09
1.775564029138365640e-09
2.719001690465461252e-10
4.453174717866659194e-09
1.321955656052864470e-08
3.074358678745170437e-08
6.293103016474788092e-08
1.117168979547500385e-07
1.628623915728155680e-07
1.846179593645302930e-07
1.587442677308814609e-07
1.065301191705003703e-07
5.904999422767787109e-08
2.851021752015014954e-08
1.207505317957213720e-08
3.903791512271936881e-09
0.000000000000000000e+00
