0.000000000000000000e+00
4.672130269445240458e-06
7.237408749416474052e-06
9.278821208602572312e-06
1.087571433278089472e-05
1.211321509264617902e-05
1.307175663434190227e-05
1.381555565471703773e-05
1.439400758296294214e-05
1.485302380466180239e-05
1.521472911503174430e-05
1.550201377609194964e-05
1.573092092177486023e-05
1.591639044562498384e-05
1.606638035422935928e-05
1.619024874188745855e-05
1.628910458650878468e-05
1.637016567845872572e-05
1.643581260957205359e-05
1.649017919891360151e-05
1.653804862888907934e-05
1.657607257632420783e-05
1.660665257297022634e-05
1.663505853100044618e-05
1.665593796662534487e-05
1.667425671614264360e-05
1.668980691804655692e-05
1.670360765104739187e-05
1.671552828763633869e-05
1.672460940038700272e-05
1.673235622190460958e-05
1.673863977380563028e-05
1.674309542576413179e-05
1.674659823280855164e-05
1.675041477644523269e-05
1.675426504521571047e-05
1.675632133790738720e-05
1.675906055476072964e-05
1.676039283893260290e-05
1.676159968666546263e-05
1.676202997580311660e-05
1.676298114383634186e-05
1.676386574422927822e-05
1.676373723447088793e-05
1.676425492858069077e-05
1.676211583101494540e-05
1.676189415300566310e-05
1.676121612848024967e-05
1.675824705693607086e-05
1.675608077544854524e-05
1.675483421803569684e-05
1.675001269918485747e-05
1.674595770206899203e-05
1.674192810541264009e-05
1.673680929203946732e-05
1.673153113823655502e-05
1.672328452695381884e-05
1.671309971718049070e-05
1.670205173343042304e-05
1.668949147826115365e-05
1.667281552331090211e-05
1.665443188703097377e-05
1.663278376640153766e-05
1.660529636027252565e-05
1.657277848599036929e-05
1.653293330272642692e-05
1.648688183297775112e-05
1.643044968269169459e-05
1.636221717993269209e-05
1.628095946215601941e-05
1.617830559708099969e-05
1.605431964624148833e-05
1.590054235367510671e-05
1.571169116643122976e-05
1.547829090597918622e-05
1.518325059868264049e-05
1.481359767341317024e-05
1.434752878071154925e-05
1.375275498494143989e-05
1.299224637330009813e-05
1.201159957975317383e-05
1.074153139912770172e-05
9.102615811218406350e-06
7.019241442640655748e-06
4.342394609668787098e-06
7.142454200220749172e-06
2.021975567645384331e-06
4.605030931359443969e-06
4.300221211006594046e-06
2.321628142176734855e-06
1.787394785757179250e-05
3.752159020331546913e-05
4.645246310086559305e-05
3.582102591115354784e-05
1.607272955561622751e-05
1.310459663006469100e-06
4.547560009560136507e-06
4.449647924009703104e-06
1.721240926122469261e-06
2.888596227447123854e-08
