0.000000000000000000e+00
8.726949199955313929e-07
1.351386814341104525e-06
1.732321722625052018e-06
2.030306168410156431e-06
2.261225617083972850e-06
2.440090283606366484e-06
2.578883597115222415e-06
2.686822377362396708e-06
2.772474284595816130e-06
2.839968258894209896e-06
2.893575196116771053e-06
2.936288915234008812e-06
2.970897217013934721e-06
2.998885067939660587e-06
3.021998756014276921e-06
3.040444848556589363e-06
3.055570674259655561e-06
3.067820392943509944e-06
3.077965071929256169e-06
3.086897255921705607e-06
3.093992433811365572e-06
3.099698982045318019e-06
3.104999233394245550e-06
3.108895526016119959e-06
3.112313754938256238e-06
3.115215142623917188e-06
3.117790150941601723e-06
3.120014506419188649e-06
3.121709185482934856e-06
3.123154718953635722e-06
3.124327024206507986e-06
3.125158427152996410e-06
3.125812221727031215e-06
3.126524371732664065e-06
3.127242819478404101e-06
3.127626753030021689e-06
3.128137645691531077e-06
3.128386242612357648e-06
3.128611433811379072e-06
3.128691962506202628e-06
3.128869207280615683e-06
3.129034268689601106e-06
3.129010331615056373e-06
3.129106888266619535e-06
3.128707778632389136e-06
3.128666370977306599e-06
3.128539662111684549e-06
3.127986063611309930e-06
3.127581839956761200e-06
3.127348808917851386e-06
3.126449355073113168e-06
3.125692664140977683e-06
3.124940760157457476e-06
3.123985834130316164e-06
3.123000726024116602e-06
3.121462147981368673e-06
3.119561685971383724e-06
3.117499948857016534e-06
3.115156236521698929e-06
3.112044547726178223e-06
3.108614193281233895e-06
3.104574709644758457e-06
3.099445617382734497e-06
3.093377640039918219e-06
3.085942996472468280e-06
3.077349687852226623e-06
3.066819556862832030e-06
3.054087692078155669e-06
3.038924960452327184e-06
3.019770105416874628e-06
2.996634323237934439e-06
2.967939902398519791e-06
2.932700533642140783e-06
2.889148127738216942e-06
2.834093911663337906e-06
2.765117200431710387e-06
2.678148618873166242e-06
2.567164239297703432e-06
2.425252680238187963e-06
2.242262789775573140e-06
2.005265392179822470e-06
1.699438651137086254e-06
1.310672555265846029e-06
8.153848440883848525e-07
1.099687895772527568e-06
3.764483202939317152e-07
8.583547229656929289e-07
8.012112613364763547e-07
4.350326157087636147e-07
3.337476042308828994e-06
7.003492271562272720e-06
8.669294953800310566e-06
6.686082960061234814e-06
3.001378073408389469e-06
2.462813607495561996e-07
8.473650002782662227e-07
8.293623295907437409e-07
3.203191450973363885e-07
4.524428404628286216e-09
