0.000000000000000000e+00
1.372190139292683853e-09
1.982151776047658132e-09
1.973365026941564793e-09
1.554990136654055277e-09
9.336631467959932706e-10
1.001679850176628861e-10
7.400776658172958378e-10
1.698093332613836992e-09
2.639738094778465438e-09
3.547795834890621336e-09
4.353312377247675613e-09
5.104598854721587031e-09
5.871808039792369982e-09
6.505632699216334913e-09
7.042389671418902708e-09
7.567275583930666016e-09
8.009282681520346614e-09
8.417259222959216913e-09
8.760872916013795475e-09
9.068908846110446120e-09
9.322720817550589345e-09
9.605772288701075468e-09
9.852308191504732804e-09
9.944354339985750357e-09
1.010220918029602899e-08
1.020530138173825208e-08
1.034818841727513927e-08
1.040300334764765466e-08
1.048413911242107588e-08
1.055177056841216654e-08
1.061889987052921924e-08
1.066021737550215676e-08
1.062211629765386078e-08
1.062603749435453437e-08
1.063728161110333303e-08
1.062980203858643335e-08
1.063771126741386297e-08
1.056116272213358798e-08
1.050018461068447095e-08
1.042955666274991700e-08
1.031207430557401494e-08
1.031971375020646065e-08
1.012887906881587696e-08
1.002305738406761293e-08
9.836645498140228483e-09
9.624550600939585365e-09
9.359274577569465237e-09
9.154174418490867993e-09
8.860520650522119013e-09
8.467259227096235463e-09
8.147398977698117051e-09
7.606329122111787910e-09
7.131623069867032427e-09
6.561095000634509233e-09
5.900041899487007413e-09
5.245993417446470630e-09
4.447141210839333780e-09
3.628380484954618623e-09
2.768108187112261476e-09
1.861649612244775653e-09
9.500809028395451605e-10
7.528977441495499079e-12
7.989644501549264533e-10
1.482187150791958175e-09
1.939771010484037106e-09
1.919771785985346924e-09
1.427701290523941680e-09
1.876445665516257577e-10
2.100093099421940224e-09
5.839302263943579874e-09
1.124539605878993598e-08
1.884457612177925512e-08
2.902500917389971846e-08
4.214694715454214702e-08
5.850830475662149865e-08
7.811575053473518437e-08
1.004877872023968166e-07
1.252655248418221845e-07
1.503607813813090388e-07
1.745551524434674207e-07
1.956546394898950325e-07
2.113113438673153155e-07
2.200377081651438971e-07
2.205124055576490605e-07
2.128199134698860462e-07
1.978753721987303038e-07
1.773270384974878766e-07
1.534597972030482538e-07
1.282289652237977862e-07
1.033725026688969706e-07
8.063801382185431521e-08
6.071401870144654822e-08
4.388929142340458611e-08
3.040009188826076070e-08
1.986792297348216607e-08
1.195557508548716896e-08
6.267510954671706713e-09
2.400648790867876414e-09
7.771561172376095783e-16
