0.000000000000000000e+00
4.608220223190073739e-07
8.529659610845286011e-07
1.168003458285049589e-06
1.414816860445533564e-06
1.605711036911650069e-06
1.752932710208376932e-06
1.866805837802409940e-06
1.955223605687450572e-06
2.024119513333033638e-06
2.077628007968179702e-06
2.120133467675699990e-06
2.153881129451917786e-06
2.180583846045358598e-06
2.201767165810331051e-06
2.218953025989733874e-06
2.231939266961191493e-06
2.243349075281564353e-06
2.252097552335463604e-06
2.258883809558298594e-06
2.264840247012678276e-06
2.269548725841730175e-06
2.272948376402794679e-06
2.276002572076940567e-06
2.278436321723198432e-06
2.280139370314238079e-06
2.281606059750806992e-06
2.283148677006963112e-06
2.284306142907865933e-06
2.285377994626358600e-06
2.285532700208037227e-06
2.286656613281756734e-06
2.286789081318296724e-06
2.286080487801100958e-06
2.286733840395349660e-06
2.286732238898636638e-06
2.286601582301983626e-06
2.286582558963523581e-06
2.286537730489257569e-06
2.286544121377076522e-06
2.286562722275675696e-06
2.286660746975144320e-06
2.286561924136343293e-06
2.286818571173299119e-06
2.286483727020893753e-06
2.286790303007713021e-06
2.286704816056861489e-06
2.286867982537188482e-06
2.286579832921908917e-06
2.286735758305624699e-06
2.286630370273989854e-06
2.286581962662737055e-06
2.285969593840420089e-06
2.285718380456991383e-06
2.285567819781952892e-06
2.285623159070659938e-06
2.285125895284956243e-06
2.284261623186623069e-06
2.283215605136668103e-06
2.282087086191708636e-06
2.280462141679429067e-06
2.278549182110900517e-06
2.276205850804124964e-06
2.273230198412967695e-06
2.269458167170057550e-06
2.264684479280631990e-06
2.259324017206409962e-06
2.252066150010278989e-06
2.242845547395511119e-06
2.231601062607779795e-06
2.217781840063715038e-06
2.200498926518967835e-06
2.178849493161827411e-06
2.151881585588100165e-06
2.117311379556952033e-06
2.074386134420791450e-06
2.018953039972792851e-06
1.948316635469460323e-06
1.857898313861738870e-06
1.741209073369276439e-06
1.590225645164977664e-06
1.394566565227073340e-06
1.141668480864055368e-06
8.196833598539399190e-07
4.192804166081032236e-07
4.841665302013353767e-08
5.258803684737856088e-07
8.309016841234750927e-07
5.798125152223221335e-07
8.600151035764724838e-07
3.909918646849419588e-06
7.643943179092005380e-06
9.319060610746277007e-06
7.340264183808287157e-06
3.584365683373391676e-06
6.752660963726953014e-07
6.256404418980565652e-07
8.100877152417140792e-07
4.781057734160043537e-07
3.330669073875469621e-15
