0.000000000000000000e+00
1.304987815475833202e-06
2.415924498899713058e-06
3.308606073670894432e-06
4.008058291038452126e-06
4.549082060600895261e-06
4.966354108737469630e-06
5.289118308215989828e-06
5.539737921278486965e-06
5.735026500364170943e-06
5.886699852575283387e-06
6.007185634482326009e-06
6.102847091460361639e-06
6.178538491274920830e-06
6.238584046247552806e-06
6.287298446094879978e-06
6.324106848532018432e-06
6.356448229216660195e-06
6.381244662678753343e-06
6.400478301693546257e-06
6.417360720600839841e-06
6.430705241200485034e-06
6.440338892521602077e-06
6.448994277929998020e-06
6.455890724899049360e-06
6.460715500478109163e-06
6.464870745404027730e-06
6.469241995210595064e-06
6.472521258960028945e-06
6.475558173568707332e-06
6.475994257737482940e-06
6.479179484153441138e-06
6.479553249949532301e-06
6.477541898974870094e-06
6.479393506397812530e-06
6.479387752778009713e-06
6.479016168015050425e-06
6.478961347533562787e-06
6.478833495582314583e-06
6.478851068636437560e-06
6.478903243900546727e-06
6.479181165142122723e-06
6.478900656414765535e-06
6.479628741673515435e-06
6.478679111410201585e-06
6.479549071514156822e-06
6.479307138707035563e-06
6.479770579104204842e-06
6.478954062916209011e-06
6.479397409719922507e-06
6.479099681877542594e-06
6.478963785250257956e-06
6.477228588819272659e-06
6.476518013331933332e-06
6.476093205032285027e-06
6.476252649711966569e-06
6.474845174686549854e-06
6.472397252155204228e-06
6.469434346456637286e-06
6.466237990609968733e-06
6.461634199705912351e-06
6.456214553418604396e-06
6.449575029043863594e-06
6.441143095337054092e-06
6.430453984740402973e-06
6.416925481866897485e-06
6.401734355065968884e-06
6.381164415092399622e-06
6.355030779503501037e-06
6.323160402055272300e-06
6.283992061595355949e-06
6.235005644228408528e-06
6.173642390638889310e-06
6.097204472643724671e-06
5.999217528751543682e-06
5.877551152333460038e-06
5.720432780353945645e-06
5.520226836863706410e-06
5.263961096346747581e-06
4.933249513339177383e-06
4.505368962570699409e-06
3.950922444873050665e-06
3.234361803494678611e-06
2.322214565975144751e-06
1.188258379247741914e-06
1.355201760810942346e-07
1.485203582340943740e-06
2.342708636304813297e-06
1.618268776981679480e-06
2.482628258637653573e-06
1.114909480837145139e-05
2.174380806785336517e-05
2.648880610323089968e-05
2.087182156629285856e-05
1.021089844366329658e-05
1.946033134414548726e-06
1.756711528466681216e-06
2.288826707608215827e-06
1.352734142257006056e-06
0.000000000000000000e+00
