0.000000000000000000e+00
4.443317486335640609e-06
5.150642893192447502e-06
5.535103952070130617e-06
6.082599050882819824e-06
6.721041041823916373e-06
7.480606547427548492e-06
8.353661755555741308e-06
9.317043938805724679e-06
1.035370525515055817e-05
1.144982356815482660e-05
1.259926768271135700e-05
1.377636302646312316e-05
1.495453935163038039e-05
1.612865871369884019e-05
1.726914079491770337e-05
1.835752481715857698e-05
1.938513140520292666e-05
2.032616956937349784e-05
2.117393596068328776e-05
2.190514949418354007e-05
2.251066346703467502e-05
2.298884538398660027e-05
2.332069648369738957e-05
2.350866410694152364e-05
2.354330042697583281e-05
2.342887592043929601e-05
2.316748667530177386e-05
2.275671222340402977e-05
2.221815800829141097e-05
2.153693234452358496e-05
2.075023323966362909e-05
1.985159507444933524e-05
1.886193001021663207e-05
1.780689660391132634e-05
1.668726805381659517e-05
1.551913858344189379e-05
1.434444650860733361e-05
1.315841189775124320e-05
1.199202903079399363e-05
1.086811228268036444e-05
9.797725033400261907e-06
8.788232635170700746e-06
7.869189877496296504e-06
7.051072201225139224e-06
6.350717724590282387e-06
6.040365600146202496e-06
7.249053359692503307e-06
1.020834188397712339e-05
1.228197542874065462e-05
1.186774437683668637e-05
9.935206663425066864e-06
7.432654380967740337e-06
5.973335203357521550e-06
6.353743672637968132e-06
7.050053544732648447e-06
7.869521178038851872e-06
8.789804246900345674e-06
9.795666093936894470e-06
1.086355945212336138e-05
1.198949627989609468e-05
1.315646399402403688e-05
1.433601014988461486e-05
1.551771633900855818e-05
1.667568686058995553e-05
1.779711765426128522e-05
1.885809621060552388e-05
1.984791234865834753e-05
2.074275273822312471e-05
2.153388491976659935e-05
2.220730027213679847e-05
2.275505282423040398e-05
2.315787162854299197e-05
2.342500205010367154e-05
2.354061775644566978e-05
2.350254619387648347e-05
2.331021335022498420e-05
2.297617345770053277e-05
2.250740227660585902e-05
2.190126848811146942e-05
2.116670747576154810e-05
2.032151482345145865e-05
1.937758067027672837e-05
1.835277910733346118e-05
1.727224133840632447e-05
1.612270944750804347e-05
1.495213219948610117e-05
1.377262884894037143e-05
1.259248856810835093e-05
1.144625682814037759e-05
1.035372500357567560e-05
9.310446905441693843e-06
8.346170879858227920e-06
7.475751805818831031e-06
6.719997203252781048e-06
6.075554257023441096e-06
5.636201458991685342e-06
5.209931045246918302e-06
4.614603001329431464e-06
0.000000000000000000e+00
