0.000000000000000000e+00
5.983617747951086585e-07
1.050962127768784171e-06
1.395692196926034967e-06
1.658387202452260567e-06
1.865530881439703137e-06
2.031123563783765462e-06
2.162062129884567696e-06
2.271872992842816075e-06
2.360734104867034944e-06
2.434732333189693065e-06
2.495497820387271304e-06
2.549648044691821269e-06
2.593724770072469710e-06
2.633418020758782063e-06
2.666947316321000017e-06
2.695282305564816738e-06
2.720846303372326247e-06
2.743811076788560399e-06
2.763146947581951451e-06
2.781476517665915082e-06
2.796771839785883174e-06
2.810955838983275612e-06
2.823068586232935218e-06
2.833452447337236890e-06
2.843399025564963267e-06
2.853286762527496023e-06
2.860990457875800530e-06
2.867469732326100029e-06
2.874157972621027568e-06
2.880551507322692828e-06
2.885379595141124298e-06
2.890180312076218172e-06
2.893907981693644160e-06
2.897683643809934040e-06
2.900726929544461541e-06
2.902693726491989423e-06
2.905529483454571960e-06
2.907329181955908837e-06
2.908748658381199448e-06
2.909799369010812597e-06
2.910223247165610871e-06
2.910825161794861060e-06
2.910174821013633562e-06
2.910439191650127100e-06
2.909448065580022558e-06
2.907726541878652426e-06
2.907173987543032467e-06
2.905337271430497026e-06
2.903104008633583533e-06
2.899542586476400174e-06
2.897369407506289463e-06
2.893548010751700872e-06
2.889771518521655480e-06
2.885190766743761515e-06
2.879368138142268663e-06
2.874246869177810026e-06
2.867773697734499194e-06
2.860265317705668053e-06
2.852478077408626689e-06
2.843480855996283196e-06
2.833442166227939651e-06
2.822232078147912659e-06
2.808961006017796080e-06
2.795655492437987277e-06
2.779890223458814091e-06
2.762141614653934596e-06
2.742096663510551480e-06
2.719375804538515240e-06
2.693515585239225629e-06
2.663060374441528211e-06
2.629959990674279879e-06
2.589712531864130085e-06
2.544971510753946120e-06
2.489994098464620720e-06
2.427830838813704872e-06
2.352948074713090421e-06
2.262472984404517717e-06
2.152452560189033193e-06
2.017446616875417931e-06
1.848991818653722419e-06
1.635293774393531407e-06
1.366755793430485255e-06
1.014545001343236663e-06
5.473066768679757388e-07
7.186021888649918310e-08
9.044458546547673450e-07
2.025530829175004044e-06
3.506470938718919683e-06
5.334901717946038957e-06
7.355241773643328429e-06
9.026665968359104397e-06
9.652226825029863733e-06
8.901831175633923010e-06
7.167078335923449117e-06
5.162406337966274350e-06
3.353757467405849013e-06
1.895082315295226749e-06
8.136268980774019610e-07
2.220446049250313081e-16
