0.000000000000000000e+00
3.322742925249144719e-08
3.661888436923277368e-08
4.012104692918683213e-08
4.360454497476240476e-08
4.702811817747232226e-08
5.030163963137823657e-08
5.338354636119646557e-08
5.629473232016124484e-08
5.899254318375568573e-08
6.146157427444620680e-08
6.374288707977626700e-08
6.584697931355520950e-08
6.776056282742359826e-08
6.949279118817486278e-08
7.105971988607961976e-08
7.248337863252629631e-08
7.378613453568050318e-08
7.493179354778334300e-08
7.596943496501751270e-08
7.688820902185256045e-08
7.773316035297739290e-08
7.848422889367157040e-08
7.915019539783685332e-08
7.972754234586432176e-08
8.023714015426008928e-08
8.069460444293241608e-08
8.108456583943990381e-08
8.138724250095208390e-08
8.165243703395219654e-08
8.188379507778620336e-08
8.206218093942396763e-08
8.216954627826567048e-08
8.225074865642056920e-08
8.228536330090463480e-08
8.224696035341594325e-08
8.218897562528582057e-08
8.208358726058406774e-08
8.191679479185864921e-08
8.169034104721362155e-08
8.143168572782855108e-08
8.111935667631797742e-08
8.075310897748266825e-08
8.029820108834684333e-08
7.978877469838607794e-08
7.922361244805387059e-08
7.856635453329374741e-08
7.783405109318408677e-08
7.701979298779804139e-08
7.609865038116225833e-08
7.508180888127213848e-08
7.394698220419826384e-08
7.265662294031471902e-08
7.125113810069194642e-08
6.971014399059782818e-08
6.799614504782169888e-08
6.609908209664894230e-08
6.404310448626659991e-08
6.179579659093548116e-08
5.931819424542794650e-08
5.666847535668040337e-08
5.376908507326305653e-08
5.070055497657932619e-08
4.746222004303746189e-08
4.404992626216852614e-08
4.058138836082747503e-08
3.707894802307265536e-08
3.365548051359468218e-08
3.888374544569472846e-08
2.776890706268630993e-08
2.573109514347748927e-08
2.464126791501541902e-08
2.484651673295701357e-08
2.674110710643162747e-08
3.065843334759676964e-08
3.678661009143269212e-08
4.529371167016904565e-08
5.613479048260927584e-08
6.880782921214745329e-08
8.255508043841786048e-08
9.620123675446734524e-08
1.083765406306724799e-07
1.176016936055290785e-07
1.227468824360755661e-07
1.230446764477477473e-07
1.184447669944077575e-07
1.096898359920217558e-07
9.774576903431864139e-08
8.417829611140348334e-08
7.037343763283132603e-08
5.752035081574291553e-08
4.642211426375553174e-08
3.760380951067787691e-08
3.121371372483139339e-08
2.703625934241671303e-08
2.493763406885562972e-08
2.454119529815557144e-08
2.549917688110525660e-08
2.744586113934133209e-08
3.616288583689619696e-16
