0.000000000000000000e+00
2.847228897095988032e-09
3.323514574660180187e-09
3.814845772609487540e-09
4.302413647572222999e-09
4.781080420457328728e-09
5.242136280614317911e-09
5.673177705389775838e-09
6.081283476788712505e-09
6.460347368175689553e-09
6.809527608453436187e-09
7.127804013684624351e-09
7.420086989284868650e-09
7.688336300937237411e-09
7.930265333300212660e-09
8.150690788966130640e-09
8.350309776972153486e-09
8.530776862691880069e-09
8.694545416965127060e-09
8.838224041518571994e-09
8.968129461273122160e-09
9.086000174463038093e-09
9.191326921786924231e-09
9.282976831670453066e-09
9.364565789482526270e-09
9.436521564154531916e-09
9.500389586136748221e-09
9.555911950620554762e-09
9.597683092721354114e-09
9.636600073470447114e-09
9.669401057621485052e-09
9.692695757124170086e-09
9.709535397917079536e-09
9.719551385956037848e-09
9.723425953289677182e-09
9.721139004881251822e-09
9.710463544365666166e-09
9.694938851723122752e-09
9.672212586409045798e-09
9.639471776345942544e-09
9.603529305124425264e-09
9.561104463706726619e-09
9.509004028629419736e-09
9.443962833977082028e-09
9.375890175356005329e-09
9.295372693784997864e-09
9.203501627474963698e-09
9.099582198857092408e-09
8.982790067335599815e-09
8.855934874318904804e-09
8.713812227334472027e-09
8.551974906012560496e-09
8.375118265568914921e-09
8.178081323251262802e-09
7.958902425997393948e-09
7.719920924742496027e-09
7.454650230442894099e-09
7.166085502774421911e-09
6.848053679675558669e-09
6.505831207093137891e-09
6.130017715655355914e-09
5.725682927781861054e-09
5.295430205443096838e-09
4.837791167666694037e-09
4.363010619456986205e-09
3.876880594333442787e-09
3.385511426756693254e-09
2.904802731684696937e-09
3.029116180108815115e-09
2.080678185301110261e-09
1.794447368475005078e-09
1.642202263063552437e-09
1.673327587603523625e-09
1.935826832166753775e-09
2.480937344451206172e-09
3.338911702677194171e-09
4.536612974170850521e-09
6.053493706303925137e-09
7.836007953621049182e-09
9.759096752937068686e-09
1.167443575145199475e-08
1.338093735814283036e-08
1.467435617463763720e-08
1.539816751883194001e-08
1.543622407673694852e-08
1.479275635318799687e-08
1.356658030360335943e-08
1.189237841536794349e-08
9.991521165986227970e-09
8.057938871708358874e-09
6.251762885156608718e-09
4.697587874247233231e-09
3.459323272281267236e-09
2.566292400807412832e-09
1.984267750110291217e-09
1.687753159451688134e-09
1.631501711507610253e-09
1.765256829600048150e-09
2.035206336792327875e-09
5.698634381219591649e-16
