0.000000000000000000e+00
1.003918281838878102e-09
1.171852392900518680e-09
1.345092037752237957e-09
1.517004077911110471e-09
1.685783845850608031e-09
1.848348141209044115e-09
2.000331789098197532e-09
2.144226352029932059e-09
2.277879662671011829e-09
2.400998289076028414e-09
2.513223629208027887e-09
2.616275751599062005e-09
2.710863422628051467e-09
2.796165854412890894e-09
2.873886129073355278e-09
2.944270049987096627e-09
3.007903814911117024e-09
3.065645737265754178e-09
3.116303326500258208e-09
3.162110018273267542e-09
3.203669440843270877e-09
3.240806067950074976e-09
3.273122772817771420e-09
3.301888873430414151e-09
3.327261577368290091e-09
3.349780008932157216e-09
3.369359791172144014e-09
3.384086122437679478e-09
3.397805592442182387e-09
3.409374449425683906e-09
3.417586214027323877e-09
3.423523908807624139e-09
3.427053196780605049e-09
3.428419992346221079e-09
3.427615524742577691e-09
3.423848649042326997e-09
3.418377692021579151e-09
3.410362325872995370e-09
3.398820114242084856e-09
3.386147806594408394e-09
3.371185997025349934e-09
3.352820909796605520e-09
3.329887365843831049e-09
3.305882900761503151e-09
3.277489390995924623e-09
3.245098967319393068e-09
3.208453835945590527e-09
3.167275330895336083e-09
3.122549885326009189e-09
3.072435195150546861e-09
3.015376726089868953e-09
2.953016720042000998e-09
2.883543959164569515e-09
2.806261001353504980e-09
2.721998182408924549e-09
2.628464224052606824e-09
2.526717834960834352e-09
2.414582755960736904e-09
2.293913836659555727e-09
2.161407719469821131e-09
2.018838651807186579e-09
1.867138443856219965e-09
1.705778074345687401e-09
1.538374316822910259e-09
1.366966095872612641e-09
1.193710352787036300e-09
1.024219487000266327e-09
1.052040565774348124e-09
7.336333762708591166e-10
6.327102175518461991e-10
5.790323776011518930e-10
5.900034905081952274e-10
6.825615628258674406e-10
8.747631508043696158e-10
1.177278274866466745e-09
1.599581356259704989e-09
2.134422749655584539e-09
2.762927331367848183e-09
3.440995044456940377e-09
4.116332386061571924e-09
4.718036850093199064e-09
5.174088602011295279e-09
5.429297900150231726e-09
5.442719830384135093e-09
5.215833098759503628e-09
4.783491380777604718e-09
4.193180691558495710e-09
3.522946601108856157e-09
2.841177848544873541e-09
2.204332494315508484e-09
1.656340287148339030e-09
1.219736089907996757e-09
9.048575222436738841e-10
6.996383472568368234e-10
5.950917536523547824e-10
5.752576193174263608e-10
6.224214477157374859e-10
7.176016447729693937e-10
3.308476810657406952e-16
