0.000000000000000000e+00
9.625073350560953145e-07
1.677688974854874004e-06
2.222332823542672031e-06
2.642613136205618218e-06
2.975599063592682114e-06
3.238513061720738051e-06
3.445299661009038061e-06
3.620097714152059609e-06
3.763952793778280181e-06
3.882141003885841712e-06
3.979549402122195545e-06
4.064109966228635074e-06
4.137613332177991765e-06
4.197764856161967373e-06
4.253034661672039363e-06
4.299651931938264227e-06
4.339077931958534862e-06
4.374956751651559728e-06
4.407930986549679631e-06
4.435955326953511246e-06
4.460854858723273253e-06
4.483037283509183624e-06
4.502843086173768938e-06
4.519152214110810917e-06
4.536423616974261108e-06
4.549445033696919438e-06
4.563392452694436940e-06
4.574817790814478258e-06
4.585046589622443491e-06
4.591687919996978451e-06
4.601006962645648457e-06
4.609565213864463828e-06
4.615950565001192274e-06
4.621548396754882049e-06
4.625268754110400948e-06
4.628137506346163832e-06
4.632782504732091411e-06
4.637313390953856640e-06
4.638289063052525307e-06
4.639968442687880668e-06
4.642360077355967007e-06
4.641608005617747779e-06
4.642868898674379352e-06
4.642279405553395577e-06
4.641122592130564328e-06
4.639389270866267623e-06
4.637065579959909201e-06
4.633771535811348485e-06
4.630204932687398411e-06
4.625975265404314030e-06
4.619737917210819944e-06
4.615375812977440262e-06
4.607758863461874910e-06
4.600269192134298635e-06
4.593359120508289095e-06
4.584118605821529968e-06
4.573780524874671016e-06
4.562234635074879918e-06
4.549352269456186093e-06
4.532380048272166562e-06
4.517542755322345727e-06
4.501046636851135929e-06
4.479582838334827954e-06
4.458600882384367026e-06
4.432132055587345576e-06
4.405074937041675298e-06
4.373060312867771415e-06
4.335187609894042282e-06
4.294071901611573594e-06
4.248240916160384018e-06
4.193959216913789589e-06
4.131211640001630769e-06
4.058216017455151814e-06
3.972700558740882570e-06
3.870011802020734137e-06
3.749359969607013454e-06
3.605071875800724968e-06
3.431492174410522011e-06
3.215887438234865670e-06
2.947291944388474860e-06
2.608798284398083922e-06
2.171721525834335864e-06
1.620617006259372772e-06
8.790694220328632014e-07
1.072406335955733425e-07
1.443466410289140356e-06
3.230234002171705754e-06
5.582116305191675565e-06
8.509859112715290053e-06
1.170654493554135200e-05
1.437723059183326768e-05
1.537009740071315633e-05
1.417048280727417620e-05
1.140764759899326464e-05
8.210994906887592037e-06
5.330928168012505353e-06
3.035890305036481607e-06
1.297181068782293778e-06
6.661338147750939243e-16
