0.000000000000000000e+00
1.424331652621901867e-09
2.633350204561679675e-09
3.604615050889492522e-09
4.366193517846284067e-09
4.953202736857065247e-09
5.407704173343574894e-09
5.758868937277838995e-09
6.030924537547832642e-09
6.242728556316023969e-09
6.408528041568217759e-09
6.539916941328272060e-09
6.643163685815522967e-09
6.725472512236763123e-09
6.790460638228523749e-09
6.843066890915849854e-09
6.884265713047454938e-09
6.919036343866480365e-09
6.945495290011649558e-09
6.967193932894133468e-09
6.983983946717842173e-09
7.000049984107192813e-09
7.010816482910797731e-09
7.019490433357589154e-09
7.027035842099849106e-09
7.031906723575787055e-09
7.036695226503297818e-09
7.041005001262590213e-09
7.043727601185878484e-09
7.046244920871913564e-09
7.047734063014843287e-09
7.048888694960453449e-09
7.050548478382268058e-09
7.050598327396073728e-09
7.051022654636085463e-09
7.050917849582560848e-09
7.051664585588923728e-09
7.051934813873117491e-09
7.052206374424940805e-09
7.051894956866533448e-09
7.050944161868244464e-09
7.051125128221258365e-09
7.052508466109941310e-09
7.051364159238460161e-09
7.051204398145216601e-09
7.050926620344455387e-09
7.051626615961481548e-09
7.052071704372053773e-09
7.051613959419000821e-09
7.051678019287521693e-09
7.051249695244621307e-09
7.051571548899460140e-09
7.051206507568963389e-09
7.050708905609326393e-09
7.048169714529706198e-09
7.048326811087690658e-09
7.046819350264854620e-09
7.044105965192670737e-09
7.040833138738378238e-09
7.036272120508613170e-09
7.031548010516530667e-09
7.025985238051646320e-09
7.018629899491202195e-09
7.010109825955623819e-09
6.998340795760782385e-09
6.983023603801541412e-09
6.965456322838292635e-09
6.942964092537806664e-09
6.916846317928104781e-09
6.882178493761159643e-09
6.839166122318829366e-09
6.785881190296549903e-09
6.719378942143805489e-09
6.635512250774411314e-09
6.530388563241729116e-09
6.396787322060504266e-09
6.227060533881001447e-09
6.010083541951871666e-09
5.731129459896067146e-09
5.371677436194488564e-09
4.907246720087243830e-09
4.304354539463872698e-09
3.528371927963291910e-09
2.534110477014905882e-09
1.303209207215161314e-09
1.368011259827994763e-10
1.596165755124445695e-09
2.521101327701558148e-09
1.728539311685040047e-09
2.699921508586555774e-09
1.208327049528890029e-08
2.351765060470967228e-08
2.866539283719049536e-08
2.254675091073465865e-08
1.099219903988313263e-08
2.057999215487882338e-09
1.941544036654363481e-09
2.499895956908915196e-09
1.473834942977703122e-09
3.552713678800500929e-15
