0.000000000000000000e+00
5.503552222840824015e-07
6.176387872258715106e-07
6.330588597780462123e-07
6.378759599412475723e-07
6.396652095785881897e-07
6.403899844853455647e-07
6.406857999685655614e-07
6.407981425482489612e-07
6.408264848767331046e-07
6.408124033630002714e-07
6.407842562117238572e-07
6.407462002089303610e-07
6.407065679114865020e-07
6.406668066061271816e-07
6.406277049952890934e-07
6.405942868381586663e-07
6.405631848283022123e-07
6.405334457282307881e-07
6.405082899618719239e-07
6.404830442674480651e-07
6.404607167942444335e-07
6.404391886816185320e-07
6.404216189581646290e-07
6.404044529118024798e-07
6.403884155181671645e-07
6.403742379701427012e-07
6.403614438710292234e-07
6.403499399620926624e-07
6.403397315724035366e-07
6.403296863854990306e-07
6.403214610761764902e-07
6.403138570476585301e-07
6.403065647697658846e-07
6.402997961840739549e-07
6.402935454064007104e-07
6.402889656254018291e-07
6.402833924168405133e-07
6.402779806347069780e-07
6.402750855061256630e-07
6.402721139942002537e-07
6.402680542416661069e-07
6.402662370286194005e-07
6.402628297541568259e-07
6.402611155698068046e-07
6.402612097167192928e-07
6.402599251886798015e-07
6.402580688957826283e-07
6.402592204191037695e-07
6.402582916065213681e-07
6.402579512121420180e-07
6.402598479171572876e-07
6.402596950394467967e-07
6.402623095036474865e-07
6.402640929659142444e-07
6.402648627945595194e-07
6.402683657702468167e-07
6.402705993169277576e-07
6.402750715173155527e-07
6.402785003301048050e-07
6.402817404049798711e-07
6.402866734589451880e-07
6.402930036175646933e-07
6.402989379816759197e-07
6.403061281190502996e-07
6.403132860599569653e-07
6.403201496807398030e-07
6.403298719037664455e-07
6.403382594166728836e-07
6.403493119089276320e-07
6.403596787274423718e-07
6.403728198822733475e-07
6.403861800841070817e-07
6.404014389893575299e-07
6.404189987208042112e-07
6.404362802303609215e-07
6.404567002293859446e-07
6.404802762594030696e-07
6.405045985813373477e-07
6.405303278889107332e-07
6.405584207502812433e-07
6.405881340931784962e-07
6.406237665901315381e-07
6.406611772202808197e-07
6.406990459284500616e-07
6.407407916464435971e-07
6.407791049989342014e-07
6.408105305277800312e-07
6.408255910361759788e-07
6.408068043972647843e-07
6.407130683783179848e-07
6.404533980930438020e-07
6.398207539337619210e-07
6.382640121982419146e-07
6.341444944713003906e-07
6.213765749718547227e-07
5.688762569899807886e-07
2.148916214972373950e-07
2.325899051247581895e-06
7.891491382886958728e-10
