0.000000000000000000e+00
2.215122723026041740e-07
2.485786633199538187e-07
2.547817297138266213e-07
2.567195140912303941e-07
2.574392761189869816e-07
2.577308336748629358e-07
2.578498300431775192e-07
2.578950230036625157e-07
2.579064241059469964e-07
2.579007608582983835e-07
2.578894375826479290e-07
2.578741286063390703e-07
2.578581844714378235e-07
2.578421912646788883e-07
2.578264618469106040e-07
2.578130184893723253e-07
2.578005077191747318e-07
2.577885452881290007e-07
2.577784271595717769e-07
2.577682718385432281e-07
2.577592863595157269e-07
2.577506301726373295e-07
2.577435600503719115e-07
2.577366545741810455e-07
2.577302030681849487e-07
2.577245030721542207e-07
2.577193548569667314e-07
2.577147292237569332e-07
2.577106174017629314e-07
2.577065777442655303e-07
2.577032677253399129e-07
2.577002101711300952e-07
2.576972756296314060e-07
2.576945524745966054e-07
2.576920404839810885e-07
2.576901999562508649e-07
2.576879566396073074e-07
2.576857794922560174e-07
2.576846144242139758e-07
2.576834188250387569e-07
2.576817853539026260e-07
2.576810557153308423e-07
2.576796875874975967e-07
2.576789940311741134e-07
2.576790344432922097e-07
2.576785165242512221e-07
2.576777674567765075e-07
2.576782316410231033e-07
2.576778611595997859e-07
2.576777200502533560e-07
2.576784849939173228e-07
2.576784259300524127e-07
2.576794736475207515e-07
2.576801928499961036e-07
2.576805038234653011e-07
2.576819119193274332e-07
2.576828118661111944e-07
2.576846068746974083e-07
2.576859893244076716e-07
2.576872899506810199e-07
2.576892773609174014e-07
2.576918222141344472e-07
2.576942118581726504e-07
2.576970995482597004e-07
2.576999812431424175e-07
2.577027441441614997e-07
2.577066545716988344e-07
2.577100296496936949e-07
2.577144734283720595e-07
2.577186434260525516e-07
2.577239309742296314e-07
2.577293037875350024e-07
2.577354395461028957e-07
2.577425073368999620e-07
2.577494557787218810e-07
2.577576736495501564e-07
2.577671559533811774e-07
2.577769444567223900e-07
2.577872909581557792e-07
2.577985891427658771e-07
2.578105449124734605e-07
2.578248797791005131e-07
2.578399266317532579e-07
2.578551568932496707e-07
2.578719510148985705e-07
2.578873660175062810e-07
2.579000063507308482e-07
2.579060658369769499e-07
2.578985093260044437e-07
2.578608008230176551e-07
2.577563468220134268e-07
2.575018492878555776e-07
2.568756144460948576e-07
2.552184487081277098e-07
2.500822716688944070e-07
2.289627999418897275e-07
8.656223005054641817e-08
9.355593750814961140e-07
2.034497910852889335e-10
