0.000000000000000000e+00
1.485101486231599210e-09
2.057908510266770463e-09
2.093087259069648098e-09
1.652754488823404699e-09
9.810621204309200039e-10
1.504940616570138445e-10
8.242533322544431940e-10
1.798904358807362769e-09
2.802421184000536414e-09
3.746515986335907655e-09
4.621763194379013839e-09
5.459211638303429481e-09
6.212266590033266311e-09
6.877573288655014494e-09
7.497061638161994779e-09
8.032610354646863016e-09
8.571736542783980894e-09
8.961241970695255077e-09
9.367220887845917332e-09
9.664039235524057858e-09
9.930748445796666601e-09
1.019701045823495633e-08
1.042842345810868210e-08
1.058024867717222151e-08
1.074618483087874665e-08
1.095119972482905268e-08
1.101463398267554794e-08
1.108664371418655037e-08
1.114501180232707611e-08
1.124631099358452957e-08
1.127799131861451087e-08
1.134814164860387109e-08
1.132082605437290113e-08
1.131182525426766006e-08
1.132491345146036110e-08
1.128932236582613768e-08
1.130615612243701662e-08
1.123526072177583046e-08
1.116827497149586179e-08
1.109750336070192134e-08
1.103814895042631861e-08
1.096801272026937113e-08
1.084530287798202153e-08
1.065042831704943183e-08
1.045841990787721443e-08
1.024989737530290768e-08
9.976188097837734858e-09
9.656236255040084870e-09
9.434046210898827667e-09
9.072925633013539937e-09
8.659185368742328137e-09
8.155077391158727096e-09
7.601771323528794255e-09
6.913917438566841156e-09
6.259679219411395934e-09
5.548430381807634149e-09
4.742282566638778007e-09
3.854509378342640957e-09
2.930853004734501610e-09
1.941475979982953959e-09
9.855369853539741598e-10
2.848354885287562865e-11
8.755636216051243537e-10
1.562016627154605430e-09
2.090128070619812206e-09
2.075469685003383802e-09
1.592458831467524760e-09
2.152787947906631416e-10
2.197935611292223257e-09
6.070810520952818479e-09
1.188208731406348306e-08
2.006873101034756246e-08
3.082537136656071652e-08
4.483986226766489835e-08
6.235531402332128437e-08
8.320506628134438643e-08
1.072141481150978848e-07
1.332883935445394741e-07
1.601762604774847887e-07
1.859834278805649888e-07
2.084171812910540211e-07
2.251153494725599558e-07
2.344171944335116109e-07
2.349402608015083160e-07
2.267340242223525593e-07
2.110425587620312626e-07
1.889200139659763522e-07
1.633943643719604211e-07
1.367255832995795117e-07
1.102288160748088330e-07
8.591224676113284886e-08
6.467569702017783584e-08
4.682978738124177198e-08
3.238045365172581569e-08
2.117060149409155656e-08
1.276160999097442073e-08
6.752164272150196211e-09
2.596955539502232568e-09
0.000000000000000000e+00
