0.000000000000000000e+00
2.031659096513038776e-08
2.856175262966331729e-08
3.707492346460838917e-08
4.552058674445191855e-08
5.379622136647554953e-08
6.177911160420990200e-08
6.926797324613431783e-08
7.636285659362584965e-08
8.287820330021844484e-08
8.888412905694309529e-08
9.445517290540550448e-08
9.954247492949264142e-08
1.041728009409936817e-07
1.084036331810978027e-07
1.122196251479579132e-07
1.156539078950302724e-07
1.188129296059159401e-07
1.215998121084638228e-07
1.241243531291402746e-07
1.263479164625991302e-07
1.284023042336102094e-07
1.302280115966780727e-07
1.318446183340427069e-07
1.332327012049105974e-07
1.344797982971712713e-07
1.355839683858661715e-07
1.365476949288790820e-07
1.372701334823034358e-07
1.379148303337629500e-07
1.385140694365460945e-07
1.389127368689457853e-07
1.391790375171453320e-07
1.393541790850605366e-07
1.394510938945714429e-07
1.394062679738183874e-07
1.392349785467317247e-07
1.389413776253789479e-07
1.385521344321460901e-07
1.380059548861112262e-07
1.373824379813370911e-07
1.366369343225315447e-07
1.357281153024914033e-07
1.346014959491270702e-07
1.333894444899286214e-07
1.320269805704654686e-07
1.304055200490594757e-07
1.286288630053533666e-07
1.266446590930669913e-07
1.243968125175243244e-07
1.219200856938940092e-07
1.191850839132868600e-07
1.160710761949346193e-07
1.126554556307723942e-07
1.088876838695185256e-07
1.047142064170003550e-07
1.001110260245852146e-07
9.508162657212437807e-08
8.960868180807324279e-08
8.364563386376033804e-08
7.716000272051104503e-08
7.022139958401396598e-08
6.271403918400864086e-08
5.479393627716433457e-08
4.653464236170634649e-08
3.809963877721145309e-08
2.959806322255786881e-08
2.128473497453597929e-08
4.633792513586421080e-08
6.981557332252918968e-09
2.029651779977825754e-09
6.236922089897234400e-10
8.051970201705671570e-11
4.515470997112913665e-09
1.393129178683949476e-08
2.881647542807286300e-08
4.950163545736074866e-08
7.582159256003251357e-08
1.066448301889622030e-07
1.400509834770247153e-07
1.732542288523930551e-07
2.028205049464659737e-07
2.252025798066270568e-07
2.377870896852485316e-07
2.384858495130259826e-07
2.273245391926081993e-07
2.060263263325978755e-07
1.770548870849708578e-07
1.440817906095404055e-07
1.106448870302756404e-07
7.928711853733005910e-08
5.237045996864253539e-08
3.097676193331011518e-08
1.536286176051504526e-08
5.404417358079172118e-09
1.821492956466386204e-10
7.787663847125259053e-10
1.565534701875037626e-09
6.265356566892421597e-09
0.000000000000000000e+00
