0.000000000000000000e+00
6.188229334513906110e-07
7.668765301671598422e-07
8.334632821682674830e-07
8.685589808488103358e-07
8.892926877113183082e-07
9.024812572810958500e-07
9.114464231130270377e-07
9.177702186002889562e-07
9.224506120064646097e-07
9.259928728244659624e-07
9.287303218696862928e-07
9.309117882105866215e-07
9.326977524759527682e-07
9.341408088170410906e-07
9.353676059253857034e-07
9.363647196503066539e-07
9.372466679424817926e-07
9.379674240639346294e-07
9.386162332924996576e-07
9.391562154625887615e-07
9.396551777784978299e-07
9.400786934454785637e-07
9.404523149125765258e-07
9.407781879078314091e-07
9.410771447670995826e-07
9.413410092529161943e-07
9.415763674303079256e-07
9.417851689619283206e-07
9.419774504859645958e-07
9.421470614778826302e-07
9.423007106823533263e-07
9.424332610974417435e-07
9.425605985713403356e-07
9.426725769978716585e-07
9.427726666011437828e-07
9.428678184875138868e-07
9.429477455524803986e-07
9.430282728040140228e-07
9.430816958477805656e-07
9.431476114540870981e-07
9.431921651481545155e-07
9.432453337288038142e-07
9.432783617535633880e-07
9.433033528738477003e-07
9.433297406546969910e-07
9.433497968336368444e-07
9.433621080967569128e-07
9.433682300885593008e-07
9.433707729433749023e-07
9.433627584654047382e-07
9.433477629050557312e-07
9.433338766795529295e-07
9.433135724767893748e-07
9.432773725448484470e-07
9.432414395105226390e-07
9.432043063251072113e-07
9.431556305949939656e-07
9.430895780981884968e-07
9.430286410649912909e-07
9.429541005800956555e-07
9.428743718009613417e-07
9.427890268476346591e-07
9.426906489862219019e-07
9.425767738546753094e-07
9.424531675072955750e-07
9.423211190240365909e-07
9.421711811841149142e-07
9.420010284033608627e-07
9.418150380691159285e-07
9.416106363513421229e-07
9.413780052147657784e-07
9.411172265938461123e-07
9.408259070697866377e-07
9.404954445235702565e-07
9.401252019092254386e-07
9.397072749939283653e-07
9.392480907477462893e-07
9.386910096997880260e-07
9.380607478570723856e-07
9.373571125959045958e-07
9.365170989816817837e-07
9.355301466840160174e-07
9.343517068938211878e-07
9.329466797991514682e-07
9.312207204237310521e-07
9.291094149599388174e-07
9.264485690829715736e-07
9.230423084760630559e-07
9.185706847381069906e-07
9.125093801687356176e-07
9.040342566768444499e-07
8.915621484417712850e-07
8.723852987779778800e-07
8.401665192447893560e-07
7.800989197948027254e-07
6.501132056024871986e-07
2.182389372551440943e-07
2.360977017312748671e-05
1.110223024625156540e-16
