0.000000000000000000e+00
7.064385250110660763e-07
8.753616316248269413e-07
9.513305205821609434e-07
9.913708194364545534e-07
1.015025604567121320e-06
1.030072251717584209e-06
1.040300481314204717e-06
1.047515214014360652e-06
1.052855001848485017e-06
1.056896316686817272e-06
1.060019436449621821e-06
1.062508241056470126e-06
1.064545820161910683e-06
1.066192185428249672e-06
1.067591820058666485e-06
1.068729412523339306e-06
1.069735616310296678e-06
1.070557918869674552e-06
1.071298133537013086e-06
1.071914193850886932e-06
1.072483451047823166e-06
1.072966633763883237e-06
1.073392892791957820e-06
1.073764676950972330e-06
1.074105757448151621e-06
1.074406793755144918e-06
1.074675314183259900e-06
1.074913532184140763e-06
1.075132907923936898e-06
1.075326408361831909e-06
1.075501703251546814e-06
1.075652928061998637e-06
1.075798208072242801e-06
1.075925966320667726e-06
1.076040151426482794e-06
1.076148709255875247e-06
1.076239896979913624e-06
1.076331768046223658e-06
1.076392724508323795e-06
1.076467921690138496e-06
1.076518751474964120e-06
1.076579411618538984e-06
1.076617096140708441e-06
1.076645608222293049e-06
1.076675710809382736e-06
1.076698594060232494e-06
1.076712642600341496e-06
1.076719617576493704e-06
1.076722524362416777e-06
1.076713382008875897e-06
1.076696275914557077e-06
1.076680432920973374e-06
1.076657269116765292e-06
1.076615967265937002e-06
1.076574972280752718e-06
1.076532604393776182e-06
1.076477068928660685e-06
1.076401716315622537e-06
1.076332192706530577e-06
1.076247148512621266e-06
1.076156188828392146e-06
1.076058823268333242e-06
1.075946585160636459e-06
1.075816667528428638e-06
1.075675638562145764e-06
1.075524992066867469e-06
1.075353927126876386e-06
1.075159800967284696e-06
1.074947606038989534e-06
1.074714410131960562e-06
1.074449000659782882e-06
1.074151483093643833e-06
1.073819124508545997e-06
1.073442101984234398e-06
1.073019697983568221e-06
1.072542896274342183e-06
1.072019008674374163e-06
1.071383447959206592e-06
1.070664386260133938e-06
1.069861619962253485e-06
1.068903263901077594e-06
1.067777262608871069e-06
1.066432792073968017e-06
1.064829822872148668e-06
1.062860702560897153e-06
1.060451938483808476e-06
1.057416219696349913e-06
1.053530060191043560e-06
1.048428452277150313e-06
1.041513199573351756e-06
1.031844057086672706e-06
1.017614817411249817e-06
9.957362316903584087e-07
9.589782422603221335e-07
8.904474880777613066e-07
7.421469587765017195e-07
2.491125314918463118e-07
2.689491334562088554e-05
2.220446049250313081e-16
