0.000000000000000000e+00
3.484436184031380890e-09
4.826427701942748172e-09
4.885925442010830011e-09
4.035682787950634065e-09
2.271628107841650035e-09
1.535330751423202855e-10
1.988802789121280057e-09
4.428366340292200221e-09
6.812941544254158543e-09
9.069319739651859891e-09
1.110041791818616730e-08
1.302824392812595988e-08
1.485897738184860373e-08
1.644346037110722136e-08
1.788057812923682377e-08
1.929569182212986789e-08
2.043842661780814751e-08
2.134638721340564871e-08
2.226669826299598753e-08
2.292307432760765096e-08
2.373554608414707445e-08
2.434440937726378706e-08
2.479997052162730142e-08
2.519740771589340511e-08
2.572568624792381797e-08
2.606463378462819946e-08
2.621625361243218322e-08
2.635435469855451629e-08
2.653444053368758659e-08
2.679065136401703739e-08
2.685281152992047282e-08
2.700282220047256487e-08
2.688989508836669984e-08
2.691755396355688390e-08
2.698512702181687928e-08
2.692604617049454419e-08
2.696649636924064453e-08
2.681113164815229766e-08
2.657845421527582630e-08
2.633574303079200263e-08
2.630809115000687370e-08
2.590594994078543323e-08
2.586045677599457804e-08
2.546299715522337692e-08
2.492518802466037187e-08
2.438098400947552591e-08
2.372204410683309561e-08
2.303394552871651513e-08
2.246357244661822961e-08
2.148900990484037266e-08
2.042779834177110843e-08
1.946501138050393820e-08
1.799620297227022547e-08
1.674790650607604903e-08
1.507964941804829095e-08
1.334806454256209918e-08
1.139134875316472062e-08
9.268336542689326052e-09
7.067668672533500285e-09
4.812580556290413369e-09
2.452018699194979945e-09
2.141430366364716065e-10
1.895747892000088086e-09
3.379930668678809980e-09
4.527473174142926382e-09
4.675404396969895515e-09
3.485790212032213731e-09
2.617626115863913583e-10
5.531090474519828604e-09
1.475323274657824868e-08
2.860660719417040809e-08
4.776767492664646397e-08
7.356364284394345532e-08
1.064779587833797336e-07
1.480960190036739732e-07
1.973526687626403486e-07
2.545924792096698752e-07
3.160339274721479796e-07
3.795198595391013896e-07
4.402145942217217112e-07
4.936542844502511684e-07
5.330736403408309343e-07
5.542697102400850895e-07
5.553458062301785958e-07
5.361284545202238405e-07
4.986977960586003178e-07
4.468561429771256144e-07
3.864125638353144154e-07
3.229765971335396557e-07
2.605046635073549055e-07
2.029456950269903359e-07
1.528340126677463218e-07
1.104015051600626407e-07
7.646662714133611871e-08
4.986354795732950151e-08
3.016823901802467844e-08
1.575780284035488421e-08
6.265959306972490594e-09
2.220446049250313081e-16
