0.000000000000000000e+00
2.443369474525169949e-07
9.565615921580672421e-07
2.139280193325099333e-06
3.742665637962439007e-06
5.804241298923429326e-06
8.261661439190604028e-06
1.106272829887178233e-05
1.414071285454898685e-05
1.747139931052021922e-05
2.103424435995204789e-05
2.470429709044985600e-05
2.844557233716571432e-05
3.220333564668553805e-05
3.589851629060003546e-05
3.955752532769363228e-05
4.293308318159549941e-05
4.616416771285880571e-05
4.900132230822862311e-05
5.164743987295938865e-05
5.400017479229024531e-05
5.596330795187842710e-05
5.737805703409648572e-05
5.823117766357022163e-05
5.865561135676156113e-05
5.870664227081157094e-05
5.826144116194420519e-05
5.735533355422095525e-05
5.601236725294445051e-05
5.410453769383316569e-05
5.177481808893436011e-05
4.912187255368127836e-05
4.624269086872523360e-05
4.304776745456262432e-05
3.953191318539772681e-05
3.574826699181965495e-05
3.195696260471780903e-05
2.820047147711335356e-05
2.431396402935437351e-05
2.035197214844686187e-05
1.658276895943888718e-05
1.301013395937911099e-05
9.708893116133765488e-06
6.655475259464971316e-06
3.978645201185848634e-06
1.683002487040674566e-06
2.299380347237089950e-07
1.731738160426488093e-06
2.735516378415958627e-06
3.196383511983036385e-06
3.168786023688419107e-06
2.663815098724597874e-06
1.674732435619219473e-06
2.351235384168148812e-07
1.682274311853859672e-06
3.980193230779249802e-06
6.663472435941564243e-06
9.711930675337931973e-06
1.306773742537625793e-05
1.660323961927279157e-05
2.028044437130116506e-05
2.420400987668269721e-05
2.809540669701515725e-05
3.196919235715078855e-05
3.582424451920029895e-05
3.955106247510720152e-05
4.305330946774432732e-05
4.625831103588495807e-05
4.916229405294014754e-05
5.185815958652639779e-05
5.425129182645704873e-05
5.600999583033061668e-05
5.733182647771339902e-05
5.825939445036620867e-05
5.869715945161502191e-05
5.872673583018350740e-05
5.820951849289102142e-05
5.733860910928090249e-05
5.591495967294246583e-05
5.399613832179905870e-05
5.172102318018456657e-05
4.911485853131836166e-05
4.616165615467515693e-05
4.301086900770911825e-05
3.957983405944442978e-05
3.589663584435687227e-05
3.218000575488932924e-05
2.848251400899837193e-05
2.470147608646389159e-05
2.097726799110688489e-05
1.748037015758541202e-05
1.421032355308771145e-05
1.110593890996103283e-05
8.350810007606845886e-06
5.897186830194911522e-06
3.810618258270892511e-06
2.163008356870221860e-06
9.540147163367151961e-07
2.403943596407387417e-07
0.000000000000000000e+00
