0.000000000000000000e+00
8.690856456716744560e-08
3.404095365588943878e-07
7.613676559214965778e-07
1.331939444071394973e-06
2.065604695067335683e-06
2.940110501614690008e-06
3.936921692759831615e-06
5.032465651089168546e-06
6.218022697623837303e-06
7.486030435766011237e-06
8.792237372046152188e-06
1.012371511965870496e-05
1.146083773828632246e-05
1.277548512534920633e-05
1.407689086130314848e-05
1.527699562053896898e-05
1.642536479362632917e-05
1.743263286724250349e-05
1.837145264182993287e-05
1.920470954341890746e-05
1.989860190665382333e-05
2.039564274536331823e-05
2.069201202836712383e-05
2.083461500812511247e-05
2.084327593454560201e-05
2.067436806840738939e-05
2.034030821684851276e-05
1.984996355908208443e-05
1.915736254387567783e-05
1.831405422536569461e-05
1.735506835132127890e-05
1.631531165169342046e-05
1.516299022874534330e-05
1.389653866623596912e-05
1.253514883847728356e-05
1.117119567406454905e-05
9.820307455332688562e-06
8.423775771482233665e-06
7.001288408359229720e-06
5.647957465271247202e-06
4.365537448203227200e-06
3.181016431819116974e-06
2.086037033777188299e-06
1.126139617557697647e-06
3.030735209463841784e-07
3.824801964036339541e-07
9.204421228536929789e-07
1.280116465052216768e-06
1.445402480149127200e-06
1.435703902541440868e-06
1.254943074568970474e-06
9.005762602320999122e-07
3.844321911916637191e-07
3.026881921774915440e-07
1.126569527554188710e-06
2.088731101856922123e-06
3.182126871337231933e-06
4.386055186600401612e-06
5.655064965859324388e-06
6.975491050109638991e-06
8.384382183868055449e-06
9.782651944068021521e-06
1.117540579798070866e-05
1.256224080792289755e-05
1.390345944307647130e-05
1.516489747477312022e-05
1.632080372226951681e-05
1.736947203745398127e-05
1.834371264675116464e-05
1.920960904888691090e-05
1.984848273228756455e-05
2.033164470516268807e-05
2.067361261226530189e-05
2.083981045641891683e-05
2.085969090703798656e-05
2.068366335961080438e-05
2.038133085358051488e-05
1.988110084161220925e-05
1.920289358958715553e-05
1.839724037544510082e-05
1.747298871723756974e-05
1.642432873238952595e-05
1.530471177213499345e-05
1.408480405840073502e-05
1.277467658544750861e-05
1.145235501875951911e-05
1.013661765236761880e-05
8.790851108497754751e-06
7.465632248626619116e-06
6.221044234422379304e-06
5.057103100614135371e-06
3.952232682014056309e-06
2.971741273061212496e-06
2.098521422522203750e-06
1.355903332722618870e-06
7.696455542882674195e-07
3.395585730370243027e-07
8.561950992636013780e-08
0.000000000000000000e+00
