0.000000000000000000e+00
6.976341726527834908e-11
2.635391904703965338e-10
5.940835601236926777e-10
1.060480148140641177e-09
1.638712054941038332e-09
2.318524927602538810e-09
3.099322132271709052e-09
3.972520978834381822e-09
4.924098795378029081e-09
5.912502043514678007e-09
6.954677056469904528e-09
8.025980546833011431e-09
9.092528951981648788e-09
1.015581063690262908e-08
1.118357173535144966e-08
1.217165435107858684e-08
1.308465202853881237e-08
1.395416038274532866e-08
1.471938226860203258e-08
1.536625715559125638e-08
1.591234100040139765e-08
1.633157398206463995e-08
1.665522297855659417e-08
1.681588834845371139e-08
1.685338080203990785e-08
1.677312178038903312e-08
1.650963044053099793e-08
1.613403699529669666e-08
1.566366292227172607e-08
1.507244662413143033e-08
1.435250551740097080e-08
1.351556244699736453e-08
1.264091342711992638e-08
1.170167229780361140e-08
1.067966248768925652e-08
9.626103802951035959e-09
8.566989118108381263e-09
7.500287058093135784e-09
6.428301113636791797e-09
5.413178127966489228e-09
4.442751833089175761e-09
3.535891801575985482e-09
2.710736302091731886e-09
1.974635122081735972e-09
1.350248579612411959e-09
8.247513783032900392e-10
4.268086994940745171e-10
1.639122171326334865e-10
2.654987341088599351e-11
1.928668336148575690e-11
1.516082814845276516e-10
4.151089472159696925e-10
8.132328144228040401e-10
1.338282262786094634e-09
1.968010199249192738e-09
2.698207657303441920e-09
3.532783843240849819e-09
4.442397005810505561e-09
5.418962500947088756e-09
6.437648969459530690e-09
7.481086861105268326e-09
8.539647766703239995e-09
9.598754679984722316e-09
1.066549826234108878e-08
1.167735874663122786e-08
1.261859783330265827e-08
1.351807721317044297e-08
1.433512009096915563e-08
1.504622737513727770e-08
1.564300300405108146e-08
1.612602518186179168e-08
1.652015635400516658e-08
1.674393423911624268e-08
1.684216310859909527e-08
1.680065730980118133e-08
1.664612359064676639e-08
1.634115209814268610e-08
1.590009068852538121e-08
1.536423688275334598e-08
1.469301080803120385e-08
1.393379833736219098e-08
1.306772656750609940e-08
1.214821898631868180e-08
1.117880632506285110e-08
1.014890904649234926e-08
9.067954942487688186e-09
8.003168572301433414e-09
6.948023600905628427e-09
5.925613000279383868e-09
4.920508001049483937e-09
3.977581819469833135e-09
3.100356860130659697e-09
2.315794445095775700e-09
1.630913404326861382e-09
1.052494313924512426e-09
5.899558619404388082e-10
2.627216222350625685e-10
6.365985516509908848e-11
0.000000000000000000e+00
