0.000000000000000000e+00
4.873712344810599006e-08
1.939472789036500444e-07
4.332553865671329163e-07
7.626853437692204807e-07
1.176696085458672769e-06
1.672911227657003508e-06
2.238465721227100858e-06
2.865847789412789837e-06
3.545125353721090278e-06
4.264339868553790325e-06
5.010528433380123658e-06
5.777264131312520590e-06
6.550225154611233336e-06
7.312182372265496610e-06
8.055257053829478764e-06
8.765547365729986495e-06
9.431436610696231071e-06
1.004123139980439561e-05
1.058968470535326389e-05
1.107830806890142128e-05
1.149145543943852488e-05
1.178433444370963201e-05
1.198984694017468655e-05
1.211111335130965472e-05
1.213793754528680324e-05
1.206649972240736446e-05
1.189776884080728792e-05
1.163898033662569276e-05
1.128915892767423657e-05
1.084874786561051963e-05
1.033546707174259893e-05
9.756558993601061047e-06
9.114637013141191346e-06
8.426672466033124920e-06
7.697401393391700708e-06
6.945623943654943844e-06
6.178582449889447048e-06
5.409819419543993035e-06
4.651452728210436760e-06
3.915989029046329506e-06
3.213549554903494254e-06
2.562577714249059113e-06
1.965687663529891438e-06
1.435671773908353543e-06
9.808925696130899041e-07
6.044518481296279333e-07
3.183809431650530541e-07
1.244990097681863972e-07
2.843143853681340261e-08
3.002981563415829669e-08
1.271290571702721195e-07
3.176643267321921371e-07
6.031656795135731386e-07
9.746111163666526522e-07
1.431640552995716575e-06
1.964704754775503659e-06
2.561322772431928740e-06
3.214944532592411974e-06
3.912885558232659378e-06
4.647279928216008216e-06
5.405205784625444210e-06
6.174697690042307840e-06
6.943087708322082108e-06
7.695664814399982845e-06
8.430204913145722401e-06
9.125142545252096227e-06
9.761574324973487649e-06
1.033622684076807019e-05
1.084291038799811702e-05
1.127943670464759407e-05
1.162653816788594696e-05
1.189727793948769374e-05
1.206115898488846483e-05
1.213873919292396408e-05
1.211636915987579499e-05
1.198948551384138028e-05
1.177024049214825396e-05
1.147025236614140908e-05
1.106885776225308149e-05
1.059144904980158231e-05
1.004534339776874674e-05
9.427562405850409277e-06
8.762660969940938571e-06
8.050658258706988590e-06
7.313528603614116719e-06
6.549266084121541098e-06
5.778492638386367730e-06
5.012433007989258726e-06
4.264398795972290657e-06
3.542759065777723038e-06
2.864727034590508481e-06
2.237588766162978970e-06
1.673860402506832656e-06
1.178581241711995631e-06
7.629030223110788711e-07
4.328411179477242854e-07
1.910756497469634496e-07
4.625136629243797870e-08
0.000000000000000000e+00
