0.000000000000000000e+00
8.091190407566450915e-06
1.059188236363084457e-05
1.257757941930393031e-05
1.413424161622600650e-05
1.533837030187612527e-05
1.627017706928857166e-05
1.699578411407109968e-05
1.756046460377191920e-05
1.800471044455242975e-05
1.835676676098518811e-05
1.863809708102515117e-05
1.886130728845358817e-05
1.904156166743220524e-05
1.918692684810263671e-05
1.930679682737856950e-05
1.940258502708402943e-05
1.948236499604849570e-05
1.954613246724079545e-05
1.959959669250999070e-05
1.964509795049362850e-05
1.968178768929629285e-05
1.971431548930535627e-05
1.973914781172592114e-05
1.976089684041504313e-05
1.977887879589523834e-05
1.979481341840561015e-05
1.980605865270490540e-05
1.981764817571285420e-05
1.982851455051282130e-05
1.983538304595189317e-05
1.984082970318823413e-05
1.984578146840831891e-05
1.984929532961032805e-05
1.985301648876891534e-05
1.985611905630513263e-05
1.985930691161819084e-05
1.986137379406116565e-05
1.986349691840416654e-05
1.986390874475496560e-05
1.986549572230433824e-05
1.986525576203046484e-05
1.986610997484206109e-05
1.986582803059633306e-05
1.986487374994183597e-05
1.986567574085995602e-05
1.986461558356467094e-05
1.986245964724631108e-05
1.986149341226539633e-05
1.985955202521427765e-05
1.985590376696322323e-05
1.985310270347095951e-05
1.984876855687378594e-05
1.984550109435101461e-05
1.984031686064202660e-05
1.983471723154828226e-05
1.982703161051979635e-05
1.981718138421850739e-05
1.980511161059350655e-05
1.979384365524694545e-05
1.977893610316527884e-05
1.975974766199595223e-05
1.973846467751005918e-05
1.971172134496157469e-05
1.967934851854202805e-05
1.964289530342888668e-05
1.959676343699090495e-05
1.954180458552112754e-05
1.947545293501384833e-05
1.939464895694964497e-05
1.929795541633083644e-05
1.917576203891435682e-05
1.902709179857353661e-05
1.884217079972660969e-05
1.861518002277406936e-05
1.832876014962181443e-05
1.796813679166842093e-05
1.751605726985072664e-05
1.693561258786502322e-05
1.619502759919733137e-05
1.524123918528186294e-05
1.400514748506331841e-05
1.241204765012327016e-05
1.038273794728983290e-05
7.838718370067887520e-06
1.425963687731734986e-05
1.588140760677703156e-06
9.255343236258539719e-07
6.451253131700696031e-07
5.807776527366748098e-06
2.094942725405779527e-05
4.009719731279393073e-05
4.876168020906401779e-05
3.843833091088377785e-05
1.919448931853029450e-05
4.825518778783788321e-06
8.941390895467193900e-07
7.967749298121162838e-07
1.861531791824688753e-06
4.454336205439446417e-15
