0.000000000000000000e+00
2.914337660087085169e-10
6.169369459740892125e-10
9.588236871138633433e-10
1.305006103180517130e-09
1.643576164056526068e-09
1.972830121488300392e-09
2.283550681880797129e-09
2.575563540219150127e-09
2.847566960006986392e-09
3.100734780048242101e-09
3.332076281559182007e-09
3.543905058300822475e-09
3.737542497717072365e-09
3.913573132230396823e-09
4.074669157638766137e-09
4.218920324206010264e-09
4.348030380185718968e-09
4.465843583822959317e-09
4.570026579386876620e-09
4.665187791630387437e-09
4.750591697799677604e-09
4.822729327003116850e-09
4.890910121346792039e-09
4.947790399612017609e-09
4.999636149527475482e-09
5.044344275617618223e-09
5.083719001319764175e-09
5.117431034484809516e-09
5.143551251585165573e-09
5.164671135204912389e-09
5.182476225940035874e-09
5.192330787551213689e-09
5.201712394153901187e-09
5.205078701386867124e-09
5.202594799413873261e-09
5.195465502261242818e-09
5.184243812017541586e-09
5.167927863425347823e-09
5.145794901295630552e-09
5.118886203803185708e-09
5.089380250566932773e-09
5.052203988498149556e-09
5.007041448124027738e-09
4.954390897538019090e-09
4.897022121141958451e-09
4.833249134250650059e-09
4.760558058869435172e-09
4.675951847943338180e-09
4.581888535248879180e-09
4.477927917356794296e-09
4.364393069167249450e-09
4.236068495977463044e-09
4.094121264230921042e-09
3.936298620388356539e-09
3.762884004387956338e-09
3.569037065886959681e-09
3.360270728336445245e-09
3.131004566725437144e-09
2.881954785927121065e-09
2.612619676156668902e-09
2.323121695013696808e-09
2.013841760017953675e-09
1.686929151922811343e-09
1.350845324488147980e-09
1.004375915769628591e-09
6.618405823388684439e-10
3.350176802641158247e-10
3.668765291564568543e-11
2.084956651771108227e-10
3.743979570813849023e-10
4.282089127727317646e-10
3.351070532175981498e-10
5.259992441608574154e-11
4.514904006214237597e-10
1.209324196338457114e-09
2.230420403925847950e-09
3.508285439934866190e-09
4.982933954345014627e-09
6.570787136617184387e-09
8.139058427225620562e-09
9.530533251478345846e-09
1.058826226696396589e-08
1.116397130296320483e-08
1.119760595358343380e-08
1.067916843844329833e-08
9.673975176482940697e-09
8.315872546127422993e-09
6.756949888497842949e-09
5.168774075414717117e-09
3.670081349937959203e-09
2.367561258154182724e-09
1.312990938195923718e-09
5.229812138907163899e-10
9.281131418958921131e-12
3.152730299049721907e-10
4.317770585515745552e-10
3.910261003881032593e-10
2.365942997073489096e-10
0.000000000000000000e+00
