0.000000000000000000e+00
1.172342223298983299e-10
2.481785887908927180e-10
3.857063557433093592e-10
5.249652934580240071e-10
6.611644565168717236e-10
7.936131751762331987e-10
9.186071903144465978e-10
1.036074337434911286e-09
1.145492367626843588e-09
1.247334013854128898e-09
1.340397237648005557e-09
1.425610074434757735e-09
1.503504432065483343e-09
1.574316010888310302e-09
1.639118174523446214e-09
1.697145646240016958e-09
1.749085432045660582e-09
1.796475634918692776e-09
1.838383667518428410e-09
1.876670596701046634e-09
1.911022229350578527e-09
1.940042348991255494e-09
1.967468743480083049e-09
1.990350328995305063e-09
2.011208088958937878e-09
2.029188594931952139e-09
2.045030256248026035e-09
2.058593739917569110e-09
2.069099891421899429e-09
2.077592209381862176e-09
2.084758143894305249e-09
2.088722084181426908e-09
2.092495399175220427e-09
2.093849538198355731e-09
2.092847672940933990e-09
2.089983741626610936e-09
2.085464911871781624e-09
2.078906380376110974e-09
2.070002613763222143e-09
2.059175496782472692e-09
2.047307878783044544e-09
2.032354173842065848e-09
2.014183930754143148e-09
1.993004650202578887e-09
1.969924778855158820e-09
1.944274408138824128e-09
1.915032465937827055e-09
1.880997246850313331e-09
1.843157959591223971e-09
1.801339410967273125e-09
1.755663947555774484e-09
1.704047680739506632e-09
1.646946246047775730e-09
1.583459030563005854e-09
1.513697500676869367e-09
1.435720875520019035e-09
1.351735945398502281e-09
1.259511939188939778e-09
1.159327300825907514e-09
1.050981524031158187e-09
9.345259011084294798e-10
8.101097570545334747e-10
6.786016193416344322e-10
5.434056538078380072e-10
4.040325851661918932e-10
2.662400300224021521e-10
1.347701950038526775e-10
1.476041511239145620e-11
8.386924488235081299e-11
1.506097468961797858e-10
1.722514353375004248e-10
1.348022804492643445e-10
2.115552177883728291e-11
1.816217176653367460e-10
4.864774139079486304e-10
8.972308451760113712e-10
1.411277983365266664e-09
2.004484023210295618e-09
2.643227747789467230e-09
3.274097548633392307e-09
3.833846684564434781e-09
4.259340213863538338e-09
4.490930960443506592e-09
4.504457362664027187e-09
4.295907185536407269e-09
3.891549416046302667e-09
3.345225318973632511e-09
2.718115510447205452e-09
2.079240224439615758e-09
1.476364253072404153e-09
9.523990485149624874e-10
5.281786119581965977e-10
2.103766050254307629e-10
3.734679232536564086e-12
1.268252169950301322e-10
1.736891741543900025e-10
1.572955099504724785e-10
9.517431287520139449e-11
0.000000000000000000e+00
