0.000000000000000000e+00
7.864684359315532447e-08
1.202406352263096778e-07
1.454539935163978726e-07
1.633438647674623212e-07
1.781755333274404052e-07
1.919322936139167268e-07
2.046212811412928545e-07
2.164419121708505145e-07
2.281007113191790836e-07
2.389135422831145661e-07
2.484540402303281326e-07
2.583663288868720542e-07
2.669084264717014321e-07
2.752876300249340602e-07
2.827734884025545625e-07
2.898219794156275952e-07
2.962074057144548078e-07
3.023657515477395918e-07
3.081087239786839405e-07
3.134970884000054525e-07
3.184060990424342208e-07
3.228275886613118928e-07
3.268301435044307368e-07
3.305929471286717103e-07
3.339574700111924699e-07
3.369289227617144888e-07
3.399363087686069207e-07
3.425614105712071478e-07
3.449871438521157074e-07
3.472070480015077010e-07
3.489507660603408112e-07
3.507443664396703298e-07
3.523402942740005983e-07
3.532798491523436724e-07
3.543146533946384125e-07
3.555571863600448523e-07
3.564285644408471398e-07
3.570027380384033222e-07
3.577459892767365091e-07
3.588714559965566764e-07
3.576631949497866003e-07
3.585280643481070229e-07
3.577947674804349276e-07
3.582219882947157430e-07
3.588179228186660907e-07
3.582995429241009333e-07
3.563508659265579581e-07
3.564032652336734941e-07
3.553460650174145030e-07
3.544500056795740761e-07
3.536944566118194189e-07
3.519425672005027650e-07
3.505506274148473267e-07
3.487511717192859351e-07
3.467451292760159731e-07
3.447368509545967186e-07
3.419840429730314213e-07
3.396403067679187870e-07
3.368197742936729355e-07
3.335331707488009556e-07
3.300819453322390018e-07
3.263656322971542068e-07
3.224443592131365222e-07
3.177649390284642550e-07
3.129817334190931888e-07
3.076786668776421152e-07
3.017069087896118162e-07
2.958172222733423951e-07
2.891162321772000610e-07
2.821450327816776849e-07
2.745027115613751789e-07
2.662736988678915395e-07
2.573878519207539739e-07
2.477858732641280426e-07
2.375954006872404989e-07
2.267224503693654469e-07
2.150087324848115600e-07
2.034909230008707937e-07
1.911389095887727763e-07
1.773484690215099135e-07
1.613556048774000828e-07
1.430676139779762934e-07
1.165867967722888920e-07
7.317386119254365440e-08
9.736144335192875587e-09
1.800905917725970085e-07
5.300591130463772060e-07
1.237468003290054241e-06
2.534171033685694852e-06
4.503699026159324603e-06
6.581706627151184819e-06
7.471220758059615719e-06
6.409421390518588169e-06
4.301977991172378779e-06
2.387502152090270613e-06
1.148594504174482722e-06
4.878786664663792294e-07
1.581612298906520664e-07
0.000000000000000000e+00
