0.000000000000000000e+00
7.867160256580518762e-10
3.085860456053524103e-09
6.854613543438858869e-09
1.206479849358288448e-08
1.862382481565560965e-08
2.649671315690937945e-08
3.545192472920177806e-08
4.537204167931463417e-08
5.611977293984438120e-08
6.749179992660003791e-08
7.931849688169734236e-08
9.143249535270570050e-08
1.036841610346783682e-07
1.157098943327383722e-07
1.274621236335704566e-07
1.386537710201807272e-07
1.492925670865119514e-07
1.589529460277461226e-07
1.675451686278250918e-07
1.751859374232722644e-07
1.814092407403933294e-07
1.863014413849839457e-07
1.897582021515020756e-07
1.916689280623273817e-07
1.920521538467667710e-07
1.908331063171786468e-07
1.881747808685219070e-07
1.840815992970590287e-07
1.785453171976314479e-07
1.715560461468257358e-07
1.634461846977686150e-07
1.542669775256300113e-07
1.440869847879611143e-07
1.332237252738011080e-07
1.217036663669901486e-07
1.097819197770633082e-07
9.762694197501531335e-08
8.545723328978738209e-08
7.345455155238767020e-08
6.181547895778294333e-08
5.068897479532097350e-08
4.038109602255701702e-08
3.093073641657895223e-08
2.253872788404720495e-08
1.533069193815350673e-08
9.369065745445936955e-09
4.843068168725039868e-09
1.775727787034497851e-09
2.550670785694819642e-10
2.773966611968603502e-10
1.818019068622334089e-09
4.845020606936145668e-09
9.355026309165737075e-09
1.524676629394150496e-08
2.248129160609124710e-08
3.092335365550979986e-08
4.036126766138181665e-08
5.072146191942294990e-08
6.178581524185489116e-08
7.342381058705882424e-08
8.537359530436106070e-08
9.761723174239733680e-08
1.097868080890407327e-07
1.216393925584924318e-07
1.331717273123089740e-07
1.440826117304894183e-07
1.542486791628050469e-07
1.633982440463199737e-07
1.715088656650820553e-07
1.784274065164126455e-07
1.840173518008469955e-07
1.882306440714742735e-07
1.908764007962915343e-07
1.920518573061968937e-07
1.916285803371664542e-07
1.896906028919786991e-07
1.862810948827231528e-07
1.814175496495096240e-07
1.751686289352960557e-07
1.676177013854029951e-07
1.589423345160767553e-07
1.492061335595096239e-07
1.386985041262889240e-07
1.274431374875817369e-07
1.157642689486593213e-07
1.036708006108000291e-07
9.147848356594323604e-08
7.936142432107828881e-08
6.752257097897285121e-08
5.609854369925670881e-08
4.537484421529569545e-08
3.546078763960736069e-08
2.653076813796673150e-08
1.870864796416071840e-08
1.210470457202461603e-08
6.849078415527287689e-09
3.045902086107332707e-09
7.497048537530304202e-10
0.000000000000000000e+00
