0.000000000000000000e+00
5.176048478716666068e-11
2.030328127844427399e-10
4.509982387546074278e-10
7.938004698004874626e-10
1.225351597966550798e-09
1.743348132521305160e-09
2.332554704942424451e-09
2.985247493647591455e-09
3.692395167398387912e-09
4.440613987632957560e-09
5.218753762470385027e-09
6.015791198521469596e-09
6.821888720587310218e-09
7.613120578398024918e-09
8.386355387912658443e-09
9.122707367303917181e-09
9.822686553029313927e-09
1.045828801338188896e-08
1.102361202320878419e-08
1.152633932743896139e-08
1.193579868274952105e-08
1.225767987111936463e-08
1.248511438678434615e-08
1.261083382164684963e-08
1.263604698653608693e-08
1.255583659265369079e-08
1.238093727540245936e-08
1.211162692360545634e-08
1.174736630193962128e-08
1.128750815038159772e-08
1.075391875549058796e-08
1.014997530468519926e-08
9.480182305843243284e-09
8.765438708202566431e-09
8.007478569105330735e-09
7.223084907970189761e-09
6.423353515749852249e-09
5.622645793401659375e-09
4.832932609666329427e-09
4.067143177799437126e-09
3.335073106569552692e-09
2.656864284134030640e-09
2.035079993412125532e-09
1.482930112040037329e-09
1.008676586700119060e-09
6.164343480108414042e-10
3.186449992753637162e-10
1.168302121712372355e-10
1.678113203951170362e-11
1.824995710109078573e-11
1.196163168515340658e-10
3.187750063915473220e-10
6.155085330306064861e-10
1.003157112933195094e-09
1.479151245931120684e-09
2.034596380262598814e-09
2.655563768882984732e-09
3.337211063048073356e-09
4.065186298696232825e-09
4.830908673092437766e-09
5.617145082403851575e-09
6.422715470577600172e-09
7.223409759227195082e-09
8.003249507559928588e-09
8.762017666974486474e-09
9.479897422615124469e-09
1.014877071270348097e-08
1.075076738743518945e-08
1.128440407782704824e-08
1.173960872957735546e-08
1.210739841717156651e-08
1.238461011521252431e-08
1.255868775640323065e-08
1.263602655843243383e-08
1.260817639181510685e-08
1.248066749948151255e-08
1.225634171930778393e-08
1.193634380225461200e-08
1.152519657487971472e-08
1.102838409483553050e-08
1.045759279172386869e-08
9.817000878875603576e-09
9.125651456720618171e-09
8.385107719277584692e-09
7.616694497336595759e-09
6.821006648394245531e-09
6.018815557062850985e-09
5.221577170644309263e-09
4.442640810786713246e-09
3.690995953320452827e-09
2.985432678848098931e-09
2.333138016119562508e-09
1.745590672008745514e-09
1.230933910356668548e-09
7.964242598745840951e-10
4.506354178701599267e-10
2.004034715952229817e-10
4.932332320350951704e-11
0.000000000000000000e+00
