0.000000000000000000e+00
5.905664846039826443e-11
2.316389302592369859e-10
5.145388559668617745e-10
9.056394523199173818e-10
1.397989946028133090e-09
1.988964326571363017e-09
2.661185938279686525e-09
3.405836279668505995e-09
4.212609816534040874e-09
5.066244201934466673e-09
5.954010617870153510e-09
6.863342560947671700e-09
7.783009348116820547e-09
8.685715258138770878e-09
9.567889924788630651e-09
1.040798691676059207e-08
1.120658343900515774e-08
1.193173304603334373e-08
1.257670190213389105e-08
1.315025488501930795e-08
1.361740442629155723e-08
1.398463389534754242e-08
1.424411388839530446e-08
1.438754149152288164e-08
1.441630748111322191e-08
1.432480289942361651e-08
1.412525296728972535e-08
1.381800251998299700e-08
1.340242161695925915e-08
1.287777828817837644e-08
1.226901680251302196e-08
1.157998341660970709e-08
1.081582878814657533e-08
1.000038118981194657e-08
9.135632361711998328e-09
8.240732651820792398e-09
7.328324835853550212e-09
6.414809017307732120e-09
5.513833167825055170e-09
4.640151485268972920e-09
3.804945136742787781e-09
3.031187856272765657e-09
2.321797976101436234e-09
1.691858875219054426e-09
1.150788575543515435e-09
7.032808779783294995e-10
3.635379774991065460e-10
1.332883803328854810e-10
1.914379765821649926e-11
2.082067851461033570e-11
1.364657276070602165e-10
3.636856371613816918e-10
7.022252779265159006e-10
1.144490835436329235e-09
1.687546546946805393e-09
2.321246306280499994e-09
3.029703377066539360e-09
3.807383519571772013e-09
4.637927153439136418e-09
5.511525458246069320e-09
6.408530706103476859e-09
7.327595086259464097e-09
8.241101134842665488e-09
9.130808553692304486e-09
9.996478311791179294e-09
1.081549882986365674e-08
1.157860851641601130e-08
1.226541646026646504e-08
1.287423523343989018e-08
1.339357535989904591e-08
1.381318026627553763e-08
1.412944605760912964e-08
1.432805007972604017e-08
1.441628560971963680e-08
1.438451391333472884e-08
1.423904150144039704e-08
1.398310955913473208e-08
1.361802826060909410e-08
1.314895681225891622e-08
1.258214943344881931e-08
1.193093834839231704e-08
1.120009329724780400e-08
1.041134312096403391e-08
9.566465397625734113e-09
8.689793995486638778e-09
7.782006594680979106e-09
6.866795909665768249e-09
5.957235371667479740e-09
5.068556463427853487e-09
4.211014092980747137e-09
3.406046000797857687e-09
2.661850073693017293e-09
1.991521392241679678e-09
1.404356964052055901e-09
9.086349450626585167e-10
5.141234105110470409e-10
2.286391076466998129e-10
5.627665000673687246e-11
0.000000000000000000e+00
