0.000000000000000000e+00
1.032309370208039923e-07
1.446921228387409997e-07
1.876753706886447048e-07
2.302234444195860874e-07
2.718003736523755265e-07
3.121098655078924367e-07
3.501424894469806759e-07
3.855822988674262319e-07
4.186013994322834719e-07
4.488369056421248615e-07
4.767659004256685762e-07
5.025757499055316657e-07
5.259997536422034159e-07
5.472546985574311407e-07
5.664820511563917194e-07
5.837983368950361296e-07
5.996397259844243877e-07
6.139057754372956310e-07
6.264421551493981610e-07
6.377344348162949927e-07
6.480249351570321892e-07
6.572996829046218181e-07
6.654515097848090477e-07
6.724343871722382460e-07
6.787890901582827041e-07
6.844474355061080928e-07
6.890201899034664734e-07
6.928877055445425981e-07
6.960606612205211263e-07
6.990826689756701739e-07
7.010237582649736510e-07
7.024355016538308405e-07
7.033187395810713838e-07
7.037910694229765340e-07
7.035812522593332119e-07
7.026534133425244022e-07
7.013843879022374495e-07
6.992747360046180916e-07
6.964448496793451682e-07
6.933761007577032842e-07
6.896750447404897955e-07
6.850339430153340459e-07
6.794008908794779700e-07
6.732406238052490721e-07
6.662731147910605500e-07
6.582042714198266253e-07
6.492737498753342607e-07
6.392759491768984503e-07
6.279823298038778034e-07
6.155331347956760624e-07
6.016170329692371865e-07
5.859333321867055133e-07
5.686928359338594419e-07
5.496783020975115619e-07
5.287046637159065199e-07
5.055095527728425964e-07
4.800837759555420803e-07
4.524897009305917095e-07
4.225135288304926462e-07
3.897788550810687980e-07
3.547418091498499848e-07
3.168912896533981893e-07
2.769613365316558884e-07
2.353206192129420060e-07
1.928297254094601954e-07
1.499337848320791977e-07
1.080218873239502386e-07
2.556831498468081776e-07
3.264249781587125199e-08
1.090461432262657127e-08
2.402431587000819491e-09
9.226530650607855932e-11
2.320395298127664319e-08
7.093411991121456595e-08
1.459787848379079378e-07
2.503453628843743672e-07
3.828685760653982584e-07
5.386093215875575879e-07
7.068288331302241545e-07
8.742804649131130645e-07
1.023378051967505087e-06
1.136522455480459826e-06
1.199662549189461913e-06
1.203317931852687650e-06
1.147030846637697721e-06
1.039771559629976139e-06
8.935798848641596237e-07
7.272702081673187990e-07
5.580641843083711251e-07
4.006375226017766522e-07
2.646821277707545050e-07
1.572160047702553243e-07
7.832687731745835436e-08
2.766335471804381996e-08
1.370862534599837090e-09
3.158925343527130281e-09
8.548151630982658844e-09
3.218533140003643211e-08
2.049372498959256550e-15
