0.000000000000000000e+00
3.390774340639168827e-06
3.839890816426105857e-06
3.933652027554579433e-06
3.959003527898019570e-06
3.966263056764951500e-06
3.967884960154322016e-06
3.967561786444306904e-06
3.966623424500603790e-06
3.965519913107229399e-06
3.964483520135786421e-06
3.963470337486896256e-06
3.962596782702831888e-06
3.961797998441873858e-06
3.961107798877705477e-06
3.960507873990160022e-06
3.959979185230722010e-06
3.959513171891693162e-06
3.959095710159843406e-06
3.958733582498652481e-06
3.958385471847236659e-06
3.958104110690641164e-06
3.957833000001187429e-06
3.957597252246536357e-06
3.957382857855407110e-06
3.957188058012484078e-06
3.957024946821263711e-06
3.956865553766952814e-06
3.956718688691296393e-06
3.956579924135894544e-06
3.956460609022549590e-06
3.956349858391661201e-06
3.956257853987565909e-06
3.956173594166223495e-06
3.956095637303036483e-06
3.956025033113874656e-06
3.955939584576739776e-06
3.955892233120650303e-06
3.955839016578366341e-06
3.955787036935554113e-06
3.955737626903932380e-06
3.955702016278372923e-06
3.955684734435749306e-06
3.955645868525259345e-06
3.955650687004208521e-06
3.955631615371046905e-06
3.955597296267931995e-06
3.955600018867855283e-06
3.955596546312278861e-06
3.955595418325685841e-06
3.955599135352372286e-06
3.955616247330873136e-06
3.955607340344613476e-06
3.955647826958674784e-06
3.955657622567443354e-06
3.955681707523694968e-06
3.955721051163152424e-06
3.955754258710975080e-06
3.955781782805090074e-06
3.955818723477833032e-06
3.955891018203594456e-06
3.955938649546908437e-06
3.956014599904023044e-06
3.956077083477893552e-06
3.956161392149049050e-06
3.956241137248461825e-06
3.956339932442709539e-06
3.956449817876794839e-06
3.956567609209038494e-06
3.956691793205457941e-06
3.956836503893335077e-06
3.956995289433606899e-06
3.957167497459224137e-06
3.957356343620155315e-06
3.957566743428841960e-06
3.957794857512020315e-06
3.958071200793611411e-06
3.958362722822350577e-06
3.958663918113280999e-06
3.959027682132187920e-06
3.959446354562246029e-06
3.959909030015751341e-06
3.960434475702712120e-06
3.961026232457420804e-06
3.961702957910873124e-06
3.962475185304015213e-06
3.963339255452780208e-06
3.964316404037049324e-06
3.965359116842037679e-06
3.966465479399161609e-06
3.967452773867563565e-06
3.967945923721849510e-06
3.966744927641485674e-06
3.960792962498516090e-06
3.939743388414740366e-06
3.863474788312615260e-06
3.517373161732173514e-06
1.063243527221757745e-06
2.304092939320323552e-05
4.440892098500626162e-16
