0.000000000000000000e+00
1.667145958861304678e-05
1.887467445815804723e-05
1.933480161486755833e-05
1.945935211744576065e-05
1.949501513576201717e-05
1.950289163255014557e-05
1.950142154649725512e-05
1.949691471703207668e-05
1.949155373626165755e-05
1.948628576020627889e-05
1.948137061180688079e-05
1.947705749261174901e-05
1.947316564621104362e-05
1.946978724554071505e-05
1.946684570364176636e-05
1.946421841703127598e-05
1.946197522462167484e-05
1.945996014507400673e-05
1.945806131220528812e-05
1.945655014268243832e-05
1.945501867295362786e-05
1.945372996914329633e-05
1.945257396906985292e-05
1.945157838956212970e-05
1.945056739549588798e-05
1.944967578093592664e-05
1.944898579930853799e-05
1.944822824251346560e-05
1.944758094518661551e-05
1.944700002132204730e-05
1.944648003515681012e-05
1.944597645942014452e-05
1.944559266309209278e-05
1.944513046236995280e-05
1.944482748472697864e-05
1.944454027980047073e-05
1.944415022148149319e-05
1.944395222297501391e-05
1.944365742367892835e-05
1.944351708771385745e-05
1.944333606507253620e-05
1.944319569113783785e-05
1.944306904044790230e-05
1.944296754574637021e-05
1.944293506261907112e-05
1.944282133670149904e-05
1.944282442534195354e-05
1.944280488119787265e-05
1.944271604037428602e-05
1.944277082011058866e-05
1.944276028398306266e-05
1.944281615695597765e-05
1.944294773470467419e-05
1.944298863354454454e-05
1.944318067004235928e-05
1.944337363657400175e-05
1.944348149796049086e-05
1.944362668648835779e-05
1.944385269680992678e-05
1.944416697041706499e-05
1.944449278912241397e-05
1.944476150184115681e-05
1.944511027462958452e-05
1.944547159082876675e-05
1.944592392899568978e-05
1.944640145223885952e-05
1.944691875577220230e-05
1.944746552440257403e-05
1.944816620391698336e-05
1.944884357685250365e-05
1.944965134503817694e-05
1.945049892992933849e-05
1.945139257808481403e-05
1.945236488332113822e-05
1.945349878074154049e-05
1.945486206522684114e-05
1.945632741606750926e-05
1.945789903523564846e-05
1.945972939521034561e-05
1.946166889299494329e-05
1.946390975327005890e-05
1.946647546646751437e-05
1.946931886198655093e-05
1.947271140989581539e-05
1.947646908351252648e-05
1.948072805046940914e-05
1.948558353503937468e-05
1.949072105988935988e-05
1.949614369789465229e-05
1.950090180269370421e-05
1.950324563759764374e-05
1.949737437068055357e-05
1.946819178566538966e-05
1.936520077827630359e-05
1.899109871150717055e-05
1.729069397127247498e-05
5.204991074814202534e-06
1.112329265140488133e-04
2.220446049250313081e-16
