0.000000000000000000e+00
1.439010880455171559e-07
2.715022432431268840e-07
3.864713330470337382e-07
4.923878396123626544e-07
5.887170841933908605e-07
6.775098289057979173e-07
7.558847208155583530e-07
8.282385183244755922e-07
8.940215020514230559e-07
9.538466710923287906e-07
1.007501443384128947e-06
1.057789508540629697e-06
1.101082795385011082e-06
1.144902719740770181e-06
1.182211799788390749e-06
1.216150684713035446e-06
1.247004405180440756e-06
1.275026433100734380e-06
1.299475786087356255e-06
1.323450532941805591e-06
1.344229195954227407e-06
1.362934289317330183e-06
1.379703718940028523e-06
1.394658748710142504e-06
1.407905548811427821e-06
1.418026654986803692e-06
1.428718339746559707e-06
1.436764959117375895e-06
1.445476975781012641e-06
1.451332587665277174e-06
1.455864449106947234e-06
1.459102026202252489e-06
1.460165754751940881e-06
1.461769774113719222e-06
1.459741977072326335e-06
1.457026898354918387e-06
1.456320940285138477e-06
1.451945821351330324e-06
1.446250949665994767e-06
1.438289634281275653e-06
1.429830681187738151e-06
1.420827993925399824e-06
1.407866963676340788e-06
1.396337111492229610e-06
1.381592451776825214e-06
1.365046904400202266e-06
1.345010299358406769e-06
1.324471269215088398e-06
1.303327186730207643e-06
1.278210695287995691e-06
1.250512910999646010e-06
1.220011893177108675e-06
1.185444946649738540e-06
1.149569377578707474e-06
1.107986583037678940e-06
1.064488814761510582e-06
1.015545912030901832e-06
9.606542860085554025e-07
8.995629475760935634e-07
8.364692102302839771e-07
7.661239672662745193e-07
6.874663798228652922e-07
6.009289270636486435e-07
5.044404411957970069e-07
4.010557733691300086e-07
2.821963823729234377e-07
1.558352563657550149e-07
2.163502321739230183e-08
1.292909678207720958e-07
2.980466526913971848e-07
4.742317213368707485e-07
6.638294116623200125e-07
8.707147863828978984e-07
1.079521806279792884e-06
1.301666227360165351e-06
1.527860868044683684e-06
1.752737779359136994e-06
1.973931516463522939e-06
2.170308383009356135e-06
2.353549269140664535e-06
2.491451832176139192e-06
2.590119305700966379e-06
2.651536595510428640e-06
2.649645574281933591e-06
2.599177041040512393e-06
2.508234382858631761e-06
2.365392957615064518e-06
2.192920627308581061e-06
1.994651453562923393e-06
1.779335104590273886e-06
1.555044411682970917e-06
1.332537611919981657e-06
1.111442349488456216e-06
8.924577303837111231e-07
6.858294768763428806e-07
4.933520221239717785e-07
3.140795824529973856e-07
1.482902971527977343e-07
0.000000000000000000e+00
