0.000000000000000000e+00
6.357529256040272969e-06
9.772607101554697806e-06
1.183233367030300798e-05
1.329484303136396761e-05
1.458681697885655382e-05
1.564703450196436307e-05
1.664627948783081735e-05
1.760394143413002155e-05
1.844637481163147186e-05
1.934453708363204072e-05
2.012946930296521941e-05
2.086153172853322246e-05
2.158940932173170069e-05
2.218798257136445073e-05
2.281612882981676194e-05
2.336257303103828065e-05
2.387578469986717522e-05
2.435710309600658263e-05
2.480590918518821297e-05
2.522421673933905595e-05
2.559631477816459721e-05
2.595463587951041262e-05
2.624086467595265759e-05
2.651300393030631142e-05
2.680500941920627156e-05
2.702655030950573689e-05
2.728405122021104745e-05
2.748092770632482029e-05
2.767006361548141058e-05
2.784374623987506681e-05
2.800241559053340268e-05
2.814212160662243889e-05
2.826181118642523415e-05
2.836494907809683497e-05
2.845605949985952066e-05
2.855802046020095020e-05
2.860930975678854793e-05
2.864896417176243659e-05
2.872297403433421437e-05
2.874563133248297930e-05
2.876279693020400430e-05
2.878566519248781930e-05
2.877135618051251953e-05
2.877050446192797040e-05
2.874921045514788887e-05
2.870224021422895788e-05
2.867391240735095437e-05
2.858324329635397731e-05
2.853050228335263228e-05
2.845025613396057196e-05
2.835627739394830371e-05
2.823926908346319209e-05
2.813279019930892133e-05
2.799039283918336452e-05
2.781949599262034667e-05
2.766276797849798186e-05
2.747301574967941917e-05
2.724389380071023936e-05
2.701858992371075630e-05
2.677035708587016671e-05
2.650249082891686925e-05
2.622166569621331433e-05
2.589765289995327180e-05
2.557650204759731594e-05
2.519142084689285355e-05
2.476956146935105352e-05
2.432219511394606570e-05
2.384412879075092917e-05
2.332539807958777800e-05
2.274942469793206357e-05
2.216707014424112998e-05
2.151953276607887489e-05
2.078120028359276006e-05
2.004133631905435919e-05
1.927415480174055062e-05
1.841821931536369306e-05
1.751617172018882229e-05
1.653798094158887011e-05
1.555489661897446751e-05
1.445468557714768565e-05
1.327303207998564716e-05
1.171880993178220365e-05
9.574123229327824447e-06
6.099801508341329281e-06
6.021781474574439130e-07
1.403458166338023005e-05
4.206165563302999288e-05
9.794070127477905174e-05
2.008873607283190310e-04
3.568836442688905208e-04
5.205126923887304358e-04
5.909822641172457480e-04
5.094051226989249059e-04
3.426866026745578608e-04
1.900294174762562349e-04
9.251811167487744569e-05
3.888793748008101403e-05
1.271809135161561244e-05
0.000000000000000000e+00
