0.000000000000000000e+00
4.092981227277192602e-07
6.285669704730878493e-07
7.610234376009827884e-07
8.552736536771021747e-07
9.383407773011498421e-07
1.006825668392608009e-06
1.071664693763629828e-06
1.133994501967272583e-06
1.188893819836778221e-06
1.247583430230569945e-06
1.298910606850611771e-06
1.346826157044844763e-06
1.394515018904307624e-06
1.433731004030214251e-06
1.474921645372440082e-06
1.510759525924498803e-06
1.544432088440572670e-06
1.576016705695515441e-06
1.605473986532324204e-06
1.632934349071746283e-06
1.657361257345613126e-06
1.680887208976855618e-06
1.699681976718991905e-06
1.717556148417287432e-06
1.736733161394887759e-06
1.751285503615029882e-06
1.768193727436084828e-06
1.781130184341783718e-06
1.793554829321308830e-06
1.804964975482548084e-06
1.815384062409108878e-06
1.824567904984419897e-06
1.832431220205599232e-06
1.839207085629901428e-06
1.845192983185306446e-06
1.851888131398915505e-06
1.855262390271228412e-06
1.857871778865316514e-06
1.862725912959994901e-06
1.864219778213715983e-06
1.865346649143617697e-06
1.866845041775810898e-06
1.865910086329414241e-06
1.865849109883299661e-06
1.864450413835427867e-06
1.861369603894935665e-06
1.859504030088388049e-06
1.853555365194381466e-06
1.850085865173767274e-06
1.844814033979957912e-06
1.838640963591764432e-06
1.830957963688817358e-06
1.823954127289084681e-06
1.814599319138743283e-06
1.803376700193481952e-06
1.793077563982947709e-06
1.780613408719489144e-06
1.765566337241786243e-06
1.750768402919433697e-06
1.734465250979866369e-06
1.716874135304635729e-06
1.698435094121819589e-06
1.677159343071998876e-06
1.656075339528939594e-06
1.630798007079548029e-06
1.603105181269270929e-06
1.573746666982955844e-06
1.542381381947066643e-06
1.508358649204843971e-06
1.470582170370882125e-06
1.432418001323654266e-06
1.389993516953680341e-06
1.341628140916206746e-06
1.293227213539083209e-06
1.243078611601333705e-06
1.187198053420601696e-06
1.128429365171434995e-06
1.064806745776358810e-06
1.001162190039650568e-06
9.301982970555400243e-07
8.538509148614537025e-07
7.542513296154851332e-07
6.169859332327831680e-07
3.945686908313206231e-07
3.587293662121737725e-08
9.006281176393571286e-07
2.704163354128041874e-06
6.322414296766609709e-06
1.300231252310268815e-05
2.314968952454865558e-05
3.377045899144448526e-05
3.836582622085416006e-05
3.308070103558158337e-05
2.225432091562673520e-05
1.232107885296152006e-05
5.989641466253026181e-06
2.515557249727073952e-06
8.214032340969623647e-07
3.330669073875469621e-16
