0.000000000000000000e+00
4.691898556341556059e-07
7.209569157229367420e-07
8.734971397306168228e-07
9.820313591202278758e-07
1.076998645710425251e-06
1.155351158077522200e-06
1.229493342136400713e-06
1.300721261032755649e-06
1.363429830592011172e-06
1.430443510641588034e-06
1.489045686420276127e-06
1.543747508492288034e-06
1.598183023920896062e-06
1.642944005952884368e-06
1.689953473160699104e-06
1.730852575709818097e-06
1.769281900321217904e-06
1.805323176840012422e-06
1.838935661968577051e-06
1.870268729331492352e-06
1.898139276090837768e-06
1.924979782352842506e-06
1.946427482968360323e-06
1.966825470267608011e-06
1.988702218236326758e-06
2.005309073793704044e-06
2.024592338223385468e-06
2.039355788130414737e-06
2.053531070855818541e-06
2.066548817292179763e-06
2.078431639462863245e-06
2.088913556574922836e-06
2.097884836405050635e-06
2.105615486414080806e-06
2.112444800750346019e-06
2.120078298584182619e-06
2.123932796749272711e-06
2.126914435907067968e-06
2.132442872948558943e-06
2.134152128352440059e-06
2.135437307648757610e-06
2.137142236624534064e-06
2.136081025061464800e-06
2.136006385544675368e-06
2.134410859722102316e-06
2.130901536334661728e-06
2.128768024522997848e-06
2.121991048320559514e-06
2.118027621178519837e-06
2.112013213984020865e-06
2.104971616789796940e-06
2.096210166224743432e-06
2.088211179862575761e-06
2.077538718725513434e-06
2.064739879403809653e-06
2.052985363265591445e-06
2.038765357870175876e-06
2.021602471757866226e-06
2.004719415915623415e-06
1.986118892016719428e-06
1.966048589929769719e-06
1.945010509762923334e-06
1.920735615668078822e-06
1.896676380619410907e-06
1.867837393643156929e-06
1.836238172181481332e-06
1.802739111766982205e-06
1.766949136006168430e-06
1.728127996702966129e-06
1.685015603380968230e-06
1.641464796198199849e-06
1.593046657810681666e-06
1.537838744347652664e-06
1.482593291135536617e-06
1.425326576764973652e-06
1.361517261599942685e-06
1.294404558649375758e-06
1.221701749209991306e-06
1.148959309915653648e-06
1.067797354425970013e-06
9.798685355333347502e-07
8.655413168412451341e-07
7.077334027716375431e-07
4.522533941786477385e-07
4.106956674743145186e-08
1.029788257778108118e-06
3.083057113273390826e-06
7.209377565819963252e-06
1.481968986971615720e-05
2.637669164096134722e-05
3.842911274054561233e-05
4.364865467243461694e-05
3.765520704102076621e-05
2.535963673533370155e-05
1.404726656073496116e-05
6.834364064900455560e-06
2.875541539437698191e-06
9.400725933250697608e-07
2.220446049250313081e-16
