0.000000000000000000e+00
8.756604330528716673e-10
3.162880735096962326e-09
6.877999392251865629e-09
1.213595823834623388e-08
1.872345678499698352e-08
2.658981379521918598e-08
3.561439265720167668e-08
4.555017318885745681e-08
5.632467281468933606e-08
6.771686456019665457e-08
7.957339209774261235e-08
9.176631365903631377e-08
1.039556294379906376e-07
1.162915788111007487e-07
1.281490733529011550e-07
1.392186590454258521e-07
1.496695950509163708e-07
1.595007692589689441e-07
1.683299086785439158e-07
1.761319767812352666e-07
1.822028234954586878e-07
1.869896409933957671e-07
1.906078650470988123e-07
1.924247970963577359e-07
1.928309180110332477e-07
1.917059417877453598e-07
1.890951004668295354e-07
1.845585101412083873e-07
1.789648049754788417e-07
1.721876998761473487e-07
1.642884288610702015e-07
1.547306581750618193e-07
1.445577553216281785e-07
1.336152215536401400e-07
1.219771088578625040e-07
1.099359283607270754e-07
9.783834531429391745e-08
8.566201015192120849e-08
7.362138876310098112e-08
6.201681712614259823e-08
5.080760145936835670e-08
4.030871103566369129e-08
3.079333521505134286e-08
2.248666153281675406e-08
1.529735016436717387e-08
9.251677202115615728e-09
4.625258953616651070e-09
1.621136558327407329e-09
1.547078021246761637e-10
2.659487075007405110e-10
1.862594301016429199e-09
4.873765391266715596e-09
9.366155184764579644e-09
1.534087956667207209e-08
2.252126940494036944e-08
3.100183154636226845e-08
4.050187407678151885e-08
5.082179765913963365e-08
6.193595558645625943e-08
7.357965536858301903e-08
8.570393339457638149e-08
9.788629085072386715e-08
1.101055763230718298e-07
1.223243981662847091e-07
1.338959945140771879e-07
1.445276271994089257e-07
1.547252452827052593e-07
1.640968260163688797e-07
1.724826040883087330e-07
1.793362685020838398e-07
1.847266485333065589e-07
1.889811094279991721e-07
1.918872973849516939e-07
1.928360342517976278e-07
1.924596617630669471e-07
1.906245632454783845e-07
1.870037136253444032e-07
1.819551860293699974e-07
1.757016936387856276e-07
1.683765346038867960e-07
1.596855097041327554e-07
1.496920413179836373e-07
1.391980398723902113e-07
1.278178488606229735e-07
1.160661120547246128e-07
1.039092618615455876e-07
9.175341719735996548e-08
7.957516279244458701e-08
6.773975091967088247e-08
5.633348409972427362e-08
4.544666509787020914e-08
3.536912518420365359e-08
2.647473629213692448e-08
1.873552502029696143e-08
1.208513333850191884e-08
6.717079115148294477e-09
2.895850892414841837e-09
6.695326515426813785e-10
0.000000000000000000e+00
