0.000000000000000000e+00
7.849714113161709861e-07
1.109771732288322710e-06
1.202906970587669377e-06
9.603904425059539562e-07
6.300010203519335050e-07
2.193978341225033546e-07
2.500098804647521433e-07
7.719954628893077597e-07
1.267652530390073196e-06
1.776383591112207228e-06
2.221681123515395484e-06
2.632768465682389092e-06
3.018942966837023789e-06
3.410022999195128079e-06
3.694182280855606848e-06
3.957233840279350545e-06
4.227737237849638063e-06
4.462427923623835113e-06
4.626912422645013123e-06
4.790184382819084874e-06
4.910242899947014905e-06
5.061999240218995055e-06
5.183079504034182605e-06
5.302094811310276157e-06
5.380415301514673843e-06
5.435737635783866040e-06
5.474971262797723170e-06
5.505154645035759131e-06
5.552669544384158939e-06
5.573033037942209944e-06
5.605017097232156686e-06
5.622491977996801893e-06
5.639106597676857291e-06
5.663272617750791937e-06
5.661972531934011954e-06
5.623747787897315220e-06
5.645730459913345101e-06
5.626931659730161073e-06
5.560687191819013719e-06
5.507076096256113829e-06
5.483893694480101999e-06
5.433875940097365742e-06
5.370674883931059185e-06
5.306386195669254846e-06
5.178482262557793092e-06
5.052633409774465179e-06
4.943067129836720142e-06
4.804248662448884488e-06
4.656995320484469403e-06
4.471564726160615066e-06
4.233006347664769464e-06
3.974021661967697128e-06
3.745164090296349002e-06
3.433930520935213337e-06
3.075306021949053559e-06
2.689684308276873992e-06
2.240430640565449494e-06
1.817877833043546332e-06
1.331706225071727090e-06
8.158215890619047173e-07
3.269254883475625206e-07
1.408459250340499125e-07
5.998944156981877995e-07
9.781532187558283908e-07
1.235562956614089103e-06
1.285713982834835178e-06
1.008502239607800277e-06
2.990061359620099779e-07
9.604336209667607704e-07
2.966987914909680057e-06
5.962068050702207245e-06
1.019413258807055911e-05
1.578033318327953793e-05
2.303929887004230181e-05
3.209556700201066093e-05
4.287627707633134833e-05
5.531843286454840580e-05
6.886737373945628349e-05
8.280794021509052527e-05
9.608560947027555699e-05
1.078531860407849763e-04
1.164349964208888366e-04
1.212059883435312457e-04
1.216002365914681249e-04
1.175597322411459089e-04
1.090668154838381199e-04
9.776321125509745968e-05
8.467717959281806372e-05
7.075766229935886997e-05
5.709434607492624991e-05
4.450412307732687367e-05
3.354939355526553868e-05
2.431634586919084740e-05
1.681299713551798192e-05
1.101067606157357659e-05
6.677891704165439535e-06
3.525460189779394682e-06
1.357537504520500704e-06
0.000000000000000000e+00
