0.000000000000000000e+00
1.083189882233881463e-08
2.288975442521490322e-08
3.557076277971304989e-08
4.836232903038251152e-08
6.093939053375407866e-08
7.315248184980305268e-08
8.470602697041584861e-08
9.553871205270070277e-08
1.056544226551991983e-07
1.150143900119360296e-07
1.236103395196863630e-07
1.314352767733950600e-07
1.386801696812156592e-07
1.451816521447213404e-07
1.511191046743576294e-07
1.564531130204827036e-07
1.612912242654473971e-07
1.655584301873957997e-07
1.695389354461340758e-07
1.730134130406568715e-07
1.761639529807013105e-07
1.789495097659354883e-07
1.813318596388668880e-07
1.835055239984839659e-07
1.854235348597299549e-07
1.871611668979866749e-07
1.886158124131398495e-07
1.898174528669471783e-07
1.907711746351736792e-07
1.915579123101807113e-07
1.922286285704899456e-07
1.926639118243755888e-07
1.929158394142760358e-07
1.930200265176651442e-07
1.929325295080275282e-07
1.926073532887428996e-07
1.922410761689974379e-07
1.916533642898343714e-07
1.908463498345724929e-07
1.899131862881375810e-07
1.886859589683709260e-07
1.872704954442028225e-07
1.856784248577270091e-07
1.838079246585522242e-07
1.816621503225590573e-07
1.792074517670272371e-07
1.764865378284241615e-07
1.733869686715294733e-07
1.699991021286706427e-07
1.661814496012326003e-07
1.618405891523622131e-07
1.570933774175387043e-07
1.518002530342954515e-07
1.459237748413499958e-07
1.394391991871302139e-07
1.323240422790306070e-07
1.245721327203241913e-07
1.160708894554218773e-07
1.068110410118450204e-07
9.681692347829340406e-08
8.606658730148097902e-08
7.460748785437232300e-08
6.249787654066807363e-08
4.997971603248885231e-08
3.714276541888494876e-08
2.442325142126833271e-08
1.226556800570932637e-08
1.235950453093437318e-09
7.813196090111773628e-09
1.399146654090799302e-08
1.605446564578727475e-08
1.250806258568104568e-08
2.126633646959419366e-09
1.657092929541192916e-08
4.470640369014233784e-08
8.270586104863753008e-08
1.299808854993145246e-07
1.847176787084237048e-07
2.435547663548476294e-07
3.018316049319125227e-07
3.534988399778171697e-07
3.927674772086220401e-07
4.143040238657746954e-07
4.153850402532910380e-07
3.962835088966443209e-07
3.591908355193851321e-07
3.085109391287588210e-07
2.507264272866294164e-07
1.917362584258341940e-07
1.361698390711651996e-07
8.786522287529408004e-08
4.872816861123396848e-08
1.941351357448439785e-08
3.788583891051189312e-10
1.180737585482205532e-08
1.595686571764787232e-08
1.453077169699668048e-08
8.798947126464895518e-09
0.000000000000000000e+00
