0.000000000000000000e+00
4.011742493759129502e-09
5.987883855418374424e-09
5.838905470234578843e-09
4.818501486703041792e-09
2.700076162653886058e-09
4.080494830915881721e-10
2.257924847093306653e-09
5.188923402066336621e-09
8.009477081571958479e-09
1.066588073417307214e-08
1.318121123361493119e-08
1.533408033882466270e-08
1.752386036280029202e-08
1.942756722161931293e-08
2.127240428251297999e-08
2.288406941719500765e-08
2.417316125047364039e-08
2.538704413357351086e-08
2.653279984610179554e-08
2.735668536146818042e-08
2.808549504074164815e-08
2.878915761339584378e-08
2.945061450265740177e-08
2.999268122749754184e-08
3.047223984253832896e-08
3.086717825784290881e-08
3.114447166829847902e-08
3.130311143628716763e-08
3.155441596902619494e-08
3.204068232953716233e-08
3.232616663240150956e-08
3.244195179163966714e-08
3.190311237410980993e-08
3.259725001036883896e-08
3.273265991587948065e-08
3.268256587585227635e-08
3.251729341346987212e-08
3.218605171273480892e-08
3.157739891790356523e-08
3.154514094383387146e-08
3.111987723070086531e-08
3.089375510967329319e-08
3.075676235919644341e-08
3.027299189106713584e-08
2.966520284974905053e-08
2.909403051809533736e-08
2.840519064406521466e-08
2.765863260645318178e-08
2.687621891706015731e-08
2.583262048716505888e-08
2.462389792068364613e-08
2.328055792588656914e-08
2.174069224647467991e-08
2.012609756629757385e-08
1.849011099785968781e-08
1.642669078538716576e-08
1.406202043696680448e-08
1.136943650337229883e-08
8.811040785872137349e-09
6.034496458084959158e-09
3.288960215286351740e-09
5.538609570976404939e-10
1.987280784376821430e-09
3.953993910066344597e-09
5.262502211778041783e-09
5.499022903698858045e-09
3.941865833745339387e-09
2.133979659646456639e-10
6.648937511677388557e-09
1.767886270709340124e-08
3.407849380465677314e-08
5.692013704816645259e-08
8.725128841646778710e-08
1.266894951168495709e-07
1.761269108335739020e-07
2.355047450386393848e-07
3.021548176107557993e-07
3.757175822682867761e-07
4.518210641180075982e-07
5.231037872865940130e-07
5.870151735809514548e-07
6.341274692012177638e-07
6.605043715302016949e-07
6.607156501914346336e-07
6.378626394853981196e-07
5.931106135115271627e-07
5.323479922436646916e-07
4.593636103722431585e-07
3.840307903901774012e-07
3.095415599396744710e-07
2.411407309388380327e-07
1.817282224703120619e-07
1.311415129823245707e-07
9.101143616518925228e-08
5.916719292287098142e-08
3.564603923145170938e-08
1.855303122244578162e-08
7.304036375721523200e-09
0.000000000000000000e+00
