0.000000000000000000e+00
4.519960405957590410e-09
9.546805346261066916e-09
1.483698597315452616e-08
2.017489952876871939e-08
2.541898991292868004e-08
3.051308938850638697e-08
3.533647507936166221e-08
3.985216057156293346e-08
4.407321030353017477e-08
4.796824448760617088e-08
5.155089866093476303e-08
5.482392329003715759e-08
5.782550782651441068e-08
6.056152923594737558e-08
6.304148003621889984e-08
6.527642160136792882e-08
6.727229262537548493e-08
6.909474670191428913e-08
7.070928642605167624e-08
7.215997066545298821e-08
7.349183739346898392e-08
7.465276830043166001e-08
7.564523529790534440e-08
7.657231915203510653e-08
7.735235674211082824e-08
7.809612134757060176e-08
7.865518336647170372e-08
7.918362787684429804e-08
7.958410674913096727e-08
7.990996464535271571e-08
8.019247343948876505e-08
8.033120313388764089e-08
8.050317268359918899e-08
8.052594169249971401e-08
8.049337352211693997e-08
8.037156029594427764e-08
8.018725849989749577e-08
7.995253237247368361e-08
7.963466019944576146e-08
7.922937550475239732e-08
7.874311613864648507e-08
7.813592173278038899e-08
7.744335017711989622e-08
7.665737045137177574e-08
7.578865002244583593e-08
7.476396701733278860e-08
7.363490250877902099e-08
7.234654630927650487e-08
7.092428500055092400e-08
6.933009377707577414e-08
6.752807135690375162e-08
6.553255538221947063e-08
6.333590985008186180e-08
6.089228099526167171e-08
5.821076709544570349e-08
5.524750890106844281e-08
5.199931796262546868e-08
4.844780310264695800e-08
4.456729207902299095e-08
4.040462575627401520e-08
3.591525166157794047e-08
3.113977864455108602e-08
2.607598992288018280e-08
2.087403805361986997e-08
1.551064288118908507e-08
1.021688800229014760e-08
5.133925840006270391e-09
5.399354296997671554e-10
3.257891290076031510e-09
5.806155112253463813e-09
6.652972506238086225e-09
5.232620226003348307e-09
8.580905985766662525e-10
6.954717024498791034e-09
1.867373167208086215e-08
3.447229479647262451e-08
5.423882454280715137e-08
7.708275417961374387e-08
1.016514780127764084e-07
1.259299993172646737e-07
1.474946539348209740e-07
1.637757818251373010e-07
1.728098980580128341e-07
1.732642109786297624e-07
1.652989322087350388e-07
1.496979652459984322e-07
1.286406228206971036e-07
1.045669365540291551e-07
7.994398065758190342e-08
5.679302983452316766e-08
3.663601888526102357e-08
2.030819623577428956e-08
8.089632519414635681e-09
1.653828185510519688e-10
4.902603212286749113e-09
6.677119412934473530e-09
6.065138835609218404e-09
3.657409264334887666e-09
0.000000000000000000e+00
