0.000000000000000000e+00
7.572031890390462650e-11
3.018593153214510494e-10
6.741640579122076815e-10
1.188519282990796455e-09
1.832939466872574030e-09
2.600196058466508475e-09
3.477946930452446850e-09
4.451395918536604768e-09
5.505455424881233739e-09
6.624409243372042511e-09
7.787459121999518175e-09
8.974687215612675573e-09
1.016993722569026204e-08
1.135168314903012288e-08
1.250882042391765481e-08
1.360691326279805935e-08
1.464536414363948325e-08
1.559686046981312302e-08
1.644153202473574993e-08
1.719051256898751490e-08
1.780169811560483595e-08
1.827704454449019522e-08
1.861359943955420704e-08
1.880777777962805430e-08
1.884285516506878366e-08
1.872533772484530346e-08
1.845745845052704226e-08
1.805880178729069030e-08
1.751489309143039463e-08
1.682705330630085427e-08
1.603325860966009486e-08
1.513752301285364865e-08
1.413462846766577741e-08
1.307079944279365691e-08
1.193633891727330365e-08
1.076511690900616713e-08
9.574431247827419611e-09
8.380133365015751679e-09
7.203104668285220669e-09
6.060483559444662660e-09
4.970108435919939893e-09
3.955338390149165662e-09
3.029089867823131499e-09
2.203805138378811534e-09
1.498377089070856982e-09
9.151587265776583990e-10
4.732148006780789729e-10
1.712376906937151944e-10
2.042221947107236701e-11
2.262579013034837772e-11
1.722446629770502113e-10
4.686387944374814651e-10
9.119561772408246725e-10
1.492148848925012317e-09
2.203797477839941621e-09
3.030565687289765719e-09
3.956745042721365735e-09
4.970179712238120828e-09
6.057504498002685978e-09
7.198560414423127440e-09
8.371419668584678675e-09
9.571492265436631897e-09
1.076859457160850297e-08
1.193100618301912164e-08
1.305690833230954695e-08
1.412970440650695991e-08
1.512286684768326950e-08
1.602539878575726107e-08
1.682271943970192751e-08
1.750057354588108183e-08
1.804742455480123908e-08
1.846296149299320177e-08
1.871627086647009719e-08
1.883432887428426739e-08
1.879081357181178191e-08
1.860697440569936134e-08
1.827123519149154163e-08
1.778818137232462959e-08
1.717653919097728021e-08
1.643654445881992388e-08
1.558749884722487877e-08
1.463544518909287717e-08
1.360056034460654928e-08
1.249620795729100564e-08
1.135554994480258983e-08
1.017165207617409806e-08
8.969128550972982339e-09
7.779433874866015231e-09
6.620839543280965245e-09
5.503642319659718396e-09
4.451945145866886833e-09
3.479955212881691295e-09
2.602201676360493821e-09
1.830557261328635832e-09
1.183707021290558714e-09
6.710162425704879752e-10
2.999733794695202960e-10
7.599332274565995249e-11
0.000000000000000000e+00
