0.000000000000000000e+00
1.753340762578048384e-07
2.173781479264391692e-07
2.362770280539550072e-07
2.462277084447350717e-07
2.520859962995558590e-07
2.558381594353065225e-07
2.583732763294932511e-07
2.601789044209823487e-07
2.615007077544362346e-07
2.625018924451438806e-07
2.632873644659028400e-07
2.639077243404841511e-07
2.644107869320677651e-07
2.648229796564649519e-07
2.651588594249076891e-07
2.654471912277855949e-07
2.656963917768706551e-07
2.659054356701773258e-07
2.660843394508560777e-07
2.662389608776294381e-07
2.663756354381874303e-07
2.664960208065281222e-07
2.666047952404326793e-07
2.666992734434714407e-07
2.667830587554931299e-07
2.668571319475177006e-07
2.669233957197647555e-07
2.669830639900894198e-07
2.670366607837593165e-07
2.670857921494018683e-07
2.671280591171054652e-07
2.671669234732831910e-07
2.672036660822385556e-07
2.672347744203662501e-07
2.672645509349536042e-07
2.672902066347404570e-07
2.673120630403147402e-07
2.673345580461727877e-07
2.673544490239265770e-07
2.673695314037161097e-07
2.673852088630468415e-07
2.673975196820777001e-07
2.674077455022683125e-07
2.674144882197637685e-07
2.674209749198297459e-07
2.674260709545350778e-07
2.674306980310348081e-07
2.674327770346707212e-07
2.674313694939201014e-07
2.674301238236864720e-07
2.674261178059467170e-07
2.674219056197912892e-07
2.674162741245211805e-07
2.674081719389320710e-07
2.673968023669814897e-07
2.673864339941545154e-07
2.673698674682256637e-07
2.673565452360193717e-07
2.673383272533413901e-07
2.673170860223450518e-07
2.672947709836392960e-07
2.672669320302745177e-07
2.672402121817185616e-07
2.672086398813888763e-07
2.671739629533931293e-07
2.671354756289545662e-07
2.670926413372853858e-07
2.670450012232095105e-07
2.669926471021710768e-07
2.669326596427268328e-07
2.668675490591354560e-07
2.667950000923013931e-07
2.667134284539685041e-07
2.666205783929953554e-07
2.665122049716472930e-07
2.663985239070854050e-07
2.662584744905771572e-07
2.661042692864157289e-07
2.659264509707881530e-07
2.657274120743124968e-07
2.654821038561294699e-07
2.652090942412144159e-07
2.648712075226100637e-07
2.644733014811606608e-07
2.639868194043160088e-07
2.633841449384277666e-07
2.626337274325152293e-07
2.616680646605473726e-07
2.603969116998783306e-07
2.586761043144036876e-07
2.562648445669779562e-07
2.527455085221674835e-07
2.473016560422536259e-07
2.381555176400595997e-07
2.211151549635914648e-07
1.843655872413307861e-07
6.159598464616777846e-08
6.693612753516653413e-06
3.330669073875469621e-16
