0.000000000000000000e+00
3.371689412889899984e-06
3.716680547216633101e-06
4.073712727481471063e-06
4.427390493222382872e-06
4.773550502434886766e-06
5.109079074139266652e-06
5.423831993756067504e-06
5.718825246359138248e-06
5.992201882132341950e-06
6.245046275776822142e-06
6.476934608645734670e-06
6.690192500768965544e-06
6.884934787731999961e-06
7.060480471943186842e-06
7.220523154938263133e-06
7.365399336989320034e-06
7.496481577495828219e-06
7.614598060645683120e-06
7.719752018298109419e-06
7.815029878455170831e-06
7.899084138895950957e-06
7.976132821663206585e-06
8.042647144601566822e-06
8.102683185740033878e-06
8.154080358258042338e-06
8.201011148289971686e-06
8.239658050190890037e-06
8.272300073719485169e-06
8.298273067808281667e-06
8.322172948771466849e-06
8.340329546996372301e-06
8.352410902578988328e-06
8.358718505019346878e-06
8.363043691450577910e-06
8.359131333235403361e-06
8.353221643830899268e-06
8.341883514284553769e-06
8.325828992794548356e-06
8.302468076260005603e-06
8.275712739536089657e-06
8.245336654222334971e-06
8.207064601806202120e-06
8.159844396504745134e-06
8.110559871155054168e-06
8.051397363484369407e-06
7.984481535383558537e-06
7.909514392889782641e-06
7.827210556476948966e-06
7.733319624114720625e-06
7.628863157971288445e-06
7.514139187425605826e-06
7.383011890182977766e-06
7.241071303121238145e-06
7.081895368465929153e-06
6.908061961241607207e-06
6.715981366922640916e-06
6.506503440251165671e-06
6.277128410836496641e-06
6.027123583995930289e-06
5.756167940740297695e-06
5.464067168725605939e-06
5.150607781723159917e-06
4.817047510763394769e-06
4.472593682081082989e-06
4.119129322521786207e-06
3.763278713986295543e-06
3.414643387489313398e-06
7.526964744763997572e-06
2.652728453900188299e-06
2.609371387074510551e-06
2.498521426974598114e-06
2.517427917014813943e-06
2.713911738116969730e-06
3.106413242526251395e-06
3.733943811590201278e-06
4.597311375031942760e-06
5.699150893323512435e-06
6.992903880509437897e-06
8.386918526226416759e-06
9.781321263502285035e-06
1.102169160116517332e-05
1.195071106463441168e-05
1.248436019718468515e-05
1.250940541630551905e-05
1.204138890575912058e-05
1.115836721954366340e-05
9.934231466557363888e-06
8.551324081618183470e-06
7.151411700045962050e-06
5.842181491133580096e-06
4.713034035486174389e-06
3.819836753460315038e-06
3.166174377344788127e-06
2.743002216254453174e-06
2.525536220487900607e-06
2.488181815918366624e-06
2.585803150711996068e-06
2.783037308939917409e-06
0.000000000000000000e+00
