0.000000000000000000e+00
6.293862390149840280e-07
6.937622614167082702e-07
7.603853935389537355e-07
8.263825859167184262e-07
8.909770438103592483e-07
9.535875246102776259e-07
1.012321182214392934e-06
1.067367394247398238e-06
1.118379942544045491e-06
1.165560993166003811e-06
1.208831752363970224e-06
1.248625628558208689e-06
1.284964604941762900e-06
1.317721479487943270e-06
1.347585411815011014e-06
1.374619441940616582e-06
1.399079113784118533e-06
1.421119550260030451e-06
1.440741158820202372e-06
1.458520068609026055e-06
1.474204530449441108e-06
1.488581426456470069e-06
1.500993177416809488e-06
1.512195512143321707e-06
1.521786181180040387e-06
1.530543553784902144e-06
1.537755035752041977e-06
1.543845667861809545e-06
1.548692454722555567e-06
1.553152117028666623e-06
1.556539844460580468e-06
1.558794125222640048e-06
1.559971145481675592e-06
1.560778131959317250e-06
1.560048334514618773e-06
1.558945361690433629e-06
1.556829872351173094e-06
1.553833816836380777e-06
1.549474735518252544e-06
1.544482211790487725e-06
1.538813996004861906e-06
1.531672528254368615e-06
1.522861543534759221e-06
1.513664762753386128e-06
1.502625140870073039e-06
1.490138945459129616e-06
1.476150120915953323e-06
1.460792013685541235e-06
1.443271952283886606e-06
1.423780653708739408e-06
1.402372928560602361e-06
1.377904852328803997e-06
1.351418405737270234e-06
1.321716388558158428e-06
1.289278944383021042e-06
1.253436277104391650e-06
1.214347421174544195e-06
1.171545625955339176e-06
1.124894243531571192e-06
1.074333325634668768e-06
1.019826537773660391e-06
9.613340415937088324e-07
8.990905991934639019e-07
8.348142913616740657e-07
7.688567106312049759e-07
7.024535592092817637e-07
6.373970962147978980e-07
1.310646155161521165e-06
5.102255453692805531e-07
4.871338724621310234e-07
4.664519989150406332e-07
4.699846656297523850e-07
5.066556670874078350e-07
5.799067026579507456e-07
6.970140368212085491e-07
8.581311917721379245e-07
1.063744633156282760e-06
1.305163090159489059e-06
1.565289269978009656e-06
1.825480982597937896e-06
2.056915954562477111e-06
2.230270551462076867e-06
2.329836065295687320e-06
2.334511627122282107e-06
2.247191357218625285e-06
2.082429724548084948e-06
1.854017075308966866e-06
1.595973686430163241e-06
1.334750300729936612e-06
1.090442503182131873e-06
8.797341302102523741e-07
7.130518530074070327e-07
5.910668631203819245e-07
5.120927694113319717e-07
4.715055651471899978e-07
4.645296545202626248e-07
4.827422284137128372e-07
5.195442313032927473e-07
0.000000000000000000e+00
