0.000000000000000000e+00
1.512986679608196994e-06
2.646860047472721078e-06
3.508571425725470760e-06
4.173280664709899668e-06
4.696265806125587972e-06
5.109649662160542505e-06
5.444572947821413322e-06
5.714097739528689601e-06
5.937801889843719039e-06
6.117017633866517201e-06
6.277399449805542986e-06
6.411396798133850439e-06
6.520995742387292182e-06
6.622079838036754040e-06
6.706407335244080059e-06
6.778579192068256987e-06
6.844043770493080103e-06
6.900498723316772498e-06
6.950333022781585157e-06
6.993300535440560850e-06
7.033673135814488830e-06
7.065717471332888522e-06
7.100239465707147701e-06
7.128132780698237525e-06
7.152376554797612584e-06
7.174773270501866307e-06
7.192147685519678646e-06
7.213568031350092724e-06
7.229674006792308205e-06
7.244067042333490747e-06
7.256893887475079907e-06
7.268280456163012104e-06
7.278334698601618413e-06
7.286448263532641079e-06
7.294103210098157319e-06
7.301359796207940178e-06
7.304333148550057331e-06
7.311404284893185945e-06
7.314973788696832457e-06
7.317615974056224104e-06
7.319351955969999324e-06
7.317669001971616183e-06
7.319461570065577405e-06
7.319224920143696522e-06
7.314872648267467525e-06
7.314673440950159033e-06
7.311014026400997068e-06
7.306395294781609095e-06
7.300779375274402128e-06
7.293420637211056601e-06
7.283783946765431949e-06
7.277429701080251334e-06
7.266546379391947141e-06
7.255024094598994111e-06
7.242762705694794079e-06
7.228212824172963735e-06
7.211934781259365934e-06
7.193028803698098272e-06
7.173470852328556191e-06
7.150845466763477987e-06
7.122795852132490779e-06
7.094565063980873276e-06
7.065438817233093971e-06
7.028973108447189588e-06
6.989309605853755158e-06
6.942770853890500860e-06
6.892291325666377588e-06
6.837051502728286323e-06
6.768692429548472944e-06
6.695453076854818164e-06
6.609851916028475216e-06
6.510900430023447427e-06
6.394423374245228331e-06
6.264981592063456617e-06
6.102067338642491734e-06
5.916703445629778457e-06
5.690467001495669308e-06
5.407844895555236064e-06
5.074032604857059425e-06
4.651696174806652095e-06
4.116739890647203026e-06
3.433878606351470353e-06
2.552204319772322094e-06
1.387009501585545479e-06
1.646611261785224656e-07
2.240095769212580024e-06
5.064676200872142431e-06
8.766140059068838752e-06
1.338477717238717446e-05
1.839204891218582105e-05
2.259220779632364895e-05
2.408677482346188725e-05
2.225193723914831168e-05
1.792159858537978323e-05
1.292272923436588172e-05
8.360464837653402981e-06
4.757501287921961364e-06
2.009442050532328494e-06
1.213580824721560703e-08
