0.000000000000000000e+00
4.266848416811797051e-07
8.277153560332095594e-07
1.186615099069143753e-06
1.524347381542945357e-06
1.824040074316357618e-06
2.096479604807299779e-06
2.337621065828798805e-06
2.565598027914894885e-06
2.764202498672929664e-06
2.960001921459287644e-06
3.129306836768819267e-06
3.280021267482169378e-06
3.423558092241485440e-06
3.547927402203221448e-06
3.667263104634166382e-06
3.772883682695571395e-06
3.860619734230574807e-06
3.953051683436292763e-06
4.032178357649129907e-06
4.101818894541864324e-06
4.168501516521594397e-06
4.229677957101607433e-06
4.274107264112814164e-06
4.323606959011350170e-06
4.361981735145903372e-06
4.398222765544801405e-06
4.434381674522924754e-06
4.464085793798311386e-06
4.483711692371272761e-06
4.504769060775792866e-06
4.514237809116750100e-06
4.528946924153842701e-06
4.535059431098886762e-06
4.537248734060028710e-06
4.530909065492139121e-06
4.525264255539340752e-06
4.520292409715409576e-06
4.499206195163196753e-06
4.481461712724232882e-06
4.462332165444671261e-06
4.440697482066546797e-06
4.406973777015821270e-06
4.371350006193708282e-06
4.328834404265791136e-06
4.282910395669858872e-06
4.233312927315324714e-06
4.173862731771116330e-06
4.106953988114447895e-06
4.041161146717264785e-06
3.962965348658364917e-06
3.874640648326987957e-06
3.781771959809887562e-06
3.677305042248946165e-06
3.560226541354793994e-06
3.439516463421554704e-06
3.297563154092131299e-06
3.148575187017499388e-06
2.971761044578968836e-06
2.797171513302387780e-06
2.591214650404793929e-06
2.372274654494077595e-06
2.127467730650423050e-06
1.847285664213771383e-06
1.561844848785298723e-06
1.227873267950485570e-06
8.651905097911694043e-07
4.845002463671477244e-07
4.574063294793262457e-08
4.155734552035994511e-07
9.318015805614976443e-07
1.485125484257387996e-06
2.074171091659415822e-06
2.713193991144002837e-06
3.373980139054211236e-06
4.065641734274372254e-06
4.772671192920796557e-06
5.484124262489231683e-06
6.159946117634262919e-06
6.777519871326020962e-06
7.342487895911631313e-06
7.786494955364098303e-06
8.102081652694437253e-06
8.257444859993690045e-06
8.267056796462668444e-06
8.109631318808929734e-06
7.831621155918178090e-06
7.381465830680333795e-06
6.864058099576020311e-06
6.238135365377317498e-06
5.567023097063916737e-06
4.869133855223140017e-06
4.151706882060679504e-06
3.462084110505969647e-06
2.802646748012449507e-06
2.158666820850640988e-06
1.558894609177130519e-06
1.005442999635342005e-06
4.796538682905193696e-07
1.330397148002759877e-08
