0.000000000000000000e+00
2.805490995072545957e-08
5.443621842182722048e-08
7.803732871014545935e-08
1.002575981123854376e-07
1.199693804299073463e-07
1.378888528913435607e-07
1.537447277266679180e-07
1.687435358110889183e-07
1.818024311095456369e-07
1.946876916347761721e-07
2.058241070912458781e-07
2.157363423460623153e-07
2.251793468355245409e-07
2.333588495773142313e-07
2.412099412429924428e-07
2.481575842594452297e-07
2.539242343058134566e-07
2.600077667613831522e-07
2.652127466529208277e-07
2.697917772520597168e-07
2.741801674588373317e-07
2.782055221750567853e-07
2.811240806810388904e-07
2.843813570185815820e-07
2.869046561437826881e-07
2.892886797889460126e-07
2.916700787558568209e-07
2.936251075613682815e-07
2.949150874620443119e-07
2.963013081558329986e-07
2.969214717429835559e-07
2.978917655882540316e-07
2.982938567264170615e-07
2.984378695281009186e-07
2.980181481593291437e-07
2.976468187476655203e-07
2.973224596525270158e-07
2.959316276474055485e-07
2.947643469308758313e-07
2.935069947085366948e-07
2.920865923572435463e-07
2.898671450646261860e-07
2.875237635757699195e-07
2.847252287274670834e-07
2.817042634717381588e-07
2.784435223501802170e-07
2.745309246598992559e-07
2.701284240735901676e-07
2.658036395430940502e-07
2.606598923371450383e-07
2.548477614494615295e-07
2.487409953566555032e-07
2.418692088834717424e-07
2.341655104265427667e-07
2.262290608179284845e-07
2.168902144550344246e-07
2.070915307017529017e-07
1.954552888427940616e-07
1.839772301170938817e-07
1.704285023107487973e-07
1.560292466340484907e-07
1.399270791457851715e-07
1.214905511748298750e-07
1.027239157069814723e-07
8.075102342353090989e-08
5.689392912344715114e-08
3.186520047826491009e-08
2.999897219524427783e-09
2.733139858879241046e-08
6.128517338055416985e-08
9.767482778144653821e-08
1.364089468047779974e-07
1.784363266033039963e-07
2.218852438451435205e-07
2.673673757946914975e-07
3.138663994262103074e-07
3.606513379050824142e-07
4.051029377505344087e-07
4.456861274482193380e-07
4.828652073740613559e-07
5.120524662061143317e-07
5.328021546180394807e-07
5.429872449447259442e-07
5.436191825580749537e-07
5.332614330111340450e-07
5.150195117042954962e-07
4.853876133248391511e-07
4.514073247419148061e-07
4.102298689634409357e-07
3.661022660583768129e-07
3.202245496547462267e-07
2.730336994272164475e-07
2.276834982772868443e-07
1.843326036254921974e-07
1.419780367717393688e-07
1.025339494420407505e-07
6.613850944692245548e-08
3.154878025490859272e-08
8.862313105595376328e-10
