0.000000000000000000e+00
7.960118642014180068e-08
1.544503862582757847e-07
2.214116469057003656e-07
2.844524963352412783e-07
3.403767145915281844e-07
3.912153072604951376e-07
4.361996435164883223e-07
4.787507044134997614e-07
5.157990521365007908e-07
5.523526968032044238e-07
5.839457613010523573e-07
6.120660211994533029e-07
6.388543482005459850e-07
6.620587049699366844e-07
6.843307472914617051e-07
7.040399927493723453e-07
7.203996572613391436e-07
7.376569266526189494e-07
7.524223497590298848e-07
7.654122946565422581e-07
7.778609052433438364e-07
7.892796561881354478e-07
7.975595559539527812e-07
8.067994132776590277e-07
8.139575713439484161e-07
8.207204110766141980e-07
8.274753892090203067e-07
8.330210728990650182e-07
8.366805978043956316e-07
8.406127262050588911e-07
8.423723540929017872e-07
8.451244085661002714e-07
8.462650255003367761e-07
8.466735594847563107e-07
8.454833178017651107e-07
8.444299607335281621e-07
8.435094434044998479e-07
8.395646392544975356e-07
8.362533930883486732e-07
8.326864326946292749e-07
8.286567221293950070e-07
8.223609504476314669e-07
8.157133883912592864e-07
8.077748897550307561e-07
7.992051698213487043e-07
7.899550239498509541e-07
7.788561582344755152e-07
7.663675132274505586e-07
7.540985849097125993e-07
7.395068652993330716e-07
7.230192780038890987e-07
7.056952837647401111e-07
6.862012300601350034e-07
6.643473764444962626e-07
6.418322506807072614e-07
6.153394285224322857e-07
5.875413274791796425e-07
5.545313023214148984e-07
5.219677965406788189e-07
4.835309133088827593e-07
4.426800231938088359e-07
3.969978499274162687e-07
3.446937446582865050e-07
2.914497224670853370e-07
2.291108101015737475e-07
1.614245760395149887e-07
9.041066495463212505e-08
8.513049043479270495e-09
7.754860664732632358e-08
1.738885243574017636e-07
2.771432607850954355e-07
3.870541752659661938e-07
5.063114904002574690e-07
6.296083283618969517e-07
7.586779371404617223e-07
8.906363748728551855e-07
1.023410269862523592e-06
1.149566004055024848e-06
1.264751363860838751e-06
1.370269124945089345e-06
1.453112191240890638e-06
1.512007185566766054e-06
1.540920920639621272e-06
1.542714618829599260e-06
1.513317190782181854e-06
1.461533663982272913e-06
1.377434964866530720e-06
1.280983978335648032e-06
1.164118442531503206e-06
1.038880241388540071e-06
9.086777603695139760e-07
7.747571492133786819e-07
6.460613357628375297e-07
5.230409008127878678e-07
4.028549099865941230e-07
2.909300187425856166e-07
1.876578805681816675e-07
8.951422547642806649e-08
2.512483332495207833e-09
