0.000000000000000000e+00
3.589504334877702263e-07
7.603724371252340575e-07
1.182400173105335739e-06
1.608351740678415354e-06
2.025732685484449291e-06
2.431233651845055022e-06
2.816641731184788000e-06
3.176993958686757935e-06
3.513290950052372352e-06
3.823904823008206222e-06
4.109472589663987208e-06
4.370868071923439402e-06
4.609583017067819810e-06
4.827244562632948544e-06
5.025364484656513753e-06
5.202035846973984690e-06
5.363424057880372686e-06
5.507784073821575532e-06
5.636226675043154444e-06
5.753001261266099675e-06
5.858150418203145193e-06
5.951510778312574246e-06
6.030548995838991289e-06
6.103127390577611777e-06
6.165723532070011004e-06
6.223271227789872739e-06
6.270342917891191803e-06
6.310408953158486156e-06
6.343629686322849182e-06
6.369731589628280233e-06
6.392121574494424863e-06
6.405909836804113411e-06
6.416633767103441244e-06
6.418833944921154000e-06
6.416452236313041624e-06
6.407659748797200905e-06
6.392877488603510017e-06
6.372995314474216855e-06
6.347884763169275857e-06
6.316413295182066179e-06
6.276796490234382020e-06
6.227065327268910266e-06
6.173129993514159253e-06
6.112975153738098300e-06
6.042127111083317459e-06
5.961634093942791424e-06
5.869701847349695356e-06
5.766850992072747317e-06
5.653437473496225607e-06
5.526618731988008903e-06
5.382576047208154080e-06
5.224196203745812284e-06
5.049014451974365159e-06
4.854651002195176090e-06
4.640808939915253006e-06
4.405050926581388637e-06
4.144388800475518053e-06
3.862979249036335716e-06
3.554073746858676941e-06
3.222508140998670001e-06
2.865318690425944226e-06
2.487786388449819697e-06
2.086806027645771167e-06
1.671012464732335445e-06
1.244291487401127938e-06
8.221908434080660300e-07
4.189138547161519455e-07
5.222013421679605472e-08
2.491112010005736010e-07
4.525505908903326713e-07
5.191082098621180307e-07
4.059271129230879183e-07
5.715084860913322018e-08
5.644092954115720318e-07
1.496923143773365439e-06
2.762116042553941497e-06
4.332998029932255690e-06
6.149433361080092197e-06
8.109184557625326306e-06
1.004699430118272119e-05
1.175014125198714510e-05
1.304375319866046823e-05
1.376241646144915620e-05
1.381498365216060620e-05
1.318389550497567342e-05
1.194518547464884506e-05
1.024801562932164956e-05
8.327975331234860334e-06
6.369846202725071294e-06
4.520419759401761439e-06
2.915136781411753475e-06
1.615642214458645753e-06
6.414446351854508066e-07
1.524280934805943843e-08
3.920726338035862568e-07
5.332155766923918350e-07
4.819937416966624255e-07
2.926703527306173669e-07
2.220446049250313081e-16
