0.000000000000000000e+00
3.647392235794910675e-06
4.875358986411448825e-06
5.788276247309376288e-06
6.505052205452166447e-06
7.058762525047335146e-06
7.489116332415335364e-06
7.823532182094083964e-06
8.084419761300587481e-06
8.288970611891599560e-06
8.451569382339485514e-06
8.579935414476658195e-06
8.682979602547824527e-06
8.766859358466660979e-06
8.833735914981488691e-06
8.888965314146624053e-06
8.933898619778446459e-06
8.969671942860024672e-06
8.999661416098092559e-06
9.024877930308150553e-06
9.045568531762526732e-06
9.062260354464335421e-06
9.076686517062171333e-06
9.089029884279398175e-06
9.099047775018576090e-06
9.107903678806650305e-06
9.114496890560985776e-06
9.120283647634508384e-06
9.125087712669177620e-06
9.129161459342505225e-06
9.132240047837747454e-06
9.135000923032876585e-06
9.137338657816407306e-06
9.139216064713018284e-06
9.140660748641060707e-06
9.142117422977769081e-06
9.143936780753314508e-06
9.144441903696787222e-06
9.145989541603505302e-06
9.146539469484515905e-06
9.146688754291254497e-06
9.146617556909930613e-06
9.146986258090628041e-06
9.146883443111875067e-06
9.147103633755371277e-06
9.147060067160595054e-06
9.146466028897570766e-06
9.145480791894478045e-06
9.144725318877000575e-06
9.143383948084782276e-06
9.142026231478972420e-06
9.140993220579929357e-06
9.139112774891877677e-06
9.137274361581404492e-06
9.135206451849064990e-06
9.132309957915474286e-06
9.128951026782239353e-06
9.125161816170290763e-06
9.119412552327510468e-06
9.113749658395953190e-06
9.106620500909379246e-06
9.097820066972239772e-06
9.087569940002815372e-06
9.075188127316557996e-06
9.060793530135669016e-06
9.043598505509287122e-06
9.022389567903132956e-06
8.996880014655594948e-06
8.966738301308119219e-06
8.929996227147185550e-06
8.884333785541542738e-06
8.828473573418982312e-06
8.759741524255737488e-06
8.674852893686413324e-06
8.569331910845967570e-06
8.437632631808078543e-06
8.272494323557921803e-06
8.062465063018997569e-06
7.795844725433376254e-06
7.454168156395546418e-06
7.011685668412148686e-06
6.441691483671796448e-06
5.709022179889444715e-06
4.767014678441761077e-06
4.760976902606905981e-06
5.282137488765714650e-06
1.662139827773856382e-06
4.741502634963978835e-07
3.615686067215406752e-07
2.602253574401913738e-06
9.600881665572380541e-06
1.844429341191222704e-05
2.248220163225678192e-05
1.772928883603253070e-05
8.857344293677904545e-06
2.202712066412537695e-06
4.282617883655248647e-07
3.700547697160772032e-07
7.606423405581708153e-07
1.317650238702103294e-09
