0.000000000000000000e+00
4.145952273715280967e-06
5.563342223569023304e-06
6.605021925287779538e-06
7.422881132979064489e-06
8.054648208966064260e-06
8.545654113345513281e-06
8.927195337404825182e-06
9.224843570132534865e-06
9.458213130364434562e-06
9.643716071261465572e-06
9.790165114154092407e-06
9.907724629720782161e-06
1.000341551848915600e-05
1.007971448896416433e-05
1.014272361432588809e-05
1.019398972168517048e-05
1.023479841388841294e-05
1.026901582146244607e-05
1.029778264693970158e-05
1.032138775580726531e-05
1.034043088954383904e-05
1.035688711459314959e-05
1.037096921685520812e-05
1.038240221018504883e-05
1.039250167933492008e-05
1.040002767582759446e-05
1.040662964013616687e-05
1.041210873320430608e-05
1.041675811896958237e-05
1.042027045849991396e-05
1.042342029089482480e-05
1.042608325185767626e-05
1.042822513430685660e-05
1.042987753085977687e-05
1.043153944568775415e-05
1.043360904795509470e-05
1.043419145219104394e-05
1.043595092953264469e-05
1.043658270416525369e-05
1.043675044642977667e-05
1.043666922329045121e-05
1.043708794257192096e-05
1.043697252889330684e-05
1.043722179194794819e-05
1.043717398541144092e-05
1.043649622300968360e-05
1.043537638867331196e-05
1.043451011351059776e-05
1.043298401826042721e-05
1.043143492673870298e-05
1.043025195501812163e-05
1.042810884277489691e-05
1.042600901124401958e-05
1.042364965508912888e-05
1.042034502241051541e-05
1.041651493549622387e-05
1.041219173136820331e-05
1.040563035670238889e-05
1.039917339307194766e-05
1.039103595157353510e-05
1.038099562145067267e-05
1.036930136677494119e-05
1.035517850778155946e-05
1.033875573597242692e-05
1.031913801641248796e-05
1.029493913562440355e-05
1.026583559382565625e-05
1.023144905465400711e-05
1.018953046516557492e-05
1.013743467825900524e-05
1.007370296146614663e-05
9.995287466701974211e-06
9.898438962263611529e-06
9.778050042874575354e-06
9.627794552269364203e-06
9.439385128429123029e-06
9.199740666598898997e-06
8.895537441211409657e-06
8.505714350848236904e-06
8.000816159925427939e-06
7.350454561683150700e-06
6.514461500017887374e-06
5.439535601281519916e-06
5.379613369438374093e-06
5.912778039754429393e-06
1.878499377161446660e-06
5.401683200734197499e-07
4.100130797102252700e-07
2.974976274772167528e-06
1.095926791749857188e-05
2.104060081575820362e-05
2.564169838858987305e-05
2.022715201388525230e-05
1.011429910335870375e-05
2.519348191398762538e-06
4.864614225885688370e-07
4.219019738016527299e-07
8.388555122751384374e-07
1.467503597156818995e-09
