0.000000000000000000e+00
2.260432898637532162e-07
3.500680698653724221e-07
4.486632458888806241e-07
5.259643209853948065e-07
5.857886351545715797e-07
6.320638488155339019e-07
6.680232779165962143e-07
6.960454099758095481e-07
7.182000980598957085e-07
7.357173176236742052e-07
7.496054145184061213e-07
7.606869671938909505e-07
7.696353405695077754e-07
7.768780559969101773e-07
7.828728625369762995e-07
7.876593207667426100e-07
7.915147918202691812e-07
7.947755927828481504e-07
7.973705523633967118e-07
7.996299840051790397e-07
8.015222214829975655e-07
8.030671105885289762e-07
8.043733676910136410e-07
8.054479910812872845e-07
8.062712656409232181e-07
8.070585548747288840e-07
8.076475422891249423e-07
8.082261924169387157e-07
8.086766698500724715e-07
8.090763142787338325e-07
8.093462160463360533e-07
8.095954686648809684e-07
8.097204400314694794e-07
8.099674944084256367e-07
8.101758670608916191e-07
8.102347999194847716e-07
8.103346476051598302e-07
8.104500239802803208e-07
8.105323670015707194e-07
8.105780735512269075e-07
8.105567131933000269e-07
8.105994655505099900e-07
8.106473630142829734e-07
8.106213222891511805e-07
8.105686903903119855e-07
8.105042046402388678e-07
8.104713614676128941e-07
8.103278879012520974e-07
8.102713394686489323e-07
8.101365041035535342e-07
8.099497638136554656e-07
8.097338717316659995e-07
8.095466280666485659e-07
8.092916613522405100e-07
8.090060960030953652e-07
8.086830791675936325e-07
8.082138190923515708e-07
8.076354371944205468e-07
8.070044725805303187e-07
8.062567732336489712e-07
8.053097727556135510e-07
8.041992833884847869e-07
8.028740565713121669e-07
8.013040502241608465e-07
7.995044450925803403e-07
7.971469092593608252e-07
7.944449509356132921e-07
7.911853188158346484e-07
7.872484905080412432e-07
7.822956115122181586e-07
7.762550306988913462e-07
7.689178539438401572e-07
7.597936489966983231e-07
7.484584492178925075e-07
7.342352137396090939e-07
7.163913631202944998e-07
6.937984642352290621e-07
6.650470886215842370e-07
6.282437045035393908e-07
5.808764815817824001e-07
5.194775012373753498e-07
4.402906796929784150e-07
3.395457729427064919e-07
2.128756764196992890e-07
2.689360068808266391e-07
9.799644251629047176e-08
2.225765268759616333e-07
2.077925012056169862e-07
1.124500599303246418e-07
8.642808411174485173e-07
1.815461691312414416e-06
2.241885158293932534e-06
1.730668752197850324e-06
7.761068013811822652e-07
6.339569991187232745e-08
2.201676709834288204e-07
2.154183008640231378e-07
8.330186984650822524e-08
2.410723530521519109e-16
