0.000000000000000000e+00
7.141504437369050606e-06
1.325565670606820845e-05
1.820079483449976721e-05
2.206755390365966463e-05
2.507361345405190178e-05
2.739599703216466509e-05
2.919516742339034465e-05
3.059393829862866454e-05
3.167349758004256444e-05
3.253289139182324874e-05
3.320347863433603663e-05
3.372187245287427970e-05
3.414440075411029341e-05
3.447660999778001667e-05
3.474437823069997933e-05
3.495372346073999381e-05
3.512695281937538994e-05
3.527339012210362057e-05
3.537549616883239878e-05
3.547355015842690307e-05
3.553807556411214819e-05
3.560055611651069540e-05
3.564866543603883997e-05
3.568658024977189314e-05
3.571316937112101186e-05
3.573769452747121989e-05
3.575676229794488847e-05
3.576907098046255840e-05
3.577925185949126785e-05
3.578709017992842689e-05
3.579357577221387032e-05
3.579836892542154203e-05
3.580013813342386442e-05
3.580849742235159283e-05
3.580580506967745436e-05
3.581163499188910748e-05
3.581307936240119005e-05
3.581304117239447748e-05
3.581055066326221947e-05
3.581134501551286320e-05
3.581164832999750303e-05
3.581116859618926895e-05
3.580865049834791591e-05
3.581098704574792180e-05
3.580983400586212895e-05
3.580866145225236608e-05
3.581014567888285427e-05
3.581224646775904574e-05
3.581265554808421570e-05
3.581072954150776866e-05
3.580276723602615618e-05
3.579943769527194064e-05
3.579946030041192273e-05
3.579248775154031392e-05
3.578942731863321569e-05
3.578261802550386506e-05
3.577211522876044825e-05
3.575682134182578409e-05
3.573681643942450137e-05
3.571114125766605696e-05
3.568170171264206658e-05
3.564305970449321848e-05
3.559027136346148978e-05
3.552768932935101986e-05
3.545360615120340952e-05
3.535948127364463289e-05
3.524720815473170177e-05
3.509853748373537030e-05
3.492183232645107438e-05
3.469547105527936992e-05
3.441949463922622243e-05
3.407153258572215293e-05
3.364469283340110195e-05
3.308778958954761151e-05
3.240223522071872253e-05
3.152242683579498106e-05
3.038813637823434277e-05
2.893413116611398550e-05
2.706338017210985214e-05
2.462680189396770913e-05
2.144480506649504292e-05
1.733395429692752288e-05
1.205568855600080980e-05
5.363299012461908433e-06
2.647155394108757775e-06
1.123995782159603607e-05
1.766645171041858475e-05
1.603098090974253154e-05
4.546560068652283348e-06
5.114943565376339762e-05
1.100033358653051963e-04
1.431109666141239245e-04
1.280086947859082613e-04
7.143609698556652177e-05
1.909792615384375836e-05
6.357023028091823846e-06
1.146594973144843266e-05
7.209759311233021606e-06
9.992007221626408864e-16
