0.000000000000000000e+00
1.869205689430941675e-05
2.115686586734444319e-05
2.167191436497351020e-05
2.181159601699622641e-05
2.185138024635158160e-05
2.186031812523303586e-05
2.185861060821636670e-05
2.185351338146457323e-05
2.184759302781280610e-05
2.184160899787457311e-05
2.183610404093982993e-05
2.183124056842622451e-05
2.182692088337212510e-05
2.182320073695898088e-05
2.181983608229298710e-05
2.181694235892095435e-05
2.181430805114903393e-05
2.181212420604428104e-05
2.181004025980648464e-05
2.180830495301933070e-05
2.180654783823232634e-05
2.180516670913235089e-05
2.180385790206962326e-05
2.180267423246284864e-05
2.180160417153409469e-05
2.180064204559961638e-05
2.179983273897789786e-05
2.179894294418449618e-05
2.179829585224890565e-05
2.179763905285625469e-05
2.179704479510213844e-05
2.179650849432057669e-05
2.179600744112164534e-05
2.179551470882223896e-05
2.179517535982888887e-05
2.179481219399814762e-05
2.179448732442246239e-05
2.179412247438339278e-05
2.179390951839721424e-05
2.179369128774144571e-05
2.179351150288777461e-05
2.179334773078078769e-05
2.179313429517826251e-05
2.179309219862979319e-05
2.179299845206372765e-05
2.179292844395330775e-05
2.179288239501087077e-05
2.179291001036531839e-05
2.179286185688411592e-05
2.179292643389452167e-05
2.179297141913227875e-05
2.179298053084366416e-05
2.179308233407617479e-05
2.179326207729648246e-05
2.179325186868474873e-05
2.179354701559166330e-05
2.179360693577159225e-05
2.179388063339171566e-05
2.179413033720489778e-05
2.179448050099175305e-05
2.179474210062259942e-05
2.179511344468920697e-05
2.179545202884991539e-05
2.179589677453463992e-05
2.179640338983990233e-05
2.179693823578521261e-05
2.179752615250052372e-05
2.179816887948327064e-05
2.179883323560893871e-05
2.179967347248901177e-05
2.180054544864695742e-05
2.180149118857777069e-05
2.180257490436154910e-05
2.180361742531999880e-05
2.180497089354638263e-05
2.180645440319484152e-05
2.180792006700738028e-05
2.180970945309113063e-05
2.181175274185154223e-05
2.181409562607150576e-05
2.181654782584807606e-05
2.181936805123463330e-05
2.182260606220509658e-05
2.182640570991267737e-05
2.183055895776941924e-05
2.183538435396314981e-05
2.184068412969253359e-05
2.184657629755726305e-05
2.185254628206401151e-05
2.185793837428118280e-05
2.186060127062905423e-05
2.185380894292876519e-05
2.182126768823788865e-05
2.170538947354749837e-05
2.128689199576427882e-05
1.938222000419376201e-05
5.829685474689760838e-06
1.245394440601010899e-04
0.000000000000000000e+00
