0.000000000000000000e+00
8.858936251243676452e-09
3.496441003392192215e-08
7.809401014746697456e-08
1.374533360465335363e-07
2.120599671417977561e-07
3.015083281932007253e-07
4.034833083199629300e-07
5.165172221044400658e-07
6.388688987835067223e-07
7.684441152289167576e-07
9.028917828945992596e-07
1.041061794548880926e-06
1.180499172970250754e-06
1.317754669716286742e-06
1.451452318779189454e-06
1.579498111414778805e-06
1.699622936168765364e-06
1.809559156518147915e-06
1.908309894993465150e-06
1.996097370948746175e-06
2.070095102890689986e-06
2.123435594469924581e-06
2.160698977515806973e-06
2.182463887390184709e-06
2.187294566580177957e-06
2.174219866368787279e-06
2.143929649811582294e-06
2.097168943504534866e-06
2.034114023330424459e-06
1.954712529173008306e-06
1.862161165711029298e-06
1.757709358063408445e-06
1.642062211093531232e-06
1.517952481266959808e-06
1.386708876394138201e-06
1.251179956085479716e-06
1.112746529918773319e-06
9.741793214335103812e-07
8.375286990602859305e-07
7.049935231151494008e-07
5.783543580717420696e-07
4.610016818284989881e-07
3.534624637424599314e-07
2.579359414944804030e-07
1.758774172966326432e-07
1.080455969137972261e-07
5.654066992377693168e-08
2.163158119294905646e-08
4.308908452266280165e-09
4.571798273289573444e-09
2.207769034257012208e-08
5.650937240364584113e-08
1.078553527600334405e-07
1.748735709572457608e-07
2.571634313275339423e-07
3.532970821451542065e-07
4.607607586581963233e-07
5.786163594923010578e-07
7.044774024134170531e-07
8.368846741158009195e-07
9.734569711428164851e-07
1.112183545592948519e-06
1.250701880617377526e-06
1.386403840730743298e-06
1.518716436832434624e-06
1.643774590442959038e-06
1.758769093140877260e-06
1.862368711469386540e-06
1.953792873155002496e-06
2.032677840491103893e-06
2.095320325246063931e-06
2.143802328324895257e-06
2.173635609059587637e-06
2.187569686729062823e-06
2.183541879752226578e-06
2.160632849745880435e-06
2.121280646361078936e-06
2.067036543484945810e-06
1.994879025191131916e-06
1.908800955519041054e-06
1.810356818676694957e-06
1.699007354916126644e-06
1.579235820448054994e-06
1.450953116988173974e-06
1.317942933565241503e-06
1.180241135045889678e-06
1.041437474480488845e-06
9.034086880799208075e-07
7.685241578681001329e-07
6.384545836457533596e-07
5.163020523335504208e-07
4.033174330064781543e-07
3.016750106388244035e-07
2.125251068463285264e-07
1.376139640019147237e-07
7.805059598631203244e-08
3.448789454019163259e-08
8.406363272150940702e-09
0.000000000000000000e+00
