0.000000000000000000e+00
2.359854789357740401e-07
4.605431114246272273e-07
6.687283952144795762e-07
8.542256851873375467e-07
1.021949795343424228e-06
1.174415013793783658e-06
1.306948122059559125e-06
1.433083281821012633e-06
1.546374841843167758e-06
1.652042331046210677e-06
1.752369418461796613e-06
1.831949068775706735e-06
1.911807317123148664e-06
1.987124996660760701e-06
2.053353376996192026e-06
2.111209759902976657e-06
2.161311961845768792e-06
2.210166830329818310e-06
2.259197746767860338e-06
2.299254810655959602e-06
2.335429020172696823e-06
2.367992794849449467e-06
2.396027414364176877e-06
2.423221010627862881e-06
2.446281597179300604e-06
2.462095888389193021e-06
2.484102827771117461e-06
2.499121698584794160e-06
2.507315679189936475e-06
2.521879563732731810e-06
2.529768502124163376e-06
2.535404371228899834e-06
2.533369245050209884e-06
2.538927108997057758e-06
2.533632299961396939e-06
2.531594411769866326e-06
2.529439459886262398e-06
2.517466454410310917e-06
2.513033562911992647e-06
2.500757716572543643e-06
2.486038407134572026e-06
2.468777305031366609e-06
2.448857652770364268e-06
2.424991486948968600e-06
2.400474425012788515e-06
2.371670633660727390e-06
2.338349227248848194e-06
2.299137051298139056e-06
2.263026673388068843e-06
2.214512457077155716e-06
2.172271093558997279e-06
2.119167097358598539e-06
2.055748689389069739e-06
1.991431437753377054e-06
1.925933471702556687e-06
1.848374589163981341e-06
1.763150422218195956e-06
1.668135165888706695e-06
1.560804560374329242e-06
1.447431540069210598e-06
1.322731977726476771e-06
1.191756490714901418e-06
1.041029133896920200e-06
8.685543941844287019e-07
6.912505027267812352e-07
4.859142278546002558e-07
2.712854522135543789e-07
2.256343090145662700e-08
2.327065810048267736e-07
5.255592021580213213e-07
8.281663047560172686e-07
1.167272407731623218e-06
1.511275775634146612e-06
1.887820042179022550e-06
2.281215650268286765e-06
2.665328364348518164e-06
3.053533676133923791e-06
3.440458849257588270e-06
3.792046052386588428e-06
4.088955489311985048e-06
4.363515327843181524e-06
4.507562806455034377e-06
4.605369599230968447e-06
4.606736776824327251e-06
4.523345830342861973e-06
4.356422594886666388e-06
4.125196258919494596e-06
3.831505622553521562e-06
3.493393122000476581e-06
3.103410561422492719e-06
2.712716657193858794e-06
2.319091713776089136e-06
1.931307546554350552e-06
1.555155455190693203e-06
1.197717594214608994e-06
8.669220660229015607e-07
5.615388698476664331e-07
2.658277559186572603e-07
0.000000000000000000e+00
