0.000000000000000000e+00
7.764541898325205693e-09
9.058408800832751240e-09
1.039634567323588499e-08
1.172765817791798781e-08
1.303522356721487085e-08
1.428302887074295313e-08
1.547481953689811007e-08
1.657811932176400660e-08
1.760713708165440039e-08
1.855506515102689491e-08
1.942085836592610804e-08
2.022487011199558538e-08
2.095673246049756244e-08
2.161655288102082295e-08
2.221987061012953291e-08
2.276048793881102483e-08
2.325240910927561799e-08
2.369569374049973476e-08
2.409045751772254107e-08
2.444849545035765459e-08
2.476361959935502455e-08
2.505284912857064228e-08
2.530307974257794967e-08
2.552959055268644306e-08
2.572300661363158270e-08
2.589753089754509574e-08
2.604530535688098780e-08
2.616319560999613714e-08
2.626199135935536333e-08
2.635388607341582201e-08
2.642156815557683558e-08
2.646090047075944085e-08
2.649284924771677652e-08
2.650559582928480040e-08
2.649717589786604321e-08
2.646536401140764383e-08
2.642389762552710408e-08
2.636381757348260635e-08
2.627895601126084557e-08
2.617869265808536738e-08
2.606093674195619769e-08
2.591576142574325559e-08
2.574161983570633083e-08
2.555069789078601161e-08
2.533404719340381916e-08
2.508616370189287181e-08
2.480287664141656023e-08
2.449128422288282536e-08
2.413992783445451096e-08
2.374794560999760051e-08
2.331019277601598105e-08
2.282866828906549017e-08
2.229102546991157396e-08
2.169393431561417174e-08
2.104069840580535811e-08
2.032013723951564543e-08
1.953253137010335649e-08
1.866213683587858441e-08
1.773284796779961425e-08
1.670983962309691151e-08
1.560981977011266508e-08
1.444150532492471939e-08
1.319615017258968237e-08
1.189293408199176838e-08
1.056627707551882622e-08
9.226037378518014975e-09
7.917616784425263177e-09
1.282304146199564343e-08
5.667417757315718063e-09
4.892628524544306856e-09
4.474328574310959539e-09
4.560856470270380214e-09
5.276215686578211717e-09
6.765363269600754847e-09
9.106786547086187511e-09
1.236269764337549759e-08
1.650165393218827603e-08
2.135031951233656855e-08
2.660352926842080024e-08
3.181905083859959404e-08
3.647628721292761611e-08
3.999477404814655301e-08
4.196744074480562858e-08
4.207876169726176840e-08
4.032130751507878585e-08
3.697572414917971173e-08
3.242032287076312969e-08
2.722642211683279356e-08
2.196540493937249039e-08
1.703498675453829492e-08
1.280360650834921898e-08
9.450209170758228083e-09
6.988254863671272687e-09
5.405644043499080453e-09
4.595085090208783640e-09
4.444859036389914309e-09
4.808297870972921828e-09
5.553966619942229954e-09
1.933987572953071998e-11
