0.000000000000000000e+00
9.024072600283261636e-10
1.582427411328524158e-09
2.094769135929652748e-09
2.492457129577019259e-09
2.803609233659187794e-09
3.052179065043958417e-09
3.249547075867553758e-09
3.411966598143578722e-09
3.545448379327353905e-09
3.658026770381184178e-09
3.751548405261928565e-09
3.830823991357590330e-09
3.897456024581913425e-09
3.956790561865375366e-09
4.007216891643849976e-09
4.051106783364843977e-09
4.089514504812541418e-09
4.122460484090595401e-09
4.152151622527355812e-09
4.178671852983484314e-09
4.202900361072181568e-09
4.223036809136715419e-09
4.241583639874590972e-09
4.258279617808113926e-09
4.274062659348487614e-09
4.286736632330701013e-09
4.299459011036788070e-09
4.309410162051108273e-09
4.319152147047589096e-09
4.328461145064466109e-09
4.336132231053113628e-09
4.342943449309188964e-09
4.348956972322071124e-09
4.354227756131479055e-09
4.358126748371660142e-09
4.362731176321688054e-09
4.366032868574620807e-09
4.368736705728792913e-09
4.370875328341128352e-09
4.371685458082197329e-09
4.372723516610221850e-09
4.373993833794997954e-09
4.373971740356807913e-09
4.372737949509541977e-09
4.372327389035035594e-09
4.370696693456466164e-09
4.367734507404463784e-09
4.364966943448678194e-09
4.361702776733977771e-09
4.358401195503347481e-09
4.353069793516795016e-09
4.347727955433811076e-09
4.341540460472970153e-09
4.334747005785288820e-09
4.326983549240992488e-09
4.318173485451382021e-09
4.309244627798136662e-09
4.297553202192716526e-09
4.285515275981310879e-09
4.271870190919457855e-09
4.257607821855913244e-09
4.240001238997592736e-09
4.221895277822795833e-09
4.199896541656755744e-09
4.176168189040652123e-09
4.150374488531838324e-09
4.118480667614221602e-09
4.085098925799002245e-09
4.046319612704962765e-09
4.002700393357372377e-09
3.951588944950401583e-09
3.892514310877004391e-09
3.822652194784836865e-09
3.743279908263730249e-09
3.646983826044447596e-09
3.532603320977045769e-09
3.399027947992294685e-09
3.233819101389201478e-09
3.029218209604778167e-09
2.778498764399728316e-09
2.460369241674698060e-09
2.051273151337795753e-09
1.523431381045270427e-09
8.302543097471470901e-10
9.786249588472628602e-11
1.352165268642124829e-09
3.028910899871561924e-09
5.245521572661004939e-09
8.010678342884602898e-09
1.101763702493485653e-08
1.351744971511692484e-08
1.445284203427377179e-08
1.333076438125857521e-08
1.073607081014671394e-08
7.721146388917077275e-09
5.022062876669508569e-09
2.846609503670549657e-09
1.211453382055083239e-09
3.694711203650058451e-12
