0.000000000000000000e+00
2.070803128972897866e-08
2.905565121835707032e-08
3.767797052134369551e-08
4.623295912775660099e-08
5.464463004312136718e-08
6.270957086940143199e-08
7.026816861710472040e-08
7.743970176221637303e-08
8.405503670871894428e-08
9.020028801653978690e-08
9.573235471016516840e-08
1.009060560663854744e-07
1.056110867647674922e-07
1.098588476855510976e-07
1.137223479830140604e-07
1.172179509012494236e-07
1.203977082475660154e-07
1.232384604366032477e-07
1.257774994156690695e-07
1.280439343442907330e-07
1.301229918260204954e-07
1.319689091339171227e-07
1.336066284274295413e-07
1.350364536856218933e-07
1.362733462739740276e-07
1.374192099001803058e-07
1.383365845208928135e-07
1.391128388039675201e-07
1.397679620929181965e-07
1.403559027890466382e-07
1.407621530447045188e-07
1.410426206938097948e-07
1.412386028132317506e-07
1.412877095319231557e-07
1.412257977229103290e-07
1.410688565961493168e-07
1.407883691850742025e-07
1.404125595794170067e-07
1.398267934771268983e-07
1.391971606867770106e-07
1.384509480395479386e-07
1.375367758571499621e-07
1.364159013528265518e-07
1.352007295007950916e-07
1.337679959023674314e-07
1.321502698381493701e-07
1.303691400389439536e-07
1.283055777179242796e-07
1.260779209921736310e-07
1.235850662917314935e-07
1.207577858819419703e-07
1.176225268295638671e-07
1.141638584778448262e-07
1.103725209006256591e-07
1.061481814668141510e-07
1.014941987120820954e-07
9.643211074106261549e-08
9.087931018836314934e-08
8.484050006973831159e-08
7.829547310489459733e-08
7.116406164353605845e-08
6.363405513631903432e-08
5.558629023738603792e-08
4.725490776458229902e-08
3.872252063441550263e-08
3.010085047883137577e-08
2.169264790019553857e-08
4.528643066104010018e-08
7.235455568022075568e-09
2.192396930666973276e-09
4.732696456954954556e-10
6.852696188275331224e-11
4.671777076303840204e-09
1.426107987256841625e-08
2.940407128892985611e-08
5.027749705455164531e-08
7.691996684044966059e-08
1.081845448780427432e-07
1.419040092098811101e-07
1.755262566405235702e-07
2.054453516198151419e-07
2.281192791331321246e-07
2.408075483462113198e-07
2.415403067557164718e-07
2.302316428615114319e-07
2.087151392826669394e-07
1.793713741982116971e-07
1.460237973871514328e-07
1.120667540988051769e-07
8.042763788296269922e-08
5.316746864991728216e-08
3.158866335173371453e-08
1.575045183166423612e-08
5.567144523155320712e-09
2.828440814894861433e-10
6.141889219435370251e-10
1.721275566524127498e-09
6.464397905858731974e-09
2.582181930299923267e-10
