0.000000000000000000e+00
3.161007608309951422e-05
3.581535247432210411e-05
3.669738036160552497e-05
3.693719775443859987e-05
3.700532146611035245e-05
3.702051065801459373e-05
3.701742551165398964e-05
3.700859967947778273e-05
3.699822776992434115e-05
3.698848004862753669e-05
3.697907294308855342e-05
3.697067054153624355e-05
3.696333363756298951e-05
3.695676550663495874e-05
3.695111580581666999e-05
3.694617193650273634e-05
3.694167516909985238e-05
3.693789207004360975e-05
3.693448762454032419e-05
3.693126234127763752e-05
3.692848514758040324e-05
3.692589897075215788e-05
3.692367206054036899e-05
3.692172332059318052e-05
3.691999508659282725e-05
3.691834722707731942e-05
3.691680062700708476e-05
3.691535324645833782e-05
3.691419120310790447e-05
3.691307460929049711e-05
3.691207130041007645e-05
3.691118111726066076e-05
3.691036977171435751e-05
3.690964142044617091e-05
3.690893406327333537e-05
3.690817988932781901e-05
3.690761251451402103e-05
3.690730260830221710e-05
3.690681313861521318e-05
3.690634504249779013e-05
3.690616149865100226e-05
3.690574000603241700e-05
3.690556789270882376e-05
3.690536826250756519e-05
3.690520392152230045e-05
3.690496244712626606e-05
3.690489394791995892e-05
3.690496945396581907e-05
3.690486288232541767e-05
3.690504511233427820e-05
3.690495225994183670e-05
3.690512417930946754e-05
3.690520822341447627e-05
3.690539096812273101e-05
3.690584973758959109e-05
3.690596465300011175e-05
3.690623164243067578e-05
3.690662042910020091e-05
3.690705688996764877e-05
3.690763703723121125e-05
3.690816679613462270e-05
3.690880251905337417e-05
3.690946978129883149e-05
3.691020926854804429e-05
3.691106333292282216e-05
3.691194311639112158e-05
3.691295084440326946e-05
3.691408584427513517e-05
3.691518909343383115e-05
3.691663876237427644e-05
3.691813559303369630e-05
3.691975841124683910e-05
3.692143565714456344e-05
3.692350975736946594e-05
3.692553971335055252e-05
3.692822567025189073e-05
3.693097535195644099e-05
3.693401300486343075e-05
3.693726123077389900e-05
3.694125130793146639e-05
3.694558727374008811e-05
3.695037137507739544e-05
3.695591634000905401e-05
3.696242957984541277e-05
3.696965305366450849e-05
3.697765067933733718e-05
3.698704343424452645e-05
3.699705464221825224e-05
3.700724044519709821e-05
3.701657814136893876e-05
3.702074707145897037e-05
3.700964102415493784e-05
3.695400998737774501e-05
3.675707375117021058e-05
3.604143442070828485e-05
3.278848653676114111e-05
9.673938677012827725e-06
2.204074926561716552e-04
0.000000000000000000e+00
