0.000000000000000000e+00
1.058436014389485536e-06
1.179717386223799735e-06
1.228838140132637591e-06
1.294772940974020514e-06
1.379014244351495222e-06
1.478888229655694886e-06
1.592223278445992207e-06
1.719391447552176544e-06
1.856025422020124438e-06
1.999950245412662753e-06
2.151233196689972260e-06
2.305201730390393777e-06
2.459921257580433007e-06
2.613774922055611682e-06
2.763991687526612395e-06
2.905618466608750339e-06
3.040811946797283838e-06
3.165159879969792200e-06
3.277638917831282583e-06
3.373790620875283253e-06
3.450132529447813567e-06
3.512020237739221784e-06
3.557684905119984364e-06
3.581718957645918522e-06
3.587808393046287847e-06
3.573135091250456696e-06
3.539034888033754100e-06
3.484447752777342089e-06
3.415302814557819033e-06
3.326397906899813961e-06
3.223336144775323930e-06
3.105079070309102462e-06
2.976930772558006311e-06
2.838275894978536940e-06
2.692377851998273286e-06
2.539694860970165280e-06
2.385586862385657980e-06
2.230076717069096048e-06
2.077980417736213781e-06
1.930895348833949754e-06
1.789683658381946429e-06
1.658279389249450730e-06
1.538081404905966565e-06
1.429196098245988367e-06
1.337102277121360316e-06
1.262517287936582022e-06
1.205021822991980684e-06
1.164920290230853084e-06
2.051657184753974406e-06
2.137896747633760697e-06
1.165631570709813047e-06
1.204749334071664180e-06
1.262214809005790528e-06
1.337236831044918972e-06
1.430203430796694875e-06
1.536344382158105759e-06
1.657108430697107337e-06
1.789063441615112993e-06
1.929279154988527978e-06
2.077073166795173620e-06
2.230268789316092182e-06
2.384211543082770390e-06
2.538927160733450705e-06
2.691205662985751701e-06
2.836849255727358354e-06
2.975566473994994965e-06
3.105197474151388803e-06
3.224992846440066785e-06
3.328075767639049332e-06
3.414751438390872806e-06
3.483428661965604078e-06
3.537411640386345368e-06
3.572240339089205463e-06
3.586519365494922340e-06
3.582671759816413726e-06
3.558134709424898290e-06
3.513118282949534432e-06
3.451407956767127416e-06
3.371872913104922986e-06
3.275984999273617859e-06
3.164305347080897945e-06
3.041091826250230667e-06
2.906434852789629986e-06
2.764255343956634192e-06
2.614157163960406649e-06
2.460694248918038340e-06
2.305587602613456966e-06
2.150991781912914291e-06
2.000968533533153959e-06
1.856643227382548389e-06
1.720043953712391271e-06
1.593925016862840494e-06
1.479192446751653733e-06
1.377835199711796577e-06
1.295077472152073028e-06
1.228925933238755874e-06
1.179711609289313401e-06
1.058552494215270201e-06
0.000000000000000000e+00
