0.000000000000000000e+00
1.901635230394660425e-07
3.638592180887911809e-07
5.221853266457188170e-07
6.631791502620387746e-07
7.956576006939997114e-07
9.136172348656046438e-07
1.023209761807919449e-06
1.120544804389389526e-06
1.212787714699459229e-06
1.290087311867083031e-06
1.368238362275953079e-06
1.435617738021477408e-06
1.494518373612585549e-06
1.551342287187118529e-06
1.603531065930141608e-06
1.647437534391116287e-06
1.689470660481973141e-06
1.729869478550583040e-06
1.762270307126279079e-06
1.794479842498475364e-06
1.824067327738099209e-06
1.849528394659571973e-06
1.872354657539432310e-06
1.892711179118933273e-06
1.910742473354432036e-06
1.923265861680789612e-06
1.940315640602818803e-06
1.950819581875151698e-06
1.961883940193587250e-06
1.967832426008619962e-06
1.976023146332828162e-06
1.980430066383931376e-06
1.981876716294905805e-06
1.984061347770627037e-06
1.981298303421752394e-06
1.980842099680302226e-06
1.976644510293112944e-06
1.967435747207701979e-06
1.962937461907898751e-06
1.953338569671281277e-06
1.940585186765986236e-06
1.928332256317943916e-06
1.912756727673325940e-06
1.893732589963725843e-06
1.874925567357799139e-06
1.852404054591971772e-06
1.827268704790441234e-06
1.799334625074422433e-06
1.768392100975901826e-06
1.734203853853699684e-06
1.696501941372829947e-06
1.653622473951621430e-06
1.609310599559599098e-06
1.559098400605307688e-06
1.503917883560745850e-06
1.443286994362580344e-06
1.374144829258128198e-06
1.303451377165920633e-06
1.222971245495863002e-06
1.132902620493148049e-06
1.037150809235498627e-06
9.271817630329692861e-07
8.122843965230330809e-07
6.827019086719232632e-07
5.383885954834966014e-07
3.836531273782028961e-07
2.118622337565767566e-07
2.372949681195279936e-08
1.838430457867801238e-07
4.052042315016990415e-07
6.470435705008270588e-07
9.069466344602261643e-07
1.183771747292894361e-06
1.475242035753332459e-06
1.777646292389079008e-06
2.085566005005645707e-06
2.395333569049640232e-06
2.690621446754803969e-06
2.964077076006432776e-06
3.200447626583446947e-06
3.398022038525461141e-06
3.535878765115185729e-06
3.605626135660955356e-06
3.620175653695767437e-06
3.544670081789824678e-06
3.420850366087080374e-06
3.229790357162087844e-06
2.991565597021406120e-06
2.730831576647219094e-06
2.434240679249910499e-06
2.125512825301711928e-06
1.814442477376942975e-06
1.518729797034268358e-06
1.218043812922786628e-06
9.438137597017615121e-07
6.773007410476594714e-07
4.373267317170359547e-07
2.075814877766646305e-07
0.000000000000000000e+00
