0.000000000000000000e+00
2.398225269040210605e-06
4.379536908571957099e-06
6.379410956824926870e-06
8.084754192450027688e-06
9.638929834299148069e-06
1.107306783831862873e-05
1.239325373825206356e-05
1.353730197450886408e-05
1.463161589487782521e-05
1.561288644025271566e-05
1.645329869370826259e-05
1.731127592741188437e-05
1.804759830525970443e-05
1.871770250816418013e-05
1.928214911595116376e-05
1.983750509781945226e-05
2.034235918335625115e-05
2.080086374922629489e-05
2.125959162035950811e-05
2.163556999512650236e-05
2.197510045354178487e-05
2.228074086119136155e-05
2.253868524326740896e-05
2.279910188196510035e-05
2.299962849228176509e-05
2.320557837909298371e-05
2.337051811140966606e-05
2.349572549076306416e-05
2.362940380706834986e-05
2.372507344183816258e-05
2.375943748833542202e-05
2.381239977233828853e-05
2.388410158582487952e-05
2.389559563842347245e-05
2.388656641227893118e-05
2.385695582796110159e-05
2.379091506099495490e-05
2.367965276506289740e-05
2.362633799801727719e-05
2.352683377071507209e-05
2.337289169695999647e-05
2.322667873955186479e-05
2.303971980643915174e-05
2.278561706603454695e-05
2.256955602097932001e-05
2.231526054741195253e-05
2.195536068283487907e-05
2.163583993086692914e-05
2.130673980971220516e-05
2.085296462750463320e-05
2.042693992809763159e-05
1.994522555459621316e-05
1.937978229804571129e-05
1.874798821877021737e-05
1.811393169970365591e-05
1.740336891065119573e-05
1.660335943631796596e-05
1.572412629580188792e-05
1.468799714654522859e-05
1.364708829143523872e-05
1.254117023574696788e-05
1.125552295666576441e-05
9.748000089793151801e-06
8.281741269322573373e-06
6.548986225318742527e-06
4.617706886977934744e-06
2.636443992010129023e-06
2.834680297159053453e-07
2.136617344827840270e-06
4.819762789765036359e-06
7.732470844734606885e-06
1.085900559427699363e-05
1.418965389521353870e-05
1.774825724365491908e-05
2.133678533444705039e-05
2.504351027254880790e-05
2.875918563993717925e-05
3.228573135205525801e-05
3.557864298264767910e-05
3.846832269094324630e-05
4.080694597141665270e-05
4.249641011044857919e-05
4.342273384139172521e-05
4.347339257115834243e-05
4.261604009625497014e-05
4.104437450136444454e-05
3.878076935259766600e-05
3.594949137519787286e-05
3.269747423817470633e-05
2.922495821722215226e-05
2.548902217536230808e-05
2.177970109729088222e-05
1.815091478818420256e-05
1.460204048953084310e-05
1.127504034414972267e-05
8.096427256631955061e-06
5.132539399710367434e-06
2.498731318967273296e-06
0.000000000000000000e+00
