0.000000000000000000e+00
5.564540109170845739e-05
6.249074367237206218e-05
6.405978384316224350e-05
6.455029405527668018e-05
6.473288037678326390e-05
6.480632660432750214e-05
6.483654211153488944e-05
6.484833010600432601e-05
6.485075818485341870e-05
6.484966304898254208e-05
6.484647539739540889e-05
6.484278101992480003e-05
6.483853533600925090e-05
6.483452755323693140e-05
6.483077841368256600e-05
6.482719942557668702e-05
6.482398149398882481e-05
6.482109460737017770e-05
6.481848191985939422e-05
6.481596720908644471e-05
6.481360039589656452e-05
6.481157776194734765e-05
6.480963247901261326e-05
6.480790983842688036e-05
6.480638832817575690e-05
6.480495197735969271e-05
6.480357861804453279e-05
6.480242178030781730e-05
6.480132658559512038e-05
6.480044934775719412e-05
6.479946516979584459e-05
6.479865027053666182e-05
6.479797094838257721e-05
6.479729828767766264e-05
6.479668270686911313e-05
6.479621692412340650e-05
6.479555273330994680e-05
6.479509923495996304e-05
6.479475119525179849e-05
6.479450145191467669e-05
6.479408813242493181e-05
6.479393184899429059e-05
6.479357332778157286e-05
6.479338239862020288e-05
6.479326283370667738e-05
6.479329142961010035e-05
6.479307290041536049e-05
6.479318976315706635e-05
6.479312501728173856e-05
6.479322127050934910e-05
6.479325358454968153e-05
6.479336153630832484e-05
6.479336530940127403e-05
6.479352121990800129e-05
6.479376396517633196e-05
6.479412017901253762e-05
6.479440650453138772e-05
6.479464564468351284e-05
6.479519337532213541e-05
6.479558933825124711e-05
6.479613983778609310e-05
6.479662765690452630e-05
6.479713707630008201e-05
6.479796355274292097e-05
6.479864527098033733e-05
6.479933929715020469e-05
6.480028115540825695e-05
6.480133445641023116e-05
6.480235745343065901e-05
6.480340692627262200e-05
6.480466625957692628e-05
6.480616539328298842e-05
6.480757889437693819e-05
6.480944938724864102e-05
6.481129272972729893e-05
6.481334513586123336e-05
6.481568523730718567e-05
6.481801067903525393e-05
6.482068712043709269e-05
6.482368968707685752e-05
6.482675526808812094e-05
6.483018487946079489e-05
6.483409925983618649e-05
6.483809614465929627e-05
6.484212514890064227e-05
6.484609086998549543e-05
6.484917287741254199e-05
6.485076898654629218e-05
6.484894011660191637e-05
6.483915539923224003e-05
6.481278923942124237e-05
6.474871582495822508e-05
6.458977487311390320e-05
6.417057991148222840e-05
6.287214649725036963e-05
5.752755233345840935e-05
3.700433179842921305e-05
2.411927270163927162e-04
0.000000000000000000e+00
