0.000000000000000000e+00
4.449152157803837326e-11
1.756846890188512589e-10
3.929997438589794001e-10
6.932773244372469890e-10
1.072117394862459605e-09
1.524056325585831928e-09
2.038126001302487111e-09
2.607403515320072529e-09
3.223379008154836356e-09
3.877725363032880068e-09
4.556295007951405296e-09
5.253109391922805571e-09
5.957422666291734004e-09
6.650842654387645325e-09
7.318935013600480488e-09
7.965784809549347756e-09
8.571942600177351324e-09
9.129563216525582448e-09
9.626879626800644019e-09
1.006031546957331102e-08
1.041857267125578801e-08
1.070153488047509427e-08
1.089815815369377106e-08
1.100585167446155310e-08
1.103133151492130537e-08
1.096219059970593435e-08
1.081379996659137532e-08
1.057044307639642966e-08
1.025010709643225937e-08
9.853076243793168487e-09
9.386054267146448638e-09
8.857423350328019751e-09
8.275715002170613843e-09
7.647351529804780057e-09
6.987883494069535573e-09
6.307051991782941514e-09
5.605897079874466726e-09
4.903020767166310634e-09
4.216084259489605301e-09
3.547777516210715021e-09
2.910930718691417951e-09
2.317362968184966121e-09
1.774931202014329301e-09
1.290706874712554963e-09
8.739159396142781588e-10
5.341133091363303720e-10
2.744671157017819496e-10
1.008666483670594971e-10
1.323807730102544156e-11
1.195343823923167292e-11
1.002818938999894272e-10
2.771395335443571639e-10
5.359833687990089857e-10
8.775368209867906444e-10
1.290711648671560852e-09
1.774082547534305832e-09
2.316551173109360207e-09
2.910887086926550182e-09
3.549503468924797289e-09
4.218743687722792401e-09
4.908124240365907553e-09
5.607629804948999208e-09
6.305021948982414415e-09
6.991025869318434616e-09
7.655490352753702155e-09
8.278602137146151563e-09
8.866019474140784951e-09
9.390671018572049888e-09
9.855619986787189646e-09
1.025852713887331902e-08
1.057709653196070576e-08
1.081059508578618988e-08
1.096750601448093221e-08
1.103635371979549973e-08
1.101579871765068219e-08
1.090205470344329797e-08
1.070491484345126310e-08
1.042650865645811109e-08
1.006852479168429682e-08
9.629805397537438694e-09
9.135062151166550848e-09
8.577757282246523118e-09
7.969502391347305092e-09
7.326342421620779533e-09
6.648590011870680883e-09
5.956419690811287637e-09
5.256362234362654817e-09
4.561000244152069172e-09
3.879801147022021723e-09
3.224433720028230255e-09
2.607089988337918385e-09
2.036956492368346971e-09
1.522893922079049389e-09
1.073494737546809574e-09
6.960820808643575219e-10
3.948242843776483824e-10
1.767775925642922630e-10
4.434774769634941549e-11
0.000000000000000000e+00
