0.000000000000000000e+00
1.603169149544392269e-06
1.938483556562786703e-06
2.204795605087461752e-06
2.413750815222215351e-06
2.575307661234482737e-06
2.700463591298607469e-06
2.797785016439569006e-06
2.873555954852058392e-06
2.933277526984134909e-06
2.980584913769845912e-06
3.018114468233967784e-06
3.048190533427863613e-06
3.072252540370357110e-06
3.091844379854435942e-06
3.107885798492304730e-06
3.120782904875163410e-06
3.131387352306447269e-06
3.140117048494595053e-06
3.147232049416359700e-06
3.153332975180944686e-06
3.158239105682802972e-06
3.162399901168733152e-06
3.166135099319511426e-06
3.168884509019420648e-06
3.171375872024206899e-06
3.173285618940369091e-06
3.175075571792973506e-06
3.176542847427299421e-06
3.177777405660719978e-06
3.178903106415553736e-06
3.179498465732955026e-06
3.180117142842497913e-06
3.180595380514184001e-06
3.181163305332468383e-06
3.181645107264152728e-06
3.182078719854430915e-06
3.182363680021005337e-06
3.182534314527529773e-06
3.182694096937055406e-06
3.182772991716653621e-06
3.182877428509200968e-06
3.182924284250709945e-06
3.183097404213519610e-06
3.182811713853261892e-06
3.182921765043644768e-06
3.182733539941473566e-06
3.182444322180622009e-06
3.182422483649638423e-06
3.181972499821661415e-06
3.181798891582765521e-06
3.181257829942829574e-06
3.180746929065669804e-06
3.180057024820825973e-06
3.179456991353468709e-06
3.178788793078979324e-06
3.177690541478206399e-06
3.176505379842708976e-06
3.174956387685945458e-06
3.173316446281049252e-06
3.171086273456857896e-06
3.168836790301554629e-06
3.165754589473657177e-06
3.162178320303965506e-06
3.158053066387722652e-06
3.153077137163506904e-06
3.146681317511834663e-06
3.139524844986141261e-06
3.130743816970316118e-06
3.119770652593167881e-06
3.106808541653016675e-06
3.090276247452727887e-06
3.070491298884370224e-06
3.045886538988185066e-06
3.015129550920647716e-06
2.976732523696234978e-06
2.928442286220800383e-06
2.867437251419246991e-06
2.790217320969290427e-06
2.690638891578167602e-06
2.562672324901704712e-06
2.396907262558478635e-06
2.183149430456943207e-06
1.910901460511205130e-06
1.568903891913109305e-06
2.756834303480060200e-06
7.309756140383427692e-07
3.938940142944602485e-07
4.331833954873687276e-07
1.301553067434291222e-06
3.331158482389184883e-06
5.896155066298369718e-06
7.055012861689746728e-06
5.670782825983877729e-06
3.093664245557015136e-06
1.163108926394151865e-06
3.974238294013332506e-07
4.101091740649209783e-07
7.667437504910168400e-07
9.640183616654862675e-16
