0.000000000000000000e+00
4.893818350559797636e-09
6.992566969898916796e-09
6.788536732749150815e-09
5.466831765055246706e-09
3.227601852451300601e-09
3.762843370225255057e-10
2.678873678441107131e-09
5.935540836610186943e-09
9.076478124647735513e-09
1.220550649438933988e-08
1.504810809294099272e-08
1.759464629547125014e-08
2.014191036181500749e-08
2.215087069323828928e-08
2.424559297775630284e-08
2.619318195673514538e-08
2.769777585065469339e-08
2.904849982776624984e-08
3.027336725747176160e-08
3.143679172534774580e-08
3.228038947256095526e-08
3.313276319971691919e-08
3.394044345572666543e-08
3.444092755433558750e-08
3.482553523337372781e-08
3.549891069987154424e-08
3.551067895291026844e-08
3.584436869541463011e-08
3.610903143158594730e-08
3.646383650579565483e-08
3.659598035721245424e-08
3.664522696400496216e-08
3.673426562933457262e-08
3.667877312985012850e-08
3.664836312200492330e-08
3.675564785865503836e-08
3.657125968725694065e-08
3.640792234360645807e-08
3.616058841249270017e-08
3.597411302180830717e-08
3.578139040616434841e-08
3.531887471375227960e-08
3.515531632469759415e-08
3.436664230971331335e-08
3.390183689333525763e-08
3.322633379543304954e-08
3.233937395652475288e-08
3.142192106508900906e-08
3.058272046718713000e-08
2.943891086459871076e-08
2.807102006396888783e-08
2.643722241124635275e-08
2.435797064048728089e-08
2.241498620048076873e-08
2.043679603325188054e-08
1.798867532709635952e-08
1.533839089074007234e-08
1.254885428902952071e-08
9.458136163154051701e-09
6.324237911137231549e-09
3.099345668999831105e-09
2.332012360994895062e-11
2.831730849806035621e-09
5.056439267292489603e-09
6.619997439116787064e-09
6.723362866445370400e-09
5.229604749246163919e-09
7.393827772261829523e-10
7.119800859989311448e-09
1.966823082177882043e-08
3.853323171654210455e-08
6.485986836501922426e-08
9.987688420753926266e-08
1.452954873082390463e-07
2.020471767671949692e-07
2.696624681330916928e-07
3.469293360369718471e-07
4.319381693429491520e-07
5.193680850945625593e-07
6.029857660960757926e-07
6.754578150136580916e-07
7.295355396452762875e-07
7.597495239597407135e-07
7.614505230790769019e-07
7.347016280911944364e-07
6.839772961342305280e-07
6.128904911362198504e-07
5.295319115417029820e-07
4.426852697747563070e-07
3.567233010093318057e-07
2.783367990533136549e-07
2.095816405978112584e-07
1.515803051965747272e-07
1.050219186060630250e-07
6.860134582620247556e-08
4.118936403063599982e-08
2.187858627600292039e-08
8.607002999205803917e-09
6.661338147750939243e-16
