0.000000000000000000e+00
9.052243399310100358e-10
1.672241123351625447e-09
2.290043599195712432e-09
2.771715301719268609e-09
3.145378624225259045e-09
3.433458073409667577e-09
3.656280389563448807e-09
3.828961592233781630e-09
3.963497530179438400e-09
4.068662295964031728e-09
4.151843091548812481e-09
4.217716842447316594e-09
4.269953390867442522e-09
4.311195400674705525e-09
4.344511639331471997e-09
4.370305006773378409e-09
4.392815666776073158e-09
4.409636100710656592e-09
4.423220678617667545e-09
4.434822953314210281e-09
4.443338696979992619e-09
4.451294111085246641e-09
4.456810587250004119e-09
4.460596669808580828e-09
4.464417058258618454e-09
4.467327396895370839e-09
4.469576153631749094e-09
4.471395476102202338e-09
4.473597381426941411e-09
4.474568937595790885e-09
4.475220638511245852e-09
4.475339654419485669e-09
4.475820936100660674e-09
4.476074066950275210e-09
4.476536363817729125e-09
4.476735204761439491e-09
4.476361947780560513e-09
4.476276460607664376e-09
4.476238602002524658e-09
4.477457737905865542e-09
4.476895743010800288e-09
4.477009540870824367e-09
4.476581549894831369e-09
4.477452630879952267e-09
4.476910953066237653e-09
4.476647053053284253e-09
4.477125448154595233e-09
4.477103576761010117e-09
4.476580328649504281e-09
4.476560899746573341e-09
4.476435000455580848e-09
4.475785742030780057e-09
4.476186976631879588e-09
4.474586479119579963e-09
4.474563386480667759e-09
4.473564740870017431e-09
4.472244574671435657e-09
4.469400849416160781e-09
4.467410441577612801e-09
4.464445479968048858e-09
4.460667279992946987e-09
4.456042201894661048e-09
4.450201984695922874e-09
4.442664458537137762e-09
4.433834521755386504e-09
4.422027077843893039e-09
4.407550324714293311e-09
4.391056407371252135e-09
4.368496897555473879e-09
4.341300208210441269e-09
4.307983969553674797e-09
4.265707009842856223e-09
4.212276083492838552e-09
4.145318421855392899e-09
4.060440650377472593e-09
3.952572047438707159e-09
3.814854543371382078e-09
3.637382839372094168e-09
3.409241555729636275e-09
3.114021929206955974e-09
2.731018300394794096e-09
2.237925844639221395e-09
1.606421218269815654e-09
8.233933534995685477e-10
9.008538359722706446e-11
1.018248818596134697e-09
1.610686806152727968e-09
1.104589752998208496e-09
1.710195318693763511e-09
7.672302460015600900e-09
1.493420864751016097e-08
1.820288997311791945e-08
1.432062790573951361e-08
6.986653144913645974e-09
1.310541009047483385e-09
1.232925761485148541e-09
1.586779152518147384e-09
9.371065035068681937e-10
2.886579864025407005e-15
