0.000000000000000000e+00
2.822618805353727112e-10
4.340157122584287208e-10
5.265039515478520116e-10
5.927389690185691506e-10
6.486671200178761865e-10
6.972964428086925182e-10
7.431265602875214427e-10
7.866021167757253352e-10
8.289664510385819085e-10
8.682494723188938224e-10
9.051762672740437665e-10
9.405350942515156021e-10
9.715531712473080006e-10
1.001405625089546447e-09
1.028978013906112210e-09
1.055059373200606387e-09
1.078113154306947763e-09
1.101054136753987223e-09
1.122454573732056815e-09
1.140657790443810882e-09
1.158069529161309674e-09
1.173526387177048491e-09
1.187610232378233377e-09
1.200927579603217055e-09
1.214878087019144459e-09
1.226327372982893849e-09
1.235519242470672907e-09
1.245281100459294521e-09
1.254215509227663006e-09
1.262900783949305605e-09
1.269981120266550079e-09
1.276138306138818734e-09
1.281987072054846521e-09
1.286928341670545706e-09
1.291168061356984254e-09
1.294749862879029934e-09
1.297836171865185406e-09
1.300240026758103795e-09
1.302897123522939182e-09
1.305122676598102771e-09
1.306007524348729021e-09
1.306307728654587663e-09
1.306340258189209180e-09
1.305742292068146071e-09
1.304725993911404203e-09
1.301947327725372361e-09
1.300701879536347860e-09
1.297478458006651181e-09
1.294394591511149883e-09
1.290848983259706984e-09
1.286416417833891046e-09
1.281543537956508771e-09
1.275405336897961206e-09
1.268539717713679238e-09
1.262304927251989284e-09
1.252673520468761126e-09
1.243762315361607307e-09
1.233959490143377025e-09
1.225120227488218916e-09
1.212900224700774743e-09
1.200208599172469803e-09
1.186282960752294002e-09
1.172313801589552895e-09
1.156126305801308263e-09
1.139460859000962500e-09
1.119722314868454305e-09
1.099383140079623900e-09
1.075214139945046554e-09
1.053230058722931517e-09
1.025416085376207320e-09
9.980118953478722688e-10
9.682932233801011535e-10
9.359870656311386483e-10
9.000376000045662295e-10
8.646569016335092783e-10
8.249489980016733170e-10
7.836871152022695242e-10
7.389233669385930625e-10
6.925803264223873157e-10
6.438499733363300948e-10
5.860550933434183207e-10
5.165122773931329903e-10
4.205995551842534041e-10
2.638714802216668431e-10
3.990219266114536367e-11
6.588281031838505442e-10
1.942350724704056120e-09
4.511186313393977798e-09
9.229533803889466981e-09
1.639440672107639330e-08
2.390836484345015833e-08
2.708744861745771004e-08
2.330190684851629612e-08
1.563162255191485883e-08
8.664319373075102249e-09
4.186211155499108827e-09
1.771780944181955419e-09
5.704666738992614228e-10
3.330669073875469621e-16
