0.000000000000000000e+00
9.952239032884335757e-11
1.530273685546035267e-10
1.856390596799428749e-10
2.089942663374699805e-10
2.287126044109299983e-10
2.458602210708704661e-10
2.620189620827773069e-10
2.773445917370054303e-10
2.922839748009664618e-10
3.061376707691465526e-10
3.191559239112962132e-10
3.316250607454662713e-10
3.425597583373019006e-10
3.530861159006803973e-10
3.628077838158105806e-10
3.720046493072004523e-10
3.801307046913393606e-10
3.882227872509247391e-10
3.957664196363452902e-10
4.021825095179565324e-10
4.083249294239976734e-10
4.137749032295801044e-10
4.187404867295185795e-10
4.234350647891460540e-10
4.283554622119822852e-10
4.323925661964267420e-10
4.356305316477460110e-10
4.390755536931578717e-10
4.422231469902726531e-10
4.452875845828430101e-10
4.477850312767372998e-10
4.499551842229720933e-10
4.520173124689108590e-10
4.537561437700787792e-10
4.552542787195079654e-10
4.565180455884387811e-10
4.576059531302689720e-10
4.584517210304284163e-10
4.593873059732800357e-10
4.601742320531343466e-10
4.604886472137081910e-10
4.605941184010475808e-10
4.606045544974790573e-10
4.603949443904298278e-10
4.600326786174946392e-10
4.590550162220097263e-10
4.586144797258384642e-10
4.574789436162518541e-10
4.563917022082364383e-10
4.551427013055331372e-10
4.535791742199535292e-10
4.518599938663214743e-10
4.496976124812590569e-10
4.472735515292924902e-10
4.450764201635593054e-10
4.416809140650457266e-10
4.385400931283811587e-10
4.350805271613467085e-10
4.319671287333903820e-10
4.276557996618635116e-10
4.231814898503216682e-10
4.182758583937129515e-10
4.133486886104265068e-10
4.076408099962236520e-10
4.017637333930679233e-10
3.948014137833411041e-10
3.876300391780773680e-10
3.791125191554556295e-10
3.713569451946341360e-10
3.615521215749595285e-10
3.518908497923689538e-10
3.414126759082591889e-10
3.300175688281115072e-10
3.173460383365522830e-10
3.048713503872590991e-10
2.908689955560816998e-10
2.763200779298813359e-10
2.605385907017421232e-10
2.441953306231425813e-10
2.270134080717411962e-10
2.066394833022400235e-10
1.821176542904368034e-10
1.482993727819348351e-10
9.303946502114968098e-11
1.406785798963028356e-11
2.322972925128397037e-10
6.848589473307242770e-10
1.590607867640869699e-09
3.254258640339457997e-09
5.780542378097663914e-09
8.429908771034888559e-09
9.550832236193684821e-09
8.216074931510775059e-09
5.511588518913868029e-09
3.054964725635045397e-09
1.476019195756350655e-09
6.247166117745450720e-10
2.011423250181110234e-10
2.220446049250313081e-16
