0.000000000000000000e+00
3.719658847822771008e-05
4.213654775697683874e-05
4.317033368539391347e-05
4.345090514523697323e-05
4.353141257995574165e-05
4.354923324512149918e-05
4.354572912923515560e-05
4.353528612566215372e-05
4.352359418502427246e-05
4.351157454385301548e-05
4.350040728828830083e-05
4.349084047405860076e-05
4.348215526794874108e-05
4.347441996033207801e-05
4.346779715092008445e-05
4.346196959803538817e-05
4.345669064864665643e-05
4.345239140546297563e-05
4.344812750944893054e-05
4.344445403758889768e-05
4.344119198518292535e-05
4.343828902553248383e-05
4.343567826403660348e-05
4.343341629364783074e-05
4.343117853089495384e-05
4.342914367894135097e-05
4.342748715924216185e-05
4.342588825612114789e-05
4.342449255567704114e-05
4.342312064675724059e-05
4.342189202566348882e-05
4.342090473430371134e-05
4.341990562695130507e-05
4.341903125471002767e-05
4.341810095487286247e-05
4.341758365655756791e-05
4.341677323604908878e-05
4.341627316695184646e-05
4.341575208832715305e-05
4.341523314477235829e-05
4.341490440806783369e-05
4.341441366595422124e-05
4.341412958941415212e-05
4.341417213482579029e-05
4.341386656370183061e-05
4.341368035698511818e-05
4.341363268201003933e-05
4.341355837478300117e-05
4.341366779370137152e-05
4.341350183334480306e-05
4.341370384064457966e-05
4.341380293071406271e-05
4.341387611406233304e-05
4.341419858033823687e-05
4.341464789314741779e-05
4.341479408187520761e-05
4.341521253214963849e-05
4.341553153031085799e-05
4.341614330749532513e-05
4.341662234508270046e-05
4.341737156154934496e-05
4.341809024932530292e-05
4.341887635417318592e-05
4.341981446698284230e-05
4.342067953300166039e-05
4.342182565775232206e-05
4.342293884940229276e-05
4.342417536529197264e-05
4.342559038661431003e-05
4.342716575422844727e-05
4.342888104502673485e-05
4.343077683965912428e-05
4.343294869435521122e-05
4.343535192274927681e-05
4.343775137405359033e-05
4.344083910823304251e-05
4.344384079524310494e-05
4.344768029795886832e-05
4.345153409501811836e-05
4.345606707456539652e-05
4.346121389164903093e-05
4.346701224422488963e-05
4.347355665001995106e-05
4.348084448146938286e-05
4.348954627508838655e-05
4.349910037326765178e-05
4.350975304767690233e-05
4.352183172084966856e-05
4.353378241039873586e-05
4.354459699074109125e-05
4.355000950573284513e-05
4.353644518806376595e-05
4.347100483959032147e-05
4.324003604860848782e-05
4.239965316532590123e-05
3.857720187872004658e-05
1.144081380410888471e-05
2.594566554605659547e-04
7.771561172376095783e-16
