0.000000000000000000e+00
2.004494192853201184e-08
2.896357187420761647e-08
2.956446887303343374e-08
2.361044437737547241e-08
1.357236212307100232e-08
1.582425745993987221e-09
1.193868703897038586e-08
2.582141989115882552e-08
3.942364279474475097e-08
5.275617609434846145e-08
6.484772518966508414e-08
7.600178630884357744e-08
8.684684515980478636e-08
9.624491814630431463e-08
1.052420122160668825e-07
1.125817226110825686e-07
1.191582825743608964e-07
1.253506956011563034e-07
1.305648823501925904e-07
1.355263467006651013e-07
1.392260355892460666e-07
1.430539190439006347e-07
1.465890784313472750e-07
1.477946085515213781e-07
1.501702212580724449e-07
1.522423082045420983e-07
1.539050198395841562e-07
1.546838122035154584e-07
1.558961683079118643e-07
1.572231261848244799e-07
1.578895951759307081e-07
1.580158713876400611e-07
1.581991760923884272e-07
1.582878973449552973e-07
1.583792834658481752e-07
1.589610482133352320e-07
1.577681741915526459e-07
1.573784498276609156e-07
1.560972200387311659e-07
1.550807680050780846e-07
1.544392468355582082e-07
1.520988807124368236e-07
1.506051550137499362e-07
1.491521350871494178e-07
1.462820495845562618e-07
1.430151602699325508e-07
1.395509319213061872e-07
1.361213103345804143e-07
1.310739214943623665e-07
1.272513335814906554e-07
1.197691912313558760e-07
1.130344078337230940e-07
1.053334964806751373e-07
9.692273073014234797e-08
8.789705752132448424e-08
7.799548451536963967e-08
6.644001804279042744e-08
5.396802704726866295e-08
4.120330021617490956e-08
2.737684012821262058e-08
1.437534269399520781e-08
7.901682641531238005e-10
1.157899909287607443e-08
2.108693619717882939e-08
2.756426797922983951e-08
2.842383506340695476e-08
2.081026817535303053e-08
2.620121675178666010e-09
3.232691603294313154e-08
8.696461417656564663e-08
1.678000105531651798e-07
2.809033561312901384e-07
4.320792130751982540e-07
6.265681495865038642e-07
8.709128545003608224e-07
1.161639814672987825e-06
1.496687657143169758e-06
1.862111199124605321e-06
2.237983990793779299e-06
2.595289278928269994e-06
2.909772888970429960e-06
3.141205003220903791e-06
3.270757568563098516e-06
3.277708871762818887e-06
3.162321195127049123e-06
2.943592966708763470e-06
2.636236004494030283e-06
2.280539285970384356e-06
1.906789800609764995e-06
1.536825982917378042e-06
1.197994743851182875e-06
9.032593411006928363e-07
6.533284460097377178e-07
4.511876718904517247e-07
2.949953378239555946e-07
1.774610358662442877e-07
9.370874198832979118e-08
3.560669759039569726e-08
0.000000000000000000e+00
