0.000000000000000000e+00
1.318256503957115910e-09
1.904538415864465151e-09
1.943633143319800638e-09
1.551505146579756911e-09
8.907310444783433923e-10
1.015613149135674576e-10
7.883096397875988259e-10
1.701937701881206522e-09
2.597073445187447760e-09
3.474448506679550519e-09
4.270167219821985327e-09
5.004177516809704684e-09
5.717828877038755309e-09
6.336273283835680559e-09
6.928318363463858987e-09
7.411317559657959464e-09
7.844089600084203084e-09
8.251596850250564330e-09
8.594702616271376883e-09
8.921182348409217866e-09
9.164645042858410307e-09
9.416535884376742160e-09
9.649171683889790074e-09
9.728541305875637590e-09
9.884871143839291108e-09
1.002119554005531654e-08
1.013063388732859949e-08
1.018187067991505046e-08
1.026164997419698466e-08
1.034896701668230889e-08
1.039281560810678684e-08
1.040113506434181545e-08
1.041319053207701018e-08
1.041902342180378582e-08
1.042506037052248757e-08
1.046330322385102818e-08
1.038484487292379299e-08
1.035919050540456965e-08
1.027487905869151064e-08
1.020794826445126091e-08
1.016571538059451996e-08
1.001173355330564618e-08
9.913428966612514159e-09
9.817770374453971272e-09
9.628897679192505166e-09
9.413913426570275078e-09
9.185938676381510959e-09
8.960227559917655071e-09
8.628112002639909406e-09
8.376507487639628380e-09
7.884172315009152499e-09
7.440979832296079621e-09
6.934204987985026492e-09
6.380721395693456088e-09
5.786760071124774640e-09
5.135120217936162135e-09
4.374703710396943279e-09
3.553911831488676398e-09
2.713896551931327394e-09
1.803958538104666331e-09
9.482503671165432024e-10
5.411981973679758084e-11
7.600418072684078652e-10
1.386004644388094675e-09
1.812624050856470603e-09
1.869700505530147439e-09
1.369362401248963579e-09
1.732294307998927252e-10
2.125300602173751940e-09
5.719247964108831184e-09
1.103673574753827324e-08
1.847713759772773301e-08
2.842234980704461123e-08
4.121727736894342797e-08
5.729222518624510485e-08
7.641873545072286333e-08
9.846105220034928607e-08
1.225020557216183192e-07
1.472306045968707622e-07
1.707376905413227064e-07
1.914278665582358485e-07
2.066537165834603229e-07
2.151774143310802856e-07
2.156348091197912709e-07
2.080437282447888947e-07
1.936540661162666765e-07
1.734333158198708702e-07
1.500321714642538495e-07
1.254435201269998856e-07
1.011037752407517587e-07
7.881239449947230469e-08
5.942207459419535098e-08
4.297949873777184848e-08
2.968106582734719723e-08
1.940566729530246448e-08
1.167358976150723038e-08
6.164055488255826276e-09
2.342042337843963651e-09
0.000000000000000000e+00
