0.000000000000000000e+00
1.504117608241983817e-09
2.173133895055912035e-09
2.217861005959775866e-09
1.770602553463618278e-09
1.016854933588717813e-09
1.165909591094305142e-10
8.985504562630808323e-10
1.940812621725740428e-09
2.961974332471584148e-09
3.962892458631017689e-09
4.870665426537357234e-09
5.708032824180975240e-09
6.522170914458058633e-09
7.227699216905136836e-09
7.903108167894856706e-09
8.454125510759524786e-09
8.947839469364282650e-09
9.412747470349813739e-09
9.804144940339654113e-09
1.017659501112433418e-08
1.045433750679336526e-08
1.074169730941321177e-08
1.100709468015992343e-08
1.109765312978794327e-08
1.127599702499537671e-08
1.143149130911069733e-08
1.155635442895430742e-08
1.161478957456552052e-08
1.170580365972284653e-08
1.180541420175984513e-08
1.185543008208611582e-08
1.186492315508047568e-08
1.187866405238935386e-08
1.188532305906875308e-08
1.189222986752724864e-08
1.193583709646617308e-08
1.184634945694540420e-08
1.181708275677095799e-08
1.172089425516276151e-08
1.164451157720236552e-08
1.159633711278473811e-08
1.142068994930411918e-08
1.130853566344569572e-08
1.119939485594301232e-08
1.098392021781080530e-08
1.073865685263797332e-08
1.047857489666625952e-08
1.022107420922679921e-08
9.842211490251884243e-09
9.555156665896902268e-09
8.993498723519621763e-09
8.487886726804561022e-09
7.909742971712319104e-09
7.278311953129446010e-09
6.600704649528665868e-09
5.857270557463323257e-09
4.989787250053723255e-09
4.053373414691918697e-09
3.095082079518363116e-09
2.057009562683731474e-09
1.080780465123609702e-09
6.074307723480387722e-11
8.680456353715726436e-10
1.582117770126956202e-09
2.068762494644715844e-09
2.133788701286221112e-09
1.562866169813048600e-09
1.981326214206546865e-10
2.424303646719749850e-09
6.524647488959089969e-09
1.259132376141280929e-08
2.107996710520865236e-08
3.242625634669593637e-08
4.702374256648766959e-08
6.536319219208053255e-08
8.718398258888981900e-08
1.123310719997050455e-07
1.397584193929546359e-07
1.679700464274347382e-07
1.947880851060901364e-07
2.183925881249493273e-07
2.357627618687629933e-07
2.454872077839453937e-07
2.460089689737543495e-07
2.373488772189347173e-07
2.209328385793796201e-07
1.978642237832062278e-07
1.711670762905015408e-07
1.431151956943210735e-07
1.153470176040727324e-07
8.991569244720665210e-08
6.779390793187900499e-08
4.903501649167196774e-08
3.386310076791687607e-08
2.214006000755830428e-08
1.331858523467843725e-08
7.032735949152879584e-09
2.672132515257885643e-09
0.000000000000000000e+00
