0.000000000000000000e+00
3.623836386523748843e-08
5.085298027118767550e-08
6.591164403157989682e-08
8.089750636042225551e-08
9.558024094413752891e-08
1.097395169180614971e-07
1.231001497403738654e-07
1.355360241817038514e-07
1.470775494727405430e-07
1.577920664130871842e-07
1.675288148206277583e-07
1.765960963018287089e-07
1.848165659401601602e-07
1.922501705609036549e-07
1.990112982186431623e-07
2.051286441817623540e-07
2.106932394108085305e-07
2.156635146022267691e-07
2.201212424557397185e-07
2.240742392745076472e-07
2.277101714964757662e-07
2.309460152005726741e-07
2.338090994147279389e-07
2.363113404957317698e-07
2.384450611403465814e-07
2.404318107940284222e-07
2.421185630874234107e-07
2.434451110699953347e-07
2.445804153650144031e-07
2.455683046909129530e-07
2.463557612353284298e-07
2.468222670692910015e-07
2.471652408297941861e-07
2.472801756692177833e-07
2.471428294237298928e-07
2.468456151705211710e-07
2.464289652337470216e-07
2.457197023630897093e-07
2.447461834309549999e-07
2.435891590657490724e-07
2.423166292064848903e-07
2.406869562543434427e-07
2.387254206537292589e-07
2.365450776364852459e-07
2.340973253023292955e-07
2.312637819024132568e-07
2.281140244475565737e-07
2.245321185645465789e-07
2.206036390228760524e-07
2.162319678866708728e-07
2.113878675435998389e-07
2.058723359565917121e-07
1.998249531398599288e-07
1.931490981599282009e-07
1.857751940059770845e-07
1.776032684253081584e-07
1.686717452376029769e-07
1.590836945508655731e-07
1.484204635859853738e-07
1.369485090885191880e-07
1.245347864831103379e-07
1.114130688817382975e-07
9.727407512816199642e-08
8.270737783533377296e-08
6.776301819666485926e-08
5.267542613207609747e-08
3.796138936529303010e-08
9.451088373024774114e-08
1.262431825743703939e-08
3.858142472168424320e-09
8.468006296169505731e-10
3.200806286685065061e-11
8.267331153000156974e-09
2.503109741702758129e-08
5.123973312315399653e-08
8.798087569594770230e-08
1.346049324224551924e-07
1.892422311078334474e-07
2.483272641962130933e-07
3.071677942001471706e-07
3.595620694518686378e-07
3.991515570289649872e-07
4.214759118381650183e-07
4.227156658043185189e-07
4.029329100374567929e-07
3.652497831962975283e-07
3.138848475581212938e-07
2.554864229065145764e-07
1.962865949778347385e-07
1.408112028089547607e-07
9.303861936427182400e-08
5.515542478295998308e-08
2.756079819921097851e-08
9.738910677903334090e-09
5.620880427770202914e-10
1.075261546468198048e-09
3.012060934004523460e-09
1.131247095997878205e-08
4.515829327231962731e-10
