0.000000000000000000e+00
2.384316077908010811e-09
3.345882348959605679e-09
4.336670467175451904e-09
5.322662088858010065e-09
6.288715326263627503e-09
7.220325226597879009e-09
8.099386050730572606e-09
8.917602212221709124e-09
9.676979884076786220e-09
1.038194019642446619e-08
1.102256530494116760e-08
1.161914886527171120e-08
1.216001621617834871e-08
1.264910909348770929e-08
1.309395614157438104e-08
1.349644351833489964e-08
1.386256676116914832e-08
1.418958639476386452e-08
1.448288433625322114e-08
1.474297128822854575e-08
1.498219459605820703e-08
1.519509684744235756e-08
1.538347715879240241e-08
1.554810957760111023e-08
1.568849505861891203e-08
1.581921593718504937e-08
1.593019638423953666e-08
1.601747801061037535e-08
1.609217348264024849e-08
1.615716871405936672e-08
1.620897993603875875e-08
1.623967160746531135e-08
1.626223744555232997e-08
1.626980505875508243e-08
1.626076773231233119e-08
1.624121315213500338e-08
1.621379897009944671e-08
1.616713063423702579e-08
1.610307920341114141e-08
1.602695298696943382e-08
1.594322618370114242e-08
1.583599973375982017e-08
1.570694185826226885e-08
1.556349049636196469e-08
1.540243654840622867e-08
1.521600490050900589e-08
1.500876911642023970e-08
1.477309585773411982e-08
1.451461972834522385e-08
1.422698958641888112e-08
1.390826998015626259e-08
1.354537726427906819e-08
1.314748743208582482e-08
1.270825022992028153e-08
1.222308598780585953e-08
1.168541818863388926e-08
1.109776703867026981e-08
1.046692077455446679e-08
9.765335207134739903e-09
9.010536539122426802e-09
8.193778988641042815e-09
7.330431928131986297e-09
6.400158292230173629e-09
5.441742834122464956e-09
4.458481694946669904e-09
3.465788767087474298e-09
2.497679174595646145e-09
4.104454054409956143e-09
8.306237919697423422e-10
2.538570464949430061e-10
5.571232364331990539e-11
2.104427743176984222e-12
5.439496630899043339e-10
1.646915048780783764e-09
3.371308343602663626e-09
5.788684642737962349e-09
8.856306243920641919e-09
1.245115721637546358e-08
1.633864676886531697e-08
2.021004974483986416e-08
2.365731732734133175e-08
2.626210160450170861e-08
2.773092599994697594e-08
2.781249686112374775e-08
2.651089259231298456e-08
2.403154153451936281e-08
2.065199444789556082e-08
1.680968519934822325e-08
1.291463824770744395e-08
9.264648048734613894e-09
6.121462226005291996e-09
3.628942479849683878e-09
1.813354910673581344e-09
6.407736563573962485e-10
3.698441553012798977e-11
7.074085761615833690e-11
1.981885766610957944e-10
7.443163863030122229e-10
1.465984690411648028e-11
