0.000000000000000000e+00
1.936969502358554251e-05
2.664890949133358333e-05
2.953920123771602846e-05
3.229152858041928198e-05
3.451049067793032776e-05
3.702536902439046429e-05
3.992776952121968037e-05
4.313503909925131552e-05
4.658819777447753552e-05
5.022993258985142262e-05
5.405350868747937909e-05
5.796495158372216849e-05
6.187561606441072115e-05
6.575442921596952317e-05
6.953124600250770726e-05
7.314022954674204158e-05
7.655887476532008407e-05
7.966743991805191882e-05
8.243706321320320995e-05
8.486067599355884283e-05
8.687974374865792271e-05
8.846691231534364874e-05
8.953938356515145358e-05
9.018287993045603912e-05
9.031192293651457703e-05
8.991379694944789946e-05
8.903553079253612168e-05
8.766875477417279683e-05
8.587538920823423183e-05
8.363357327700882138e-05
8.101938878057879379e-05
7.803214601365127123e-05
7.475318672311992430e-05
7.124459798069082694e-05
6.751359142098678490e-05
6.366961072767907126e-05
5.975873159713707139e-05
5.583019086063956138e-05
5.194967407173844975e-05
4.818213368096291305e-05
4.462928215187567105e-05
4.130316478823115034e-05
3.822893862737153370e-05
3.550377592287379258e-05
3.316087749694052178e-05
3.287222734638106658e-05
4.286388467877877417e-05
5.990698120483806122e-05
6.716679071153142111e-05
6.772132709029210496e-05
5.940906419210634226e-05
4.233614629056692280e-05
3.252743808235258882e-05
3.317174897343733164e-05
3.549330428509467339e-05
3.820978021051857354e-05
4.128363798394651951e-05
4.463410134403211771e-05
4.819854177784410609e-05
5.193992856145079884e-05
5.582807281545587585e-05
5.975425746929108328e-05
6.366328540552412818e-05
6.751657340187122713e-05
7.122896630973318821e-05
7.475740376183814817e-05
7.804748304518493995e-05
8.099778661496692678e-05
8.361098017095613955e-05
8.586511816610631342e-05
8.768501564171415907e-05
8.903941888038779950e-05
8.990680163856179519e-05
9.030070832494185851e-05
9.017618143070116332e-05
8.954438698283162523e-05
8.844476300007286795e-05
8.688202833118108259e-05
8.488516073157370556e-05
8.246565320346732619e-05
7.967204422432150324e-05
7.653260411277784669e-05
7.314995873242136071e-05
6.953521195307565961e-05
6.575843003298054157e-05
6.187699574788929624e-05
5.797189542322556122e-05
5.405510226708098998e-05
5.023763859468566295e-05
4.657719443701413553e-05
4.315072982319367867e-05
3.994697063580687768e-05
3.703753893402605968e-05
3.451414873101299463e-05
3.226008180390316227e-05
2.954730560789098348e-05
2.647280727641199150e-05
1.964966643708265792e-05
0.000000000000000000e+00
