0.000000000000000000e+00
1.197758658921799224e-07
2.539166182868868304e-07
3.946187994152694500e-07
5.371427957978625045e-07
6.765102152916924183e-07
8.118624312825062361e-07
9.398488969303286922e-07
1.059956723281629820e-06
1.172152498951639643e-06
1.275829134117500985e-06
1.371122658855306042e-06
1.458804226972532092e-06
1.538060918182537762e-06
1.610617945790870920e-06
1.676702138020402799e-06
1.736205419988756660e-06
1.789294960752307873e-06
1.837772105828250346e-06
1.881258663627427552e-06
1.919570196795561401e-06
1.954733303222155882e-06
1.986032987622010637e-06
2.012472145485055819e-06
2.036154896245534474e-06
2.057771607666403213e-06
2.077210038309296181e-06
2.092080711113553093e-06
2.105585896416961589e-06
2.116393177375996970e-06
2.125457121193718990e-06
2.132758629702635744e-06
2.136953456965962062e-06
2.140656711890898123e-06
2.141362939189761505e-06
2.140684098650424971e-06
2.137681617941922241e-06
2.132832697010478284e-06
2.126589673356882315e-06
2.118134914574909544e-06
2.106618185560016343e-06
2.093550312110004086e-06
2.079078767813768991e-06
2.060362780498259383e-06
2.038935310366696285e-06
2.015222577811393023e-06
1.988570871191974732e-06
1.959139983687130382e-06
1.924269368180908657e-06
1.886272673501387942e-06
1.842657310402451287e-06
1.796097703898880127e-06
1.743184774749551025e-06
1.684589139960834814e-06
1.619755977788628343e-06
1.548199970113905977e-06
1.468442213159448784e-06
1.382477242350965696e-06
1.288537357591046373e-06
1.185368122325058948e-06
1.074648451226956070e-06
9.553860635946875846e-07
8.282641177359550966e-07
6.935410556963006456e-07
5.542598706664847441e-07
4.124245331915687984e-07
2.717321099243719118e-07
1.365422703791807635e-07
1.435380814207576350e-08
8.618697044937562168e-08
1.545908677735852166e-07
1.772594790949710841e-07
1.378690905884383255e-07
2.289528866494805470e-08
1.848287422001604341e-07
4.965956238445201620e-07
9.182439533184094671e-07
1.442619834035596682e-06
2.050235893835683498e-06
2.703572699269685131e-06
3.349187179146895232e-06
3.923369591207759299e-06
4.356257678916897191e-06
4.595853265065841242e-06
4.609965858604070377e-06
4.397035124004133877e-06
3.983416935859906971e-06
3.423106828548405645e-06
2.781603355206385686e-06
2.127113908567679346e-06
1.510443374708181352e-06
9.743714644017131832e-07
5.400922041820521713e-07
2.146947133407905994e-07
3.980315854690275046e-09
1.296750065105101157e-07
1.772725051196744062e-07
1.615325186943294966e-07
9.778703324858639689e-08
0.000000000000000000e+00
