0.000000000000000000e+00
2.234972507064725278e-08
4.738008785309943960e-08
7.363490794887184165e-08
1.002297282948205748e-07
1.262355733278042180e-07
1.514922129963736097e-07
1.753744275356794446e-07
1.977864731994571912e-07
2.187221179728027209e-07
2.380681300984122117e-07
2.558498433113953752e-07
2.722111369646285084e-07
2.870003708022039746e-07
3.005394662025651087e-07
3.128706675958881078e-07
3.239739712057598808e-07
3.338803894470387945e-07
3.429261679066542001e-07
3.510406821893852225e-07
3.581896006465967730e-07
3.647509758675226976e-07
3.705914271012744621e-07
3.755249584624920089e-07
3.799441855578677973e-07
3.839778054404163754e-07
3.876049237128142977e-07
3.903797967108602052e-07
3.928998786317805525e-07
3.949165335859206039e-07
3.966078536699058077e-07
3.979702264400586387e-07
3.987530091675850485e-07
3.994439879972944141e-07
3.995758440789032306e-07
3.994491309944336876e-07
3.988888315209493385e-07
3.979841027845765211e-07
3.968190439573859862e-07
3.952414326935382860e-07
3.930924882267206044e-07
3.906540035902850150e-07
3.879535956929913709e-07
3.844612113113043961e-07
3.804629000736525768e-07
3.760381568351789383e-07
3.710649791877074222e-07
3.655731123375360880e-07
3.590663129049431745e-07
3.519761648806962739e-07
3.438376362518980045e-07
3.351495726500175465e-07
3.252760800709353362e-07
3.143421809514990173e-07
3.022443391120788192e-07
2.888920453969490154e-07
2.740093578701419119e-07
2.579683329173576567e-07
2.404391357124779915e-07
2.211877945246243371e-07
2.005275359096003740e-07
1.782732060862102230e-07
1.545522838597435111e-07
1.294130399509541007e-07
1.034232242069776930e-07
7.695683601482983249e-08
5.070375641569313530e-08
2.547753874537761476e-08
2.677529753469798379e-09
1.608282373943836774e-08
2.884617544829382041e-08
3.307499496507659842e-08
2.572331037065112014e-08
4.267145414793560576e-09
3.449628283025418796e-08
9.267445200134005745e-08
1.713563945182627890e-07
2.692068089560351041e-07
3.825890040332069475e-07
5.045015012417053413e-07
6.249724124884892262e-07
7.321121520131868010e-07
8.128874658952511822e-07
8.575942140875980613e-07
8.602279688574299144e-07
8.204962492763812065e-07
7.433177009463776130e-07
6.387661051210358210e-07
5.190632329510336263e-07
3.969359101407832213e-07
2.818644770918865561e-07
1.818315144008764150e-07
1.007927128426899799e-07
4.007097909042300898e-08
7.362231935204022193e-10
2.419289890642772889e-08
3.307623186454833331e-08
3.014038918447425885e-08
1.824640827319257141e-08
0.000000000000000000e+00
