0.000000000000000000e+00
1.240825308390647308e-06
1.903063672425986397e-06
2.440270915116116157e-06
2.861831909783951744e-06
3.187907654744748243e-06
3.439394403281781365e-06
3.635423612591281994e-06
3.787715307401740006e-06
3.908405199704034771e-06
4.003547049880040731e-06
4.078960897491157311e-06
4.139851317641607409e-06
4.188186639608737494e-06
4.227642867338232691e-06
4.260059301652852071e-06
4.286303427969428981e-06
4.307343472231828230e-06
4.324789591780842102e-06
4.339425919597239556e-06
4.351994016715821090e-06
4.361713419331891828e-06
4.369996545294796420e-06
4.377278970957299009e-06
4.383417986142390532e-06
4.388981169167749385e-06
4.392206480186011675e-06
4.395779510835140513e-06
4.399298741075696739e-06
4.401217080118868807e-06
4.402979648876481633e-06
4.404553123116272673e-06
4.405724295386548306e-06
4.406858086891674020e-06
4.407913201665003555e-06
4.408548792356192791e-06
4.409302586494412424e-06
4.409963595630728150e-06
4.410680600530625384e-06
4.411086276023823416e-06
4.411076352961451619e-06
4.411508544355235983e-06
4.411283834215851130e-06
4.411451721142434224e-06
4.411543550908447742e-06
4.411402506621087127e-06
4.410857726400152501e-06
4.410724617986971907e-06
4.410259525355897381e-06
4.409680844918995035e-06
4.408841885905623315e-06
4.407489736513170442e-06
4.406795165223797994e-06
4.405649046801407565e-06
4.404471543262289401e-06
4.402850380946787823e-06
4.400844094254452443e-06
4.398853967080285088e-06
4.395569386583808580e-06
4.392654402440854255e-06
4.387850292331130220e-06
4.382986560691470856e-06
4.376709223485875100e-06
4.369612456422977687e-06
4.360910080380975273e-06
4.351044394890202227e-06
4.338545981141805896e-06
4.323213003143422384e-06
4.305545488691997491e-06
4.284326818093653344e-06
4.257721612832554570e-06
4.224622527138066630e-06
4.184398214923668036e-06
4.134791688148453659e-06
4.072987904724101327e-06
3.995533798484274257e-06
3.898336416896519552e-06
3.775658581228746868e-06
3.618790318737907796e-06
3.417650084491796747e-06
3.158853020934770939e-06
2.825463078837131548e-06
2.394178649556266691e-06
1.845846027359598907e-06
1.378989874734060095e-06
1.189079766303335894e-06
4.379755242922556135e-07
1.222976265369268845e-06
1.147501515696980334e-06
5.884725112759170429e-07
4.698085400933749156e-06
9.875189213581769820e-06
1.223345135081821411e-05
9.429003300698290957e-06
4.222385792895799739e-06
3.337105866085821049e-07
1.209862067530487195e-06
1.175171249312434441e-06
3.597277802303011640e-07
2.829008728666426720e-15
