0.000000000000000000e+00
8.571949472457873753e-08
1.496608824647083225e-07
1.988928052254479439e-07
2.366060001257608292e-07
2.659036153485061504e-07
2.893201148657098543e-07
3.084904489636386415e-07
3.238841695951677480e-07
3.365722051063002596e-07
3.471379971253796271e-07
3.560189777429556557e-07
3.635472708429787758e-07
3.697951836967305894e-07
3.755096915636357835e-07
3.802978394418232710e-07
3.843463406427716222e-07
3.881130453686765236e-07
3.912750060619529791e-07
3.941048887234899212e-07
3.966538052457835306e-07
3.988384874586969886e-07
4.008225634732909270e-07
4.025940837371067005e-07
4.042191626973945517e-07
4.056379266925702609e-07
4.069095755898644029e-07
4.080496431857483230e-07
4.090713787707755955e-07
4.098915017403115257e-07
4.108035714933677696e-07
4.114389756670888687e-07
4.121787934296960998e-07
4.127498306472077161e-07
4.131206934321340896e-07
4.135558798745719855e-07
4.140575755595676810e-07
4.143710284898460827e-07
4.146280665473511817e-07
4.148308035967218643e-07
4.149808725539827492e-07
4.150794721269335241e-07
4.151273813590705686e-07
4.151249861639172423e-07
4.150722556772734606e-07
4.149308715506450085e-07
4.148137444648369865e-07
4.144778060766185490e-07
4.143435735626255223e-07
4.140246067096953198e-07
4.135553107742495627e-07
4.132055656524968867e-07
4.126984308738812501e-07
4.121204054685634333e-07
4.114661705800770619e-07
4.106356037425484828e-07
4.098084317449846026e-07
4.089786188599120464e-07
4.078098597704027384e-07
4.067940811980363947e-07
4.055090950805251282e-07
4.040347995060145081e-07
4.024743699426736043e-07
4.006841631820634575e-07
3.986368822816999113e-07
3.962768969634211658e-07
3.938925113855518134e-07
3.909860678552590230e-07
3.876686449633126585e-07
3.839264649529994244e-07
3.798692248535573412e-07
3.750158719117990813e-07
3.692221159923292362e-07
3.626878245510667398e-07
3.552340980261803338e-07
3.462080232496944632e-07
3.352923634292181987e-07
3.225420163177616928e-07
3.068525985527870148e-07
2.875108743305432313e-07
2.635359083180688344e-07
2.333980811952685031e-07
1.947645932309782779e-07
1.445169540703616917e-07
7.857277040113075373e-08
9.584727789224700700e-09
1.284695984038464189e-07
2.888255535848927025e-07
4.989996091886439444e-07
7.620812904063356541e-07
1.049471377689847884e-06
1.285425418662278219e-06
1.376016969145688051e-06
1.269686972005246162e-06
1.020466640300199401e-06
7.339903477232567752e-07
4.772577931744237389e-07
2.707032308313372937e-07
1.159905127501303923e-07
5.061249197524375631e-10
