0.000000000000000000e+00
3.022003103314574446e-08
5.276277870169820972e-08
7.012001090878072773e-08
8.341635249209389258e-08
9.374575260512330033e-08
1.020017347252988316e-07
1.087606998906309741e-07
1.141881398325494956e-07
1.186616540582718926e-07
1.223869212640948945e-07
1.255181667492166753e-07
1.281724978374754187e-07
1.303753854875466800e-07
1.323902212302385806e-07
1.340784354653123955e-07
1.355058625307492548e-07
1.368339437313181861e-07
1.379487987174243813e-07
1.389465655865507188e-07
1.398452746936840185e-07
1.406155604177783403e-07
1.413151113904831391e-07
1.419397261948063260e-07
1.425127025278527526e-07
1.430129382695710660e-07
1.434613049466904044e-07
1.438632752925883551e-07
1.442235201265518185e-07
1.445126860399881252e-07
1.448342691334758570e-07
1.450583017037487821e-07
1.453191512679197217e-07
1.455204955425060120e-07
1.456512515041197275e-07
1.458046898772380473e-07
1.459815873738889991e-07
1.460921068563436620e-07
1.461827331405984864e-07
1.462542141839051624e-07
1.463071258589465629e-07
1.463418930480742119e-07
1.463587839811708591e-07
1.463579408778059587e-07
1.463393481948571662e-07
1.462894955173155154e-07
1.462482014380483974e-07
1.461297511884396272e-07
1.460824249344128134e-07
1.459699604522413097e-07
1.458044937008295960e-07
1.456811770106369863e-07
1.455023699303836793e-07
1.452985661787309368e-07
1.450678919212577966e-07
1.447750460625840674e-07
1.444833963581970693e-07
1.441908188404283919e-07
1.437787294777947977e-07
1.434205806338795242e-07
1.429675158259868795e-07
1.424476995248724620e-07
1.418975188460791514e-07
1.412663167554839561e-07
1.405444767232921777e-07
1.397123807755917824e-07
1.388716882599894120e-07
1.378469209889487956e-07
1.366772537370053442e-07
1.353578230611773847e-07
1.339273136835572586e-07
1.322161093941787158e-07
1.301733365544066601e-07
1.278694672368629881e-07
1.252414379981914294e-07
1.220590305495150574e-07
1.182104072405820716e-07
1.137149320262764718e-07
1.081832350369182905e-07
1.013638567526342626e-07
9.291097924357671900e-08
8.228534742471538266e-08
6.866456225829153937e-08
5.094927446602781629e-08
2.770045393063469419e-08
3.379005186765482449e-09
4.528991637275936455e-08
1.018184377921116379e-07
1.759043029014861759e-07
2.686336206814132765e-07
3.699223556363762100e-07
4.530755040033085379e-07
4.850002819356546979e-07
4.475299232309382091e-07
3.596996257515527873e-07
2.587323582048384196e-07
1.682407457792578498e-07
9.542999401812579663e-08
4.089075600344216355e-08
1.784862257991903789e-10
