0.000000000000000000e+00
1.998618691434472794e-06
2.479469000893352870e-06
2.714087065869286164e-06
2.859766754403914035e-06
3.046244542836973324e-06
3.265640141414394293e-06
3.517052943657894559e-06
3.795998107625209173e-06
4.098753413228628517e-06
4.418265760697259736e-06
4.750040641376962469e-06
5.091153873704179489e-06
5.432946311167974329e-06
5.771598958426160664e-06
6.102295017185177528e-06
6.416571372902524217e-06
6.714279774611142670e-06
6.988230283555552091e-06
7.233249051386003714e-06
7.447549534189690235e-06
7.622218646363698724e-06
7.758007911085051944e-06
7.856548666196339070e-06
7.913739599962887894e-06
7.922011291072728056e-06
7.890614705519105598e-06
7.812668312845438834e-06
7.694677109815195593e-06
7.537771305687890333e-06
7.343437495199722775e-06
7.114379308337248631e-06
6.853631402625737223e-06
6.568816965590862367e-06
6.260972772342832116e-06
5.938179355458039765e-06
5.601109409392179828e-06
5.259972405857737954e-06
4.918007106557986674e-06
4.579448968144994581e-06
4.253934849263174556e-06
3.942576996984747950e-06
3.650876246985568230e-06
3.385011199674714533e-06
3.148317292422930791e-06
2.945060692094436661e-06
2.777886608074098262e-06
2.654337401097883742e-06
3.473891789562699728e-06
5.430805183920250911e-06
5.415883463477655368e-06
3.583385888128454155e-06
2.661353995736526201e-06
2.778931118774252695e-06
2.945281332489280146e-06
3.148477163650298394e-06
3.384581249377127676e-06
3.650321654613541966e-06
3.941468730395136788e-06
4.254076422793851009e-06
4.580134578047179161e-06
4.917041841689950843e-06
5.259639404342486557e-06
5.599950220092075881e-06
5.936538650552769525e-06
6.258813236015292603e-06
6.566323253687222916e-06
6.850732455099262097e-06
7.113777884204530721e-06
7.341540929961531958e-06
7.538642215698665439e-06
7.693095391503312896e-06
7.811323283979376697e-06
7.890649038055919107e-06
7.920976872632934374e-06
7.911223776413400799e-06
7.855712248927559926e-06
7.759525473383099836e-06
7.620486956794181310e-06
7.445828965058076676e-06
7.233275715612386136e-06
6.987494075794131732e-06
6.715871540552420527e-06
6.417789907620097267e-06
6.103132623169749138e-06
5.771184769742809806e-06
5.432398120341908054e-06
5.090742956959104504e-06
4.749475018495097345e-06
4.416433026954713625e-06
4.098478681435757665e-06
3.796633974317842330e-06
3.516530057479094751e-06
3.266022628678477702e-06
3.044189053613699514e-06
2.859705101720955156e-06
2.713001427512296004e-06
2.488125468325108613e-06
1.932970082718643567e-06
0.000000000000000000e+00
