0.000000000000000000e+00
1.071276400921306049e-09
4.175436330022819220e-09
9.279007229245905819e-09
1.632976065479851968e-08
2.520732544919468410e-08
3.586295260760152814e-08
4.798750341539204101e-08
6.141015296279306312e-08
7.595036821683720518e-08
9.133987954879074778e-08
1.073395474726623888e-07
1.237383718821760681e-07
1.403313406589390411e-07
1.566082273862789975e-07
1.724895483112831585e-07
1.876503646913718626e-07
2.020442909644870610e-07
2.151240876546722802e-07
2.267595771154873319e-07
2.370852704158821211e-07
2.455063775608223864e-07
2.521490723994546101e-07
2.568196326713234612e-07
2.593968080333297621e-07
2.599230081168357742e-07
2.582654652361071612e-07
2.546799692249024361e-07
2.491228391354738392e-07
2.416287325779364892e-07
2.321699762442008819e-07
2.211847736077743320e-07
2.087486811186423097e-07
1.949804800949195283e-07
1.802553549756780171e-07
1.646822497258781937e-07
1.485454540484099084e-07
1.320728076903421311e-07
1.155993735180160797e-07
9.935826639217992806e-08
8.360515324490336297e-08
6.854319334337333203e-08
5.458732421637080279e-08
4.180218238225563709e-08
3.044256680073686994e-08
2.067539017769348675e-08
1.260935000857443811e-08
6.489731974035350959e-09
2.341589810939126437e-09
2.824039890825247312e-10
3.098121759137484332e-10
2.394648257464382368e-09
6.501041815987207428e-09
1.259431436917424207e-08
2.057559111978690680e-08
3.035788187499832702e-08
4.178986590108735300e-08
5.455775653473438069e-08
6.858331191850197683e-08
8.356577596568826038e-08
9.932083733232843770e-08
1.155011942755024279e-07
1.320636373591810298e-07
1.485380919374890141e-07
1.646022825818604929e-07
1.802201060607799832e-07
1.949801665679373741e-07
2.087566318698108603e-07
2.211360049519939253e-07
2.321097456459142450e-07
2.414991214783057671e-07
2.490593929982409804e-07
2.547359397864212838e-07
2.583453312388073186e-07
2.599396368152540049e-07
2.593808224871096968e-07
2.567392048957728434e-07
2.521333030136574394e-07
2.455488525843207981e-07
2.370944350849057969e-07
2.268698438001592876e-07
2.151311222498009101e-07
2.019440437095454399e-07
1.877255141335965050e-07
1.724943533565337361e-07
1.566691236742911997e-07
1.403035061464663613e-07
1.238132103509315129e-07
1.074160282943381617e-07
9.138505152606057891e-08
7.592201611839044517e-08
6.141114206048570168e-08
4.799548747325133036e-08
3.590400265984783346e-08
2.532829668222547070e-08
1.639412905429793454e-08
9.275917811635281396e-09
4.125523145326326357e-09
1.020356465986083094e-09
0.000000000000000000e+00
