0.000000000000000000e+00
4.309443912831056878e-10
1.679663186315849543e-09
3.732684050739010218e-09
6.568998012213000948e-09
1.014019568312818365e-08
1.442664843143148801e-08
1.930401039018647680e-08
2.470356319506095133e-08
3.055267905338610035e-08
3.674344617454750050e-08
4.317965851541316624e-08
4.977644618708865210e-08
5.645132961085153056e-08
6.299905819240336768e-08
6.938766894393211260e-08
7.548643932153709102e-08
8.127671380364631659e-08
8.653834959737594090e-08
9.121897970310044457e-08
9.537272127602136607e-08
9.876029483102399809e-08
1.014324633175078816e-07
1.033112981829731325e-07
1.043480265527918505e-07
1.045597016746668828e-07
1.038929116070619330e-07
1.024505651425755559e-07
1.002150871176610281e-07
9.720041327376804929e-08
9.339541684472152383e-08
8.897637093774335426e-08
8.397367545764922170e-08
7.843511262706215348e-08
7.251160361043673674e-08
6.624697657109379634e-08
5.975559780324601888e-08
5.312911133259490271e-08
4.650231177905084223e-08
3.996897268709886930e-08
3.363193967764743775e-08
2.757293748878453243e-08
2.195889015066398997e-08
1.681578754020307542e-08
1.224613410677477532e-08
8.317076805042233900e-09
5.072334996469862745e-09
2.610594629359752616e-09
9.419089952444892333e-10
1.135578298061545865e-10
1.245856751097562665e-10
9.632596942310556187e-10
2.615139549355660620e-09
5.066294384015179730e-09
8.276933471940139952e-09
1.221207224233467059e-08
1.681083383608950044e-08
2.194699721957960037e-08
2.758908335120935362e-08
3.361610478869181406e-08
3.995392106048711867e-08
4.646282469877860422e-08
5.312543582824957866e-08
5.975264483204512089e-08
6.621481951629704099e-08
7.249743527726337788e-08
7.843499538751075306e-08
8.397688100458822191e-08
8.895676117948170258e-08
9.337119033503427090e-08
9.714828030915612089e-08
1.001895667540608770e-07
1.024730843512955403e-07
1.039250434597960293e-07
1.045663903243010395e-07
1.043415993606799930e-07
1.032789473942585801e-07
1.014261190590559636e-07
9.877738060826146693e-08
9.537640488499476987e-08
9.126333533338026882e-08
8.654117511497361193e-08
8.123638728374515949e-08
7.551666958427460941e-08
6.938959795643739881e-08
6.302355270992876513e-08
5.644012657235464303e-08
4.980654211284019084e-08
4.321042068600178254e-08
3.676161186572102224e-08
3.054126929136202762e-08
2.470395832343541542e-08
1.930722004495066813e-08
1.444315955723141087e-08
1.018885198433849837e-08
6.594892965061660561e-09
3.731440267884522655e-09
1.659583803714781425e-09
4.104616646571912497e-10
1.110223024625156540e-16
