0.000000000000000000e+00
7.152465408832853200e-08
1.102930009544422774e-07
1.334856053469835047e-07
1.501756118349462099e-07
1.640469436958724714e-07
1.768208112151725686e-07
1.882836704325541177e-07
1.994558903595233801e-07
2.100442945129898931e-07
2.200017144016186421e-07
2.291087305428263221e-07
2.380888060038444110e-07
2.462824907345506631e-07
2.536232420746742378e-07
2.609393714436691880e-07
2.675120539530340125e-07
2.734834694262389121e-07
2.790351835146864801e-07
2.842213251419423159e-07
2.890769441599161382e-07
2.934022119704948750e-07
2.973375016201984522e-07
3.008890774314210148e-07
3.046755419067181947e-07
3.075089568538302842e-07
3.106715117384695191e-07
3.134078658817429641e-07
3.156107680757358480e-07
3.180980677752742736e-07
3.198973331786092444e-07
3.217102209074340635e-07
3.235080965335868086e-07
3.249195685839367798e-07
3.261367835794004577e-07
3.271820209205245078e-07
3.282071686649956632e-07
3.290178798298626361e-07
3.296625140647435614e-07
3.302221132095439771e-07
3.306153381066323504e-07
3.309296444653497815e-07
3.311345108114593927e-07
3.310564742342592126e-07
3.309438311172030467e-07
3.305696962829784979e-07
3.300313383691744207e-07
3.296655357587496837e-07
3.288481825736155884e-07
3.280455086462907843e-07
3.271668718163311951e-07
3.261011242150502198e-07
3.247861767308179992e-07
3.234191575662848095e-07
3.215082052809847823e-07
3.196255256021629521e-07
3.178820242588642486e-07
3.152269195672019464e-07
3.127302592442759988e-07
3.104996614267108157e-07
3.073427984334742291e-07
3.041811078574596650e-07
3.008085742717270250e-07
2.971181632949182472e-07
2.931206245504469621e-07
2.885973747757120123e-07
2.839227714046543838e-07
2.783499996050764480e-07
2.724844455626040940e-07
2.665346120478417902e-07
2.598571556822193429e-07
2.528933624734719388e-07
2.452590578405633437e-07
2.371808961454391351e-07
2.282532975961260036e-07
2.190947180347180279e-07
2.090312782865311192e-07
1.984977185953695766e-07
1.872110770850810013e-07
1.754711564938560286e-07
1.629572919936705944e-07
1.484918464855766729e-07
1.308781900632993711e-07
1.073614642743692116e-07
6.634743898725758982e-08
1.019493034437601864e-08
1.669510688584452396e-07
4.917032642159924194e-07
1.144470520020313131e-06
2.341138176098489510e-06
4.154922376709002663e-06
6.062973018194917074e-06
6.889049121827639510e-06
5.909483269950221995e-06
3.961256989759576186e-06
2.197638065415397080e-06
1.062607067003895622e-06
4.486437642503560141e-07
1.446346215017157988e-07
1.110223024625156540e-16
