0.000000000000000000e+00
4.704509337649653844e-09
7.254371325871034060e-09
8.779744153919466498e-09
9.877479834052849128e-09
1.078988087765964110e-08
1.163014717864285785e-08
1.238421354354812820e-08
1.311918962354496898e-08
1.381577219294882752e-08
1.447086250827567255e-08
1.507001246014993967e-08
1.566081919701645120e-08
1.619989153933687476e-08
1.668285043443518134e-08
1.716419484321107802e-08
1.759662682232487896e-08
1.798949778031300184e-08
1.835476504119526453e-08
1.869597576753534440e-08
1.901544000038057902e-08
1.930001058969565975e-08
1.955892947602677623e-08
1.979259567352897875e-08
2.004171784086850039e-08
2.022814149515994586e-08
2.043621571967690898e-08
2.061624948535012436e-08
2.076119154370559272e-08
2.092483730731231617e-08
2.104321950024967691e-08
2.116249497863265105e-08
2.128077614127477091e-08
2.137364751852999234e-08
2.145373623196888957e-08
2.152250189180193729e-08
2.158995038303856973e-08
2.164328594123077210e-08
2.168570467642183530e-08
2.172252211440905967e-08
2.174839408564110954e-08
2.176907576423303681e-08
2.178254943085988771e-08
2.177742064457532933e-08
2.177000368863701851e-08
2.174539248667173297e-08
2.170997193129409197e-08
2.168590118589719395e-08
2.163212753369947450e-08
2.157931400237345088e-08
2.152150824219489778e-08
2.145139099685167139e-08
2.136487231574335510e-08
2.127492815251486036e-08
2.114920127915809189e-08
2.102533447345678042e-08
2.091062356601725014e-08
2.073593674545293197e-08
2.057166836877399874e-08
2.042491298315241011e-08
2.021721301481704813e-08
2.000919574474124829e-08
1.978730557183894234e-08
1.954449968533111814e-08
1.928148940510965303e-08
1.898389245802434289e-08
1.867633292462755890e-08
1.830969065252929795e-08
1.792377724019189600e-08
1.753232781176450317e-08
1.709300334606922434e-08
1.663484239244894525e-08
1.613257383237254317e-08
1.560109941234344433e-08
1.501375124224324509e-08
1.441121277867551953e-08
1.374915870044901567e-08
1.305618946290110216e-08
1.231369106680091363e-08
1.154141726633639564e-08
1.071828192866774998e-08
9.766834563329496177e-09
8.608391666165005063e-09
7.061779161432468754e-09
4.364325234540444853e-09
6.700635601930571283e-10
1.098096114038327187e-08
3.234322065726047413e-08
7.528392076405765465e-08
1.540056259186073362e-07
2.733254035325316522e-07
3.988473112892521044e-07
4.531915218652926569e-07
3.887528933210759874e-07
2.605885369710847499e-07
1.445684296719207396e-07
6.990071854673374219e-08
2.951201538703429605e-08
9.513820176110243665e-09
3.330669073875469621e-16
