0.000000000000000000e+00
1.446294538576253785e-07
2.767348089571797232e-07
3.971512135825250311e-07
5.067611849041142591e-07
6.038514893669244543e-07
6.970741707190697412e-07
7.761865034039416855e-07
8.543238831926203147e-07
9.216007783585666857e-07
9.820932683757277459e-07
1.040633045401584411e-06
1.089010688404279392e-06
1.136454154448962584e-06
1.178943195956350110e-06
1.217607832448841521e-06
1.252779806448778288e-06
1.286671900357916343e-06
1.313794630863895918e-06
1.341995779946536516e-06
1.365816630571892176e-06
1.387328801061293859e-06
1.406014491833751379e-06
1.421599534867645787e-06
1.439538571346155038e-06
1.451501342009109408e-06
1.464629413083784470e-06
1.475746074564021626e-06
1.484678216590040734e-06
1.492150737192332599e-06
1.498213065387332676e-06
1.502904904859825308e-06
1.505601747164853066e-06
1.507635815078955943e-06
1.507322425098323038e-06
1.508446531683915737e-06
1.504871460666912242e-06
1.503377512923620429e-06
1.498847946868053782e-06
1.492952039106043571e-06
1.485651205723748092e-06
1.476234910313678483e-06
1.464228409520096363e-06
1.454117236510121813e-06
1.441276181179951266e-06
1.423557369428785080e-06
1.408881395326133656e-06
1.389079826497052750e-06
1.368517403399494015e-06
1.344982912820924525e-06
1.318979789388663448e-06
1.288390486520185618e-06
1.258726533337473086e-06
1.223987896481482096e-06
1.185062785791224371e-06
1.143828088134846155e-06
1.095607549239652201e-06
1.044886327905558687e-06
9.913575396147678020e-07
9.301463200772630557e-07
8.620265455894227102e-07
7.888163475744391917e-07
7.048854129276804770e-07
6.177900054860074874e-07
5.192340837290032596e-07
4.099333053009246441e-07
2.917892291121049197e-07
1.580857508232114128e-07
1.485616163421354941e-08
1.382060258459105739e-07
3.116989643059397963e-07
4.958147660216738473e-07
6.897725509658059195e-07
9.044314239758932672e-07
1.121979294249619841e-06
1.353338538234716282e-06
1.587577360129266424e-06
1.825515752340578501e-06
2.044962664649041528e-06
2.251839775424535617e-06
2.434111546767425693e-06
2.587502894502158313e-06
2.686519322336877735e-06
2.743983117836634733e-06
2.745449489638396301e-06
2.697613437407930803e-06
2.602503360704666591e-06
2.453833710780450872e-06
2.275252877881328573e-06
2.069413219896176770e-06
1.853087272851716705e-06
1.614287801543490275e-06
1.379949688740111924e-06
1.153593182534606854e-06
9.317882425641244026e-07
7.156014510956154595e-07
5.151180948459455067e-07
3.295174960671332087e-07
1.578760094878006726e-07
3.330669073875469621e-16
