0.000000000000000000e+00
9.514424581524849600e-09
1.820502193439210714e-08
2.612670901847025107e-08
3.333753562095864709e-08
3.972391648954243237e-08
4.585759882935747100e-08
5.106133971199966481e-08
5.620263721084484132e-08
6.062854507327131159e-08
6.460768164906482980e-08
6.845952926770593194e-08
7.164157056482878261e-08
7.476290608821045680e-08
7.755822828414693504e-08
8.010194696428385441e-08
8.241588533852706178e-08
8.464610279368400825e-08
8.643002868957694318e-08
8.828581843367544479e-08
8.985297461627794746e-08
9.126824651595200066e-08
9.249750909656739850e-08
9.352243357518830180e-08
9.470310624593025750e-08
9.548973667339311078e-08
9.635376452266086744e-08
9.708518522444364862e-08
9.767282660444465137e-08
9.816444379584510216e-08
9.856328153645677048e-08
9.887195961955086432e-08
9.904932452009518329e-08
9.918314647361370362e-08
9.916221954675563666e-08
9.923654631371903179e-08
9.900096498149935087e-08
9.890305174842239921e-08
9.860505256753526737e-08
9.821716140390179817e-08
9.773683851133085909e-08
9.711728754524528995e-08
9.632699216055584657e-08
9.566216885303902018e-08
9.481742324624065077e-08
9.365124153948301000e-08
9.268618128555061730e-08
9.138338352698838207e-08
9.003065470913895751e-08
8.848233790104131913e-08
8.677161100756336509e-08
8.475869694990478820e-08
8.280759933310122278e-08
8.052218514187359233e-08
7.796127277082121054e-08
7.524856837637372564e-08
7.207564534095212139e-08
6.873875280088981299e-08
6.521778672663458565e-08
6.119082207600712309e-08
5.670928571177569211e-08
5.189306429009832300e-08
4.637069095370094374e-08
4.064174063955761085e-08
3.415808269568998412e-08
2.696747980479585749e-08
1.919538583639024409e-08
1.039848540607124505e-08
9.760310337725286445e-10
9.091798647276050360e-09
2.050637748496342283e-08
3.261826519995736362e-08
4.537559084027975587e-08
5.949835057972308050e-08
7.380677913282340796e-08
8.902590664661147457e-08
1.044340351974426540e-07
1.200884683916214613e-07
1.345200889568687330e-07
1.481276488135563341e-07
1.601168406750730355e-07
1.702103589185099963e-07
1.767191422086256125e-07
1.804992219023304756e-07
1.805952861699822165e-07
1.774492445205666513e-07
1.711970452067390625e-07
1.614140906491812189e-07
1.496676852452694106e-07
1.361280747014248504e-07
1.219021055209879023e-07
1.061907527466487977e-07
9.077613483121638183e-08
7.588872807939850418e-08
6.129816010336242016e-08
4.707486778166014574e-08
3.388638436518931485e-08
2.167699508781595341e-08
1.038577135403784268e-08
3.441691376337985275e-15
