0.000000000000000000e+00
1.706963459469079680e-10
3.200287812532565113e-10
4.601279357530074776e-10
5.857635487771517546e-10
7.000273694046654782e-10
8.039012788785271368e-10
8.983215282754031250e-10
9.824279167958138714e-10
1.062183341282718629e-09
1.131506777163338029e-09
1.197712040656995214e-09
1.256453274756097471e-09
1.309916286551526809e-09
1.357052914485734618e-09
1.402852278786781426e-09
1.441656016787362660e-09
1.478053124337463942e-09
1.513003167197268795e-09
1.543165595307982585e-09
1.570472085710150623e-09
1.593512544140196496e-09
1.617328382330640579e-09
1.635862556526035405e-09
1.654981152121592913e-09
1.670703908551729455e-09
1.684507533461498952e-09
1.694939189000876922e-09
1.706730867745420710e-09
1.715294462023564392e-09
1.722243125890088322e-09
1.726092935250278515e-09
1.731464749354927335e-09
1.732474830262731302e-09
1.734630550309645969e-09
1.731133458804379188e-09
1.730297571889138908e-09
1.728163057101994582e-09
1.720114606307276972e-09
1.714882791326033384e-09
1.704967389493106111e-09
1.697810891876372352e-09
1.686039863280086593e-09
1.672459726265174140e-09
1.656974335517702457e-09
1.639473334869023802e-09
1.619837819433200821e-09
1.597919685458748518e-09
1.570530705485850831e-09
1.545171990358085168e-09
1.516781256150068202e-09
1.482458267254571638e-09
1.446238462321502993e-09
1.406397776015921863e-09
1.364112711677023526e-09
1.314459763257502800e-09
1.261566850985218480e-09
1.203453448006541748e-09
1.137668403927705185e-09
1.069094590633312691e-09
9.918970089728418316e-10
9.090592723026702515e-10
8.157191588864520781e-10
7.130250834208595734e-10
6.000598906652498954e-10
4.738454073560660618e-10
3.393656466954553252e-10
1.896097723275147473e-10
2.337552373887774593e-11
1.534722349205708269e-10
3.511904100861329425e-10
5.590753415773974666e-10
7.882920982638097485e-10
1.026893348132773554e-09
1.284465644957322183e-09
1.544490424443267784e-09
1.812846872617512872e-09
2.079640570862295590e-09
2.336839832750570167e-09
2.578663171881601102e-09
2.783852481869075746e-09
2.952968203295824878e-09
3.081680355343507927e-09
3.136893633737258824e-09
3.144505322794088897e-09
3.083779120949259323e-09
2.974800517030473657e-09
2.806446852687827231e-09
2.606260984805430780e-09
2.366632334549478855e-09
2.111192887177537614e-09
1.852260012036310854e-09
1.579667174844701094e-09
1.318661624338801630e-09
1.056762344298078915e-09
8.138255624956514112e-10
5.854494666834852978e-10
3.751888799641278638e-10
1.783646563779939243e-10
2.251976383149667527e-12
