0.000000000000000000e+00
1.178773301191426981e-09
2.483875882752784037e-09
3.860159747404168229e-09
5.254422119627122356e-09
6.613353087381312889e-09
7.938617097025257863e-09
9.191972849542651147e-09
1.036838759294056445e-08
1.146584749367463019e-08
1.247984227070730867e-08
1.341184419079155532e-08
1.426514706359682805e-08
1.504460966916809639e-08
1.575602281977950270e-08
1.640255087309583359e-08
1.697915874565580907e-08
1.750452727211637693e-08
1.796791448960277648e-08
1.840101537808891408e-08
1.877303967834365039e-08
1.911950220367941711e-08
1.941347205214327687e-08
1.968414631292603190e-08
1.992012832463530003e-08
2.012702660092458018e-08
2.030443546630067431e-08
2.046631530916442898e-08
2.059999704151493916e-08
2.070418303468102295e-08
2.079015759548497044e-08
2.086033878967441524e-08
2.089852313424955810e-08
2.093754436494066340e-08
2.095224682641116942e-08
2.094583739786770593e-08
2.090897810447245320e-08
2.086410910706604227e-08
2.079892336137589837e-08
2.072024807286965142e-08
2.060823500737996028e-08
2.048544744948088692e-08
2.033886559171804720e-08
2.015239897179554873e-08
1.994972964602936827e-08
1.971986851589946355e-08
1.945524730206926733e-08
1.914992486806710303e-08
1.882156930310685539e-08
1.844401842365783750e-08
1.802355553692791545e-08
1.755883638487887310e-08
1.705010543862073291e-08
1.647696790119113075e-08
1.583990782982880319e-08
1.513604497294096518e-08
1.437356522693278293e-08
1.352429890300044235e-08
1.260469140174080849e-08
1.159865958832995148e-08
1.051217723979647189e-08
9.344208629080696937e-09
8.102059134706962595e-09
6.787773787486628407e-09
5.421579962749945025e-09
4.035487166653695112e-09
2.658319120385499446e-09
1.335835775329030639e-09
1.406955663085796004e-10
8.449618782435663888e-10
1.515078507097200600e-09
1.730524057386162440e-09
1.343640088080633177e-09
2.195820192341102484e-10
1.812098360254310592e-09
4.858900171100799525e-09
8.971923870504383558e-09
1.411482775104389020e-08
2.005953403383387013e-08
2.644581809096990810e-08
3.276763627102496912e-08
3.835252238015840476e-08
4.260157993041246982e-08
4.494386196540745004e-08
4.508159301419567555e-08
4.299933564766433847e-08
3.894346911614832152e-08
3.347544685894376926e-08
2.720489689078675610e-08
2.080139571702943613e-08
1.477659428150701615e-08
9.524939392768771995e-09
5.286365234447032435e-09
2.107088503677800873e-09
3.697975259342456411e-11
1.274556793440240199e-09
1.736623622683453050e-09
1.579742114898863292e-09
9.598158934309708457e-10
0.000000000000000000e+00
