0.000000000000000000e+00
8.848388688420527615e-11
1.864532972462029647e-10
2.897632134235550438e-10
3.944238269326660884e-10
4.964287869668737585e-10
5.959092108653862851e-10
6.899901761059368255e-10
7.783016453544178148e-10
8.606797496923945801e-10
9.367965292383928499e-10
1.006756678023634777e-09
1.070811217473988108e-09
1.129316862247264908e-09
1.182721476311598963e-09
1.231255097877692606e-09
1.274534811024352621e-09
1.313972708416599744e-09
1.348756550889618211e-09
1.381265213318272345e-09
1.409193983725742783e-09
1.435199181720747674e-09
1.457265863535894823e-09
1.477583277953442575e-09
1.495298218578966498e-09
1.510831237894194601e-09
1.524144588316289628e-09
1.536298754878373529e-09
1.546331951374213531e-09
1.554152584404278059e-09
1.560607088002541332e-09
1.565872542741431062e-09
1.568741470059364929e-09
1.571671348621350717e-09
1.572774799285525660e-09
1.572292518403628492e-09
1.569524510358633052e-09
1.566158647214876964e-09
1.561262008564767712e-09
1.555357176385996354e-09
1.546949235375905118e-09
1.537734717338423707e-09
1.526729631606826842e-09
1.512734271180704582e-09
1.497522106319593149e-09
1.480265909847844341e-09
1.460400911312831340e-09
1.437482799460099159e-09
1.412831629465927108e-09
1.384492076539345362e-09
1.352934431153585138e-09
1.318045672604739593e-09
1.279861994163411509e-09
1.236837077200902968e-09
1.189019105396482701e-09
1.136181926320034563e-09
1.078944045218577230e-09
1.015197259590649992e-09
9.461682548561611839e-10
8.706517728995777361e-10
7.890936792875891115e-10
7.014205882782675872e-10
6.081775083544016525e-10
5.095235344754200923e-10
4.069686809771155822e-10
3.029265727150232124e-10
1.995488219108665362e-10
1.002730121157924259e-10
1.056443821312313958e-11
6.342415481697116775e-11
1.137292482411567107e-10
1.299016449962664410e-10
1.008557681814181706e-10
1.648348124660969916e-11
1.360249690662840294e-10
3.647308011167638142e-10
6.734739432801006842e-10
1.059525134294858617e-09
1.505758850939287186e-09
1.985143383009813078e-09
2.459688341893695451e-09
2.878913774040370299e-09
3.197869191673419209e-09
3.373691548347323987e-09
3.384031277420262995e-09
3.227724088006311831e-09
2.923275954636039842e-09
2.512820174160879105e-09
2.042123914414162300e-09
1.561448415010602275e-09
1.109199065929544759e-09
7.149842939924155871e-10
3.968205763982268763e-10
1.581668129801983014e-10
2.775113472353041288e-12
9.567258096865316475e-11
1.303572805255726053e-10
1.185811449033735698e-10
7.204592478160520841e-11
0.000000000000000000e+00
