0.000000000000000000e+00
1.115736592005589500e-08
4.484039495267211350e-08
1.005671631526539045e-07
1.772901608854127176e-07
2.733029947910026181e-07
3.876947918257656056e-07
5.186207396867814623e-07
6.640079541764265514e-07
8.213169211401805114e-07
9.883258670351224850e-07
1.161592044662818068e-06
1.339032623226543706e-06
1.517470553435984471e-06
1.694202855562210175e-06
1.866622490687142033e-06
2.031329685570071319e-06
2.185361462236912189e-06
2.326852321821171188e-06
2.454103891436076879e-06
2.566976160300882270e-06
2.662277110876409836e-06
2.730020043917313899e-06
2.777622029603854514e-06
2.806358031515188145e-06
2.811711998895738418e-06
2.794978163800365678e-06
2.756094365397032675e-06
2.698120696198458290e-06
2.616255134091360901e-06
2.512740774562871593e-06
2.393590605831441565e-06
2.259254110903441415e-06
2.110558623980018922e-06
1.951455759430231751e-06
1.782310588671620621e-06
1.607555500160451345e-06
1.429845790434924879e-06
1.251598979679080514e-06
1.075953115825534212e-06
9.055601786212008619e-07
7.428471041626139026e-07
5.915635428177523636e-07
4.532121207212469471e-07
3.302352242773309854e-07
2.251891876303702134e-07
1.381686729473585729e-07
7.204511298652960249e-08
2.678415056411864725e-08
4.578511902941784228e-09
4.792900965000512770e-09
2.712917590574903670e-08
7.135795798696165093e-08
1.375474952824973229e-07
2.236694109924997065e-07
3.297043229544271981e-07
4.531175390454222907e-07
5.913931941936567682e-07
7.426162047519113685e-07
9.045907711779932470e-07
1.074785683452539331e-06
1.250465644586640224e-06
1.428748792386969058e-06
1.607183562346570227e-06
1.781391061328463365e-06
1.950943868789245528e-06
2.112148593469420632e-06
2.259471658438982899e-06
2.393530399769083772e-06
2.510875693251257701e-06
2.612611123220531795e-06
2.692722387287460606e-06
2.755363913031771972e-06
2.793353382268826124e-06
2.811474572372851810e-06
2.805610572087502419e-06
2.777193945147082843e-06
2.726081835269233977e-06
2.656026477310113876e-06
2.563386842679982180e-06
2.453583180073160008e-06
2.327428522908014941e-06
2.185209890703809776e-06
2.031017000359014446e-06
1.864954743968638695e-06
1.694134335705754779e-06
1.517181321242233594e-06
1.338269434714156603e-06
1.160540942457544134e-06
9.875108661905329654e-07
8.207035323559708218e-07
6.637250919983017639e-07
5.185518671124711432e-07
3.877080174685687552e-07
2.725053770413765619e-07
1.763151645794991396e-07
1.001540645972909260e-07
4.443469836523661343e-08
1.103172009297992417e-08
0.000000000000000000e+00
