0.000000000000000000e+00
1.652176719879605571e-07
1.870964909667094389e-07
1.916660945511239333e-07
1.929007998890952535e-07
1.932556839001620119e-07
1.933333553250093928e-07
1.933186433156208750e-07
1.932738231680275476e-07
1.932205724308744266e-07
1.931671239630006198e-07
1.931187960657609892e-07
1.930762125734730716e-07
1.930376910541653501e-07
1.930039793540672122e-07
1.929747884821253479e-07
1.929486715956940657e-07
1.929257449351240439e-07
1.929055369886967242e-07
1.928879305168607061e-07
1.928717123789169818e-07
1.928579429488763708e-07
1.928444902654646853e-07
1.928329633749115146e-07
1.928225128455807180e-07
1.928134987227991815e-07
1.928044611743118253e-07
1.927964018433314664e-07
1.927897385067822711e-07
1.927835755477502744e-07
1.927775157284372654e-07
1.927722408368026663e-07
1.927676226420871330e-07
1.927628978659612358e-07
1.927594580619640396e-07
1.927559801773170989e-07
1.927527535361406308e-07
1.927501779297458029e-07
1.927472819129860682e-07
1.927442879745555615e-07
1.927422910164011682e-07
1.927412376367954039e-07
1.927397784706741390e-07
1.927385147038052082e-07
1.927374927435110408e-07
1.927366527487706094e-07
1.927360329112559612e-07
1.927350812280792525e-07
1.927357967668186234e-07
1.927349302377479034e-07
1.927355679498532481e-07
1.927359345454959794e-07
1.927365523846091833e-07
1.927366929388441008e-07
1.927384594146985819e-07
1.927401034329534468e-07
1.927409825075443450e-07
1.927425973269336623e-07
1.927444887028784137e-07
1.927462592865580859e-07
1.927492534470331975e-07
1.927521331435144702e-07
1.927553138214577189e-07
1.927591513073423357e-07
1.927629179609979815e-07
1.927668589196684934e-07
1.927716066774110004e-07
1.927770071352696846e-07
1.927825392655790893e-07
1.927886968955405678e-07
1.927959139003121436e-07
1.928039161658290368e-07
1.928120716421233283e-07
1.928212699509046502e-07
1.928308676069079297e-07
1.928424822050800458e-07
1.928547745944086955e-07
1.928690103181196491e-07
1.928859583166797620e-07
1.929037712899983603e-07
1.929234554332026619e-07
1.929460141658623229e-07
1.929712216686141346e-07
1.929994530858181179e-07
1.930332084176811236e-07
1.930706399200232681e-07
1.931130255705681975e-07
1.931607183092154401e-07
1.932125350823099552e-07
1.932654856151572176e-07
1.933138212839580206e-07
1.933380107121962510e-07
1.932774994495289889e-07
1.929896888963611445e-07
1.919656476001563306e-07
1.882544342635128487e-07
1.713876933706615091e-07
5.180434947682499569e-08
1.122318284307866065e-06
0.000000000000000000e+00
