0.000000000000000000e+00
8.442316309364983340e-07
8.986999427973429988e-07
1.179777530779801964e-06
1.450007839576272772e-06
1.715508815114397123e-06
1.969351488662063332e-06
2.208545994308863669e-06
2.436094120539245012e-06
2.644702979615054517e-06
2.836915449666577160e-06
3.014328052719505990e-06
3.177584827707136128e-06
3.325625022587708202e-06
3.459907403580153584e-06
3.581987413125986564e-06
3.692684144240843125e-06
3.793728602152768303e-06
3.883647946345547552e-06
3.963268141893294683e-06
4.036104454541167286e-06
4.100758164482520840e-06
4.158773559637118922e-06
4.210790498060390519e-06
4.256832889959483168e-06
4.295951906985173707e-06
4.331155002978981372e-06
4.360917213452886187e-06
4.385602279999289976e-06
4.406839560933129007e-06
4.423158706412522179e-06
4.437373088528318021e-06
4.447927978157295570e-06
4.453324945696834902e-06
4.453838220674910531e-06
4.453839322682284774e-06
4.449081765556250900e-06
4.438420399210940559e-06
4.425478403069504907e-06
4.408552437995538753e-06
4.388544400102389886e-06
4.363625250136671241e-06
4.335227246410333635e-06
4.300385103128689934e-06
4.262011677136356980e-06
4.216659866718153182e-06
4.165108640541426155e-06
4.107996490754217689e-06
4.044790759438754435e-06
3.972427638387898696e-06
3.893960922152217563e-06
3.805965874570382823e-06
3.706134589220866360e-06
3.596663340266204045e-06
3.474953355397936150e-06
3.342575120357516028e-06
3.195909766162685628e-06
3.035595359968112916e-06
2.861137844423211618e-06
2.669888432560441061e-06
2.462772568656568239e-06
2.239661214931132349e-06
1.999966504184769178e-06
1.747601889090510952e-06
1.482245977513230173e-06
1.212995924815274407e-06
9.538155288923988451e-07
1.128406453942965015e-06
1.117977229542210793e-06
1.038623032578733785e-06
1.031337879542348901e-07
2.870952897637835122e-08
1.394310600311143844e-08
1.337957582503435106e-07
4.350085357485156123e-07
9.123020612289423070e-07
1.571762705210311140e-06
2.413976252335636730e-06
3.402290578491395934e-06
4.470988163474132193e-06
5.534484141644924193e-06
6.484777488435788939e-06
7.203301385039218019e-06
7.609267088981575000e-06
7.631594695300947251e-06
7.274170281679204209e-06
6.590641494219617869e-06
5.660504850513170538e-06
4.600457465864238316e-06
3.528757881898769710e-06
2.525894489124880238e-06
1.665273474227291217e-06
9.835305382344117220e-07
4.833997238051779277e-07
1.621037537535841011e-07
8.486300551169279061e-11
3.036271634115905727e-08
7.104890520359674611e-08
4.160050866564013461e-07
0.000000000000000000e+00
