0.000000000000000000e+00
4.692004088036050291e-06
4.731846101613257360e-06
5.086094286621545280e-06
5.792601844190059523e-06
6.855586740961427950e-06
7.872719674728578809e-06
8.841126361680551327e-06
9.750819551790357309e-06
1.059043450868379921e-05
1.136397423562307551e-05
1.207485849652467635e-05
1.273005392576909145e-05
1.333105704137693692e-05
1.387280720066552675e-05
1.436281299571628978e-05
1.480605115633526481e-05
1.521300902584954429e-05
1.557411574859557390e-05
1.589761846709780713e-05
1.619100006977625128e-05
1.645336955702347836e-05
1.668312132985239060e-05
1.689725884368442621e-05
1.707751320245698423e-05
1.723522931129650715e-05
1.738000323703303707e-05
1.749745703827354504e-05
1.759813223722872522e-05
1.768227143117417910e-05
1.774924128661314882e-05
1.780205583390426227e-05
1.784424569883924505e-05
1.786566890604746050e-05
1.787642437189873590e-05
1.786881141918605920e-05
1.784976542529292942e-05
1.780650244709303109e-05
1.775863168940183812e-05
1.769467255363643687e-05
1.760916295234782325e-05
1.750933516453390126e-05
1.739330340200240244e-05
1.725346427305929353e-05
1.709796817783715284e-05
1.691843310447360693e-05
1.671262527758177185e-05
1.648178847790671142e-05
1.622528197275929784e-05
1.593373838271183729e-05
1.561293509788619360e-05
1.525743959374104008e-05
1.485540411239050229e-05
1.441380579847439947e-05
1.393144313799332679e-05
1.339485895213154976e-05
1.280317420260246308e-05
1.215601706050506436e-05
1.144980641920589903e-05
1.068487692623687479e-05
9.853046527896758278e-06
8.948204703873585686e-06
7.984747749212317558e-06
6.966627846827222470e-06
5.905821569562874629e-06
5.195356124754191285e-06
5.504433164715827331e-06
6.475013285989206224e-06
4.352308365158930048e-06
5.554486670944491777e-06
3.046538715967272992e-06
5.123800959072610794e-07
1.228725001745090140e-07
4.564859217293104621e-07
1.669849419960733883e-06
3.578045839836008213e-06
6.241416964036794468e-06
9.632347115151596029e-06
1.361705225177978207e-05
1.792028685576596558e-05
2.222862458345353787e-05
2.604407324957591641e-05
2.895256354662478770e-05
3.055939273721719474e-05
3.067487373098476411e-05
2.923458805115242143e-05
2.648490288581495378e-05
2.274503062804633657e-05
1.848212315258557226e-05
1.415984090402666595e-05
1.011656168392605082e-05
6.641701363330199115e-06
3.894290464323546530e-06
1.895361874115764067e-06
5.930007890286859151e-07
6.055663137605193924e-08
4.052604247739566290e-07
1.614693772022945950e-06
3.063267198566421712e-06
0.000000000000000000e+00
