0.000000000000000000e+00
2.623367880150162534e-06
2.970631098220266608e-06
3.043187382423262477e-06
3.062812476084530999e-06
3.068474722089931106e-06
3.069723755189102121e-06
3.069459006299624093e-06
3.068748622436778817e-06
3.067877847096056598e-06
3.067058477634887481e-06
3.066293946307752094e-06
3.065604924024079025e-06
3.065006469848974291e-06
3.064466525981579537e-06
3.064005072994646639e-06
3.063587904028608477e-06
3.063241720169251892e-06
3.062913075391193729e-06
3.062632927264274940e-06
3.062367558759326869e-06
3.062132309050724643e-06
3.061926280190085947e-06
3.061743023113905338e-06
3.061577287688521665e-06
3.061434732831713745e-06
3.061304902574057962e-06
3.061177637597722878e-06
3.061058482911604983e-06
3.060957954881260434e-06
3.060871080595717331e-06
3.060786605058041232e-06
3.060710169977554074e-06
3.060648486097328203e-06
3.060576366231693157e-06
3.060530334497713056e-06
3.060479019878492579e-06
3.060421594924811473e-06
3.060384011099870349e-06
3.060355789452628983e-06
3.060324129333658050e-06
3.060302177448903649e-06
3.060261443366130152e-06
3.060253338293961178e-06
3.060236921204051441e-06
3.060228474405235488e-06
3.060208187743995722e-06
3.060197884541260294e-06
3.060208281446819001e-06
3.060199500692917240e-06
3.060205979732444348e-06
3.060216714034780239e-06
3.060221989814593258e-06
3.060223754514090899e-06
3.060244311070547951e-06
3.060257855014292261e-06
3.060280641342671970e-06
3.060323218839755555e-06
3.060347975147870159e-06
3.060375866170694792e-06
3.060422055112255180e-06
3.060462118731344106e-06
3.060517405617524389e-06
3.060578861568963305e-06
3.060634975238230027e-06
3.060701091461837109e-06
3.060775946028826411e-06
3.060860852999169879e-06
3.060951698108382857e-06
3.061052191721813642e-06
3.061155297467976766e-06
3.061290499317692593e-06
3.061411522287116327e-06
3.061571064555401733e-06
3.061722721020565530e-06
3.061915222146716076e-06
3.062114190210962761e-06
3.062323057689830819e-06
3.062578856516395831e-06
3.062876927084623446e-06
3.063189534358023991e-06
3.063542792003381976e-06
3.063947598302974029e-06
3.064396402296942767e-06
3.064919095296936291e-06
3.065514662892177000e-06
3.066203037915826712e-06
3.066963413012047113e-06
3.067781604193520195e-06
3.068621193369480693e-06
3.069384699072585931e-06
3.069775636355132065e-06
3.068861598842786975e-06
3.064245029937850973e-06
3.047999292626890622e-06
2.989106540174368831e-06
2.721412419637303515e-06
8.234310945320899577e-07
1.782431975705378591e-05
0.000000000000000000e+00
