0.000000000000000000e+00
4.895086409550941653e-07
5.543079064640465958e-07
5.678469549019737883e-07
5.715090136693135037e-07
5.725655894961434456e-07
5.727986598369483318e-07
5.727492549123525123e-07
5.726166955044575957e-07
5.724542059271087169e-07
5.723013104530494388e-07
5.721586417983814954e-07
5.720300706446579397e-07
5.719183954200346420e-07
5.718176426805499091e-07
5.717315355591168213e-07
5.716536916056114137e-07
5.715890908364329448e-07
5.715277645590433053e-07
5.714754865993043609e-07
5.714259693201384493e-07
5.713820711017447707e-07
5.713436250776027236e-07
5.713094292092435467e-07
5.712785052791602425e-07
5.712519047795794336e-07
5.712276742730892920e-07
5.712039260474810476e-07
5.711816907227884599e-07
5.711629372795457016e-07
5.711467231384048659e-07
5.711309613021242626e-07
5.711166954913693417e-07
5.711051854762061453e-07
5.710917273527016391e-07
5.710831387784054414e-07
5.710735652142417962e-07
5.710628481203627871e-07
5.710558350635608349e-07
5.710505689426881304e-07
5.710446621121079147e-07
5.710405650560801405e-07
5.710329639141420444e-07
5.710314542328731591e-07
5.710283877968791444e-07
5.710268101699611520e-07
5.710230255306925073e-07
5.710211071763282575e-07
5.710230445155062284e-07
5.710214067145003014e-07
5.710226146371510936e-07
5.710246157031306780e-07
5.710256011370873352e-07
5.710259286528795997e-07
5.710297691363663830e-07
5.710322941165912880e-07
5.710365441613518556e-07
5.710444896944721904e-07
5.710491117749683099e-07
5.710543148351732157e-07
5.710629348287810103e-07
5.710704107375619287e-07
5.710807301495535171e-07
5.710921956447734260e-07
5.711026652699402462e-07
5.711150032894352080e-07
5.711289684517950604e-07
5.711448178846723067e-07
5.711617677706115614e-07
5.711805192154528754e-07
5.711997582702466048e-07
5.712249867562135819e-07
5.712475735775157659e-07
5.712773439858764846e-07
5.713056386857928715e-07
5.713415628383344824e-07
5.713786920269470215e-07
5.714176662952041852e-07
5.714654000010810364e-07
5.715210223966593617e-07
5.715793547356184945e-07
5.716452720072595639e-07
5.717208115818550596e-07
5.718045591462939115e-07
5.719020942374086758e-07
5.720132275621736540e-07
5.721416803661227846e-07
5.722835686450267190e-07
5.724362455161724483e-07
5.725929180799838036e-07
5.727353904472209933e-07
5.728083380951431991e-07
5.726377787507175299e-07
5.717763269519338110e-07
5.687448531022099019e-07
5.577554186286803883e-07
5.078036141581421248e-07
1.536443826610778274e-07
3.326223453781196326e-06
0.000000000000000000e+00
