0.000000000000000000e+00
1.533063427983094584e-06
1.893111960304949548e-06
2.056099934533150986e-06
2.141864846705310299e-06
2.192440099135772869e-06
2.224614147117165430e-06
2.246593975852029246e-06
2.262090390670046247e-06
2.273480633752100744e-06
2.282106474460476875e-06
2.288809034856065239e-06
2.294163684468664144e-06
2.298517896348606371e-06
2.302111316243582451e-06
2.305049897066702158e-06
2.307531204115420564e-06
2.309637862518698626e-06
2.311386410491778065e-06
2.312980961316490891e-06
2.314313314877303185e-06
2.315491105187028609e-06
2.316551667047583862e-06
2.317465890522285576e-06
2.318280071800238318e-06
2.319002091466515481e-06
2.319640366454933655e-06
2.320211404005512179e-06
2.320725601689943574e-06
2.321187450027295540e-06
2.321600504728849046e-06
2.321986431685907348e-06
2.322317453562483536e-06
2.322621629247123565e-06
2.322894644413153742e-06
2.323151287009217469e-06
2.323371524282080713e-06
2.323584945340684271e-06
2.323750141419722581e-06
2.323925915703739520e-06
2.324041672108201340e-06
2.324178368762197522e-06
2.324283215338063258e-06
2.324370980466561321e-06
2.324443268753029201e-06
2.324513474483147490e-06
2.324543139087253962e-06
2.324587113688991735e-06
2.324588678770389549e-06
2.324592384805868051e-06
2.324582322299484360e-06
2.324548746157617529e-06
2.324507228923522462e-06
2.324458658220507346e-06
2.324370877215820030e-06
2.324304050227432583e-06
2.324177065027299705e-06
2.324052655433561654e-06
2.323937898895955811e-06
2.323760630806859240e-06
2.323610249321816923e-06
2.323392251479816650e-06
2.323176897411904918e-06
2.322941508481335404e-06
2.322664160558929325e-06
2.322370632912296173e-06
2.322026915191344187e-06
2.321659532733555409e-06
2.321262876914254036e-06
2.320796206767283820e-06
2.320300467539837541e-06
2.319730100897032798e-06
2.319093837410690639e-06
2.318379243693158287e-06
2.317573093990610289e-06
2.316704378002576448e-06
2.315645958539391813e-06
2.314531752034554302e-06
2.313159390476826616e-06
2.311620350803345048e-06
2.309905283937041531e-06
2.307791303501893765e-06
2.305379947831198706e-06
2.302576002088940754e-06
2.299069648437068736e-06
2.294905721123008391e-06
2.289744562733453392e-06
2.283236867239857304e-06
2.274924415512913356e-06
2.264018776232390451e-06
2.249177122548573493e-06
2.228360686529207157e-06
2.198031270106426405e-06
2.150981184056988127e-06
2.072150292242724845e-06
1.925558342996680494e-06
1.607664630309812992e-06
5.467111018342407647e-07
5.818047847760965396e-05
2.886579864025407005e-15
