0.000000000000000000e+00
5.020565754243477841e-07
5.685061000848534718e-07
5.823923360237515112e-07
5.861446130683845013e-07
5.872269444040512099e-07
5.874628518087732232e-07
5.874145942996733538e-07
5.872785558969084718e-07
5.871120328793111298e-07
5.869556037874090748e-07
5.868088605032184546e-07
5.866766540352230663e-07
5.865625885004277507e-07
5.864588147330707102e-07
5.863699605868077924e-07
5.862906006237622591e-07
5.862209517815131221e-07
5.861595461231772219e-07
5.861068911316991148e-07
5.860567744431222081e-07
5.860130152246512125e-07
5.859724335754989966e-07
5.859390421747434630e-07
5.859087003345919697e-07
5.858783949097556842e-07
5.858513710821355858e-07
5.858291959315309327e-07
5.858074444420324767e-07
5.857872188430590654e-07
5.857712916945700954e-07
5.857548265320033920e-07
5.857395611874594010e-07
5.857267616482531025e-07
5.857149281141005304e-07
5.857032360223612955e-07
5.856934144343739490e-07
5.856865797904120541e-07
5.856765501466298929e-07
5.856727430808561508e-07
5.856635515444352791e-07
5.856582990793057775e-07
5.856559252004345240e-07
5.856499497580713864e-07
5.856484213140333850e-07
5.856444884599909528e-07
5.856427326422775081e-07
5.856444177387842842e-07
5.856427610639869386e-07
5.856437574891515396e-07
5.856415302707418391e-07
5.856454614594497343e-07
5.856474264431810184e-07
5.856487721445091665e-07
5.856519122993120163e-07
5.856569113005249960e-07
5.856595850506352008e-07
5.856640729051676431e-07
5.856702277595715600e-07
5.856756092326165231e-07
5.856861272635072169e-07
5.856934527370682986e-07
5.857030922484796065e-07
5.857136393672135455e-07
5.857262275199559554e-07
5.857389284713576671e-07
5.857526209629426717e-07
5.857684838295185159e-07
5.857864874281304424e-07
5.858058650387576449e-07
5.858273569581129436e-07
5.858478524523036413e-07
5.858755642851320999e-07
5.859045703049403642e-07
5.859326818180576879e-07
5.859704791388864464e-07
5.860082876729677537e-07
5.860524358025642755e-07
5.860976922678062806e-07
5.861541770846301347e-07
5.862113098276111600e-07
5.862799415945474379e-07
5.863575445186341994e-07
5.864474704742050903e-07
5.865452162856499285e-07
5.866611750837691375e-07
5.867908163814661293e-07
5.869348496112536395e-07
5.870918509121025863e-07
5.872553300312333135e-07
5.874005376549362722e-07
5.874658193238957438e-07
5.872894207614720585e-07
5.864147648582118677e-07
5.833013300149403335e-07
5.720217528537574481e-07
5.207720711331020880e-07
1.574089564249092632e-07
3.410199602815744413e-06
0.000000000000000000e+00
