0.000000000000000000e+00
2.485425976139765680e-09
3.545724380771275719e-09
3.450489227674324866e-09
2.766933238085300673e-09
1.579262831619132612e-09
2.127712450672447630e-10
1.424077855638472556e-09
3.049848262826060363e-09
4.630756667012292382e-09
6.216428927174888486e-09
7.626551945527637599e-09
8.992563915732887381e-09
1.028482898846050375e-08
1.133585969537165283e-08
1.233385793497632221e-08
1.324547782566298793e-08
1.408560734716957086e-08
1.482851008649532787e-08
1.544470573655587486e-08
1.596738574694001045e-08
1.639876978654086770e-08
1.682137706904285324e-08
1.713774866463069202e-08
1.755241385570371904e-08
1.769008073360112121e-08
1.795882564881168264e-08
1.812095884456965678e-08
1.821687245495695606e-08
1.835864948951382303e-08
1.851271014263744519e-08
1.856324360893779613e-08
1.857373033153919550e-08
1.863469456520050471e-08
1.863489162978737568e-08
1.865490295571703427e-08
1.869029175871617099e-08
1.864208820645529840e-08
1.849347064375450600e-08
1.835203844446908761e-08
1.826327455933807187e-08
1.805736138393854162e-08
1.807062832703820732e-08
1.786649206358958963e-08
1.751383660320016133e-08
1.729740917166822101e-08
1.685416672891904000e-08
1.638956614868902761e-08
1.596440291073975004e-08
1.554832740335854169e-08
1.484015865749199747e-08
1.422982287557772452e-08
1.343449329560542083e-08
1.248939396347736874e-08
1.154833295657908820e-08
1.041472019736033872e-08
9.165811665212686421e-09
7.773062860039203770e-09
6.356065451740278149e-09
4.862848013154064120e-09
3.262988101937480678e-09
1.667227356172418240e-09
7.081168984512942188e-11
1.420948581021264090e-09
2.528935061363313253e-09
3.298034068066613145e-09
3.490798428096297812e-09
2.476873262047263324e-09
3.289174488330104396e-10
3.642832036021559361e-09
1.000277438656382856e-08
1.954812611781875376e-08
3.290482164519659136e-08
5.064093455686702328e-08
7.365958054617038897e-08
1.027632109407150551e-07
1.373768014900633716e-07
1.762886482348235972e-07
2.192915826704222582e-07
2.638579582603384210e-07
3.057753195090384679e-07
3.424274045427111446e-07
3.695567301065239008e-07
3.863332544984388051e-07
3.856150937453506344e-07
3.721848149673689932e-07
3.464309810130572487e-07
3.100761709617927409e-07
2.682410147336611317e-07
2.243615930819231608e-07
1.806949674332258837e-07
1.408490630794290155e-07
1.060550591791553643e-07
7.680886016103727343e-08
5.305079409101409738e-08
3.474322773922011720e-08
2.096349205338299271e-08
1.105818558944093866e-08
4.288339461311352352e-09
7.771561172376095783e-16
