0.000000000000000000e+00
3.579387575225467799e-08
5.022317817182653243e-08
6.511942796105785192e-08
7.990554995451759623e-08
9.440892134726652785e-08
1.083327426654179249e-07
1.214616568434578880e-07
1.339010906598048223e-07
1.453160990427804222e-07
1.559194493516713464e-07
1.655387702470534350e-07
1.744107170909003912e-07
1.825719881942688971e-07
1.899493750068259601e-07
1.965841055495687328e-07
2.026380629960300439e-07
2.081110886953396744e-07
2.130442060543913385e-07
2.174345798966470511e-07
2.213540168938266106e-07
2.249471215964859994e-07
2.280916552299672162e-07
2.309780200437927533e-07
2.333980305690985801e-07
2.355729066261247340e-07
2.375188968839481163e-07
2.391864821760236737e-07
2.404971709557557347e-07
2.416506662550332862e-07
2.425957277285561986e-07
2.433498911269538212e-07
2.438401592863570500e-07
2.441176791823096437e-07
2.442587145878860611e-07
2.441448685441827138e-07
2.438575392726960445e-07
2.434462846867546659e-07
2.427453525966072334e-07
2.417318241132448975e-07
2.406395610554667996e-07
2.393524591859375050e-07
2.377577712486811379e-07
2.358496321575032084e-07
2.336780686729156287e-07
2.312535118953462643e-07
2.285056839301802256e-07
2.253751723024777220e-07
2.218734013181844489e-07
2.179392109002975531e-07
2.136433339128274156e-07
2.088180017789653675e-07
2.033743387030995109e-07
1.973519860865025066e-07
1.907449329596744292e-07
1.834949782120176565e-07
1.754459866276647517e-07
1.666933201471820780e-07
1.571402438171887184e-07
1.466218799706098252e-07
1.352719639635679982e-07
1.231298737414121547e-07
1.100159668920852596e-07
9.614215434883277567e-08
8.167971965455933514e-08
6.694320131561681819e-08
5.204244746259689691e-08
3.752478372476275581e-08
7.476140265194608503e-08
1.182351727635477801e-08
3.784970892262151665e-09
8.455312006105941691e-10
2.645017538327465445e-11
8.142143181899541560e-09
2.456610614931520331e-08
5.069623776332576881e-08
8.688298636094771155e-08
1.328786847221152811e-07
1.868958225959005404e-07
2.452808592900979079e-07
3.034210580565854798e-07
3.552278396989905218e-07
3.944251401044596150e-07
4.164360309921733005e-07
4.176196067851023486e-07
3.980792121494047819e-07
3.608507526120519060e-07
3.101258332360856684e-07
2.523601467796510178e-07
1.938585934002645672e-07
1.389799686446480109e-07
9.185947469347865990e-08
5.443752515432720429e-08
2.712091107248681965e-08
9.598376982111744837e-09
4.739419967592084504e-10
1.097153701223874123e-09
2.987244562824287186e-09
1.117205694622924739e-08
0.000000000000000000e+00
