0.000000000000000000e+00
4.083709714830519033e-08
5.729946772614624706e-08
7.429456805319034629e-08
9.116400956354908658e-08
1.077108373603863356e-07
1.235964675050382766e-07
1.385751702276394326e-07
1.527672360834841925e-07
1.657905225327382936e-07
1.778878098157576915e-07
1.888623888390839056e-07
1.989843355643117206e-07
2.082954084769994552e-07
2.167122062912696379e-07
2.242816841135919503e-07
2.311885745065467290e-07
2.374326746323873749e-07
2.430608048165083801e-07
2.480697233187001416e-07
2.525413570486634285e-07
2.566406825943445824e-07
2.602282535013600295e-07
2.635212249524343520e-07
2.662821954046989958e-07
2.687634809150907245e-07
2.709836492975625788e-07
2.728861494549761346e-07
2.743814981887027216e-07
2.756974827322622446e-07
2.767757318888897089e-07
2.776361253120640527e-07
2.781954635544536814e-07
2.785120780668393081e-07
2.786730085579947058e-07
2.785430990304149645e-07
2.782153117886210225e-07
2.777460688108135400e-07
2.769463874896516131e-07
2.757901105265858632e-07
2.745439368068147701e-07
2.730755020996511462e-07
2.712561574247374097e-07
2.690791641724032957e-07
2.666016962749040431e-07
2.638355531825453681e-07
2.607005773480608468e-07
2.571289959840683537e-07
2.531338769706792391e-07
2.486454289130080042e-07
2.437443211711354252e-07
2.382391597333111122e-07
2.320285343859751492e-07
2.251577411183092181e-07
2.176198117265215615e-07
2.093484172682735789e-07
2.001654030303612330e-07
1.901795678715956228e-07
1.792805488509685574e-07
1.672802510954696231e-07
1.543311977103556387e-07
1.404783515068785960e-07
1.255167633162912466e-07
1.096881855344733481e-07
9.318806148961300551e-08
7.637519239267476223e-08
5.937494695906764264e-08
4.281175769449419022e-08
7.986016342664825629e-08
1.361944212963095424e-08
4.318063240305036743e-09
9.647991294770008608e-10
3.016564775748520333e-11
9.289476188278911195e-09
2.802780219024469943e-08
5.783975232098725883e-08
9.912522758170894122e-08
1.516015699642991876e-07
2.132291164747002199e-07
2.798395448699864119e-07
3.461700831541847379e-07
4.052748214800061533e-07
4.499936058222075985e-07
4.751051296825181680e-07
4.764555022740424306e-07
4.541626766885187294e-07
4.116900059747408136e-07
3.538196103880508758e-07
2.879163811808638229e-07
2.211729988044197626e-07
1.585627390499055878e-07
1.048031866845988702e-07
6.210853187305076517e-08
3.094285228044668656e-08
1.095116797245054840e-08
5.409181991211653440e-10
1.251661885248722683e-09
3.408122117853906730e-09
1.274612060342406039e-08
0.000000000000000000e+00
