0.000000000000000000e+00
2.601134869717469655e-07
2.865158921228072586e-07
3.068676667217218323e-07
3.341950496338341736e-07
3.686736700370119024e-07
4.103814439382347246e-07
4.576398814348792143e-07
5.099517514928209039e-07
5.664456736997891539e-07
6.260809986002868754e-07
6.883996245266033043e-07
7.523468702475000214e-07
8.164486605677367947e-07
8.800212827342335231e-07
9.420857284281325406e-07
1.001007016721011667e-06
1.056698985091308884e-06
1.107855346349495562e-06
1.153847919987960324e-06
1.193650256192668735e-06
1.226600914616682303e-06
1.252135272356014184e-06
1.270827626909110108e-06
1.280808503034691626e-06
1.282695400894873217e-06
1.276626028001714985e-06
1.262233406906787536e-06
1.239818469001008339e-06
1.211416145174837311e-06
1.175358569693862876e-06
1.132604769638057007e-06
1.083030522930350514e-06
1.029617917813752115e-06
9.721437268517263419e-07
9.118865430535194605e-07
8.487438711846095885e-07
7.847638028302128532e-07
7.208400348845955818e-07
6.576390357837524903e-07
5.966012190938840831e-07
5.383932353275611149e-07
4.838497912329486894e-07
4.339704967604163244e-07
3.895909125306573628e-07
3.512673771854935012e-07
3.203211197400079868e-07
2.965403333998750668e-07
2.801652199124760045e-07
5.738206430017100956e-07
4.501224450947916012e-07
2.801726757262201772e-07
2.966015922867271115e-07
3.203988456768058768e-07
3.513504343022333387e-07
3.896310556417148518e-07
4.342548388658329372e-07
4.841125436083615341e-07
5.385598959017912080e-07
5.968206917561502678e-07
6.578255585809600348e-07
7.210077231922795704e-07
7.852105413652665789e-07
8.490620124756986797e-07
9.121801358702441576e-07
9.726833970491455261e-07
1.029981098077392687e-06
1.083354973951955458e-06
1.132240708523468697e-06
1.174832784167634259e-06
1.211704689363379828e-06
1.240401255264700353e-06
1.262991095041243739e-06
1.277089650697504908e-06
1.283101878968295750e-06
1.280820851712327624e-06
1.270764089067455416e-06
1.251929703460774590e-06
1.226372708829082114e-06
1.194570954043960853e-06
1.154838614958464404e-06
1.108175349262552345e-06
1.056860740256126974e-06
1.000906345249852336e-06
9.423212051773433018e-07
8.800981627921089512e-07
8.164702304247484221e-07
7.523635368045233918e-07
6.885797270150817440e-07
6.262070441076517113e-07
5.665755995476473572e-07
5.100208995134636325e-07
4.575280985186225280e-07
4.104017239381363424e-07
3.688290380887693232e-07
3.342064767153374305e-07
3.069025132917957421e-07
2.865508264005001138e-07
2.564097381085872485e-07
0.000000000000000000e+00
