0.000000000000000000e+00
5.914071843360346747e-08
6.518803852273435950e-08
7.144093139288543171e-08
7.764395604237250836e-08
8.371438753318471981e-08
8.958547537130101546e-08
9.510099985288178459e-08
1.002721768950110004e-07
1.050830958915227598e-07
1.095150794494514912e-07
1.135542019303770189e-07
1.173085961703179692e-07
1.207190262197954667e-07
1.238143538806468769e-07
1.266027337409880715e-07
1.291425502092380384e-07
1.314388285988954408e-07
1.335082724374103691e-07
1.353453183972064267e-07
1.369974677034591082e-07
1.385044884338881843e-07
1.398440795385980095e-07
1.410309351523864052e-07
1.420497196535919215e-07
1.429703924138436832e-07
1.437934794568107577e-07
1.444616838375267776e-07
1.450336281072495126e-07
1.455042913933723980e-07
1.459074766563261960e-07
1.462180018174663587e-07
1.464170080733850909e-07
1.465686109147767979e-07
1.466160385321657600e-07
1.465556138668944186e-07
1.464392188621488344e-07
1.462574861221810352e-07
1.459523172320231765e-07
1.455504015090980374e-07
1.450820489301563043e-07
1.445532559207762802e-07
1.438906752637691966e-07
1.430793985512934796e-07
1.421983192306797150e-07
1.411738284051722303e-07
1.399904745458258049e-07
1.386843204720378253e-07
1.372345276307029849e-07
1.355849065243219798e-07
1.337757445929455002e-07
1.317518230070646723e-07
1.294528022555141433e-07
1.269617697641223231e-07
1.241965277287704339e-07
1.211319786698084044e-07
1.177606326896452060e-07
1.140894789752877614e-07
1.100693157729537575e-07
1.056901354212769206e-07
1.009385414141306114e-07
9.580643756113005338e-08
9.030511183283351784e-08
8.449518185127402603e-08
7.843989147104935000e-08
7.225574538693990689e-08
6.600625124253411968e-08
5.989496654201786896e-08
1.120026175971400306e-07
4.942690545739480967e-08
4.577261791816056302e-08
4.382854568163452313e-08
4.420977772756629065e-08
4.758701399598663784e-08
5.454040186148034763e-08
6.547825770475412810e-08
8.063096823551774150e-08
9.994620930875441900e-08
1.225773937907348454e-07
1.470774737555302636e-07
1.714584183520884153e-07
1.931539225230594070e-07
2.095965870863025771e-07
2.187896342986661580e-07
2.193202245370784453e-07
2.111054971942749603e-07
1.954792496761115217e-07
1.742151330974550660e-07
1.499822351869184445e-07
1.254411411411027188e-07
1.024169559160625909e-07
8.265906792370714129e-08
6.700241994561650927e-08
5.552539195097239144e-08
4.812448528568324946e-08
4.431069544619248290e-08
4.365491401703280872e-08
4.535025588392471718e-08
4.882223914037808754e-08
4.819278656698067209e-16
