0.000000000000000000e+00
3.717249867973837496e-05
4.330667144514244171e-05
4.524734872402014219e-05
4.609131382160569501e-05
4.653044268443373710e-05
4.678856024276090153e-05
4.695265413190430337e-05
4.706352275063441226e-05
4.714248554038569239e-05
4.720044742478890498e-05
4.724396140931563792e-05
4.727839968721170294e-05
4.730526133678303324e-05
4.732749931490864981e-05
4.734541961681770772e-05
4.735998140770192322e-05
4.737248416430972497e-05
4.738308573803973189e-05
4.739243675877524709e-05
4.740024545568655157e-05
4.740702232663984717e-05
4.741293932197798711e-05
4.741813321940124837e-05
4.742271395197228401e-05
4.742677068458878153e-05
4.743037636689706460e-05
4.743359112935330302e-05
4.743646489213659834e-05
4.743903936799132026e-05
4.744134959677737129e-05
4.744342518114841312e-05
4.744529123290597283e-05
4.744696914671386878e-05
4.744847720816736114e-05
4.744983108417866191e-05
4.745081942547635379e-05
4.745180557985673175e-05
4.745309304621248003e-05
4.745384872428815015e-05
4.745459974186960750e-05
4.745525367744196643e-05
4.745591382249170209e-05
4.745607113920691233e-05
4.745677969197892310e-05
4.745709022124788845e-05
4.745732249422651705e-05
4.745747823231560858e-05
4.745746101320058585e-05
4.745756417423585560e-05
4.745749500789653297e-05
4.745725295185465598e-05
4.745691102914229020e-05
4.745651426940611373e-05
4.745645221893024512e-05
4.745577025411229499e-05
4.745544147222169329e-05
4.745458061083951407e-05
4.745374548875691545e-05
4.745322748189728657e-05
4.745227972446919296e-05
4.745121412375041814e-05
4.745002095518646712e-05
4.744858914462746213e-05
4.744720481719699734e-05
4.744545284318668621e-05
4.744361571940025613e-05
4.744143985813131792e-05
4.743940050411232789e-05
4.743652610927906466e-05
4.743393764050640726e-05
4.743053126254892504e-05
4.742708816474205946e-05
4.742335133656183643e-05
4.741885411041479870e-05
4.741349654258097956e-05
4.740768977196108125e-05
4.740131875902164893e-05
4.739356347815970594e-05
4.738453015384891387e-05
4.737447936231653500e-05
4.736198746690956085e-05
4.734769238845526473e-05
4.733040181170711236e-05
4.730905910754756860e-05
4.728298419198750935e-05
4.724988784354788862e-05
4.720777816125121262e-05
4.715156364420991508e-05
4.707658286784432988e-05
4.697125116426281721e-05
4.681769588166240226e-05
4.657781825057050185e-05
4.617421025698842385e-05
4.541622280929136224e-05
4.372794930351808773e-05
3.872034732066431673e-05
1.214536293114854004e-05
2.804012308863512715e-04
2.306825419573499403e-08
