0.000000000000000000e+00
1.298769394952881129e-05
1.514565061599970619e-05
1.582921498055611664e-05
1.612661305616658325e-05
1.628138449771832086e-05
1.637236820428711326e-05
1.643021328701088635e-05
1.646929746401681882e-05
1.649713482065884307e-05
1.651756898635170501e-05
1.653290982328581293e-05
1.654505122328231437e-05
1.655452149251779304e-05
1.656236176050818187e-05
1.656867979038523231e-05
1.657381374187139045e-05
1.657822179024215359e-05
1.658195956288910367e-05
1.658525645131803117e-05
1.658800956005901384e-05
1.659039888346480751e-05
1.659248504204402508e-05
1.659431626488405698e-05
1.659593130032277486e-05
1.659736159131952604e-05
1.659863285796703281e-05
1.659976629841963813e-05
1.660077950882410391e-05
1.660168720307719781e-05
1.660250172752508746e-05
1.660323352958847920e-05
1.660389144775287207e-05
1.660448303897332778e-05
1.660501474298747837e-05
1.660549208803985266e-05
1.660584054530289677e-05
1.660618823329240712e-05
1.660664217639773454e-05
1.660690860649793876e-05
1.660717339524442338e-05
1.660740395770243794e-05
1.660763671285092613e-05
1.660769216738078313e-05
1.660794199676018934e-05
1.660805148406829801e-05
1.660813337389654976e-05
1.660818828463916930e-05
1.660818220938775625e-05
1.660821858395777895e-05
1.660819420168380134e-05
1.660810885473207321e-05
1.660798829417053923e-05
1.660784840018525443e-05
1.660782653689629740e-05
1.660758608390544566e-05
1.660747017284691651e-05
1.660716664453332214e-05
1.660687219640077927e-05
1.660668957526034717e-05
1.660635541667065951e-05
1.660597971275823426e-05
1.660555903071347927e-05
1.660505420941760235e-05
1.660456613117311520e-05
1.660394842262213899e-05
1.660330070374360645e-05
1.660253354507368329e-05
1.660181453011499997e-05
1.660080108234485152e-05
1.659988846336446500e-05
1.659868745573778170e-05
1.659747351456797304e-05
1.659615602356279140e-05
1.659457043123868658e-05
1.659268149145631810e-05
1.659063418923967248e-05
1.658838797446993141e-05
1.658565369466735717e-05
1.658246882052516469e-05
1.657892524964399428e-05
1.657452101011536172e-05
1.656948108319511448e-05
1.656338506716981129e-05
1.655586045523627092e-05
1.654666753125866308e-05
1.653499923248702430e-05
1.652015342323842617e-05
1.650033516464866068e-05
1.647390154335681700e-05
1.643676905116464582e-05
1.638263865155753507e-05
1.629808338299287840e-05
1.615582830716277840e-05
1.588871691327042868e-05
1.529400187982865589e-05
1.353184165009402307e-05
4.226371573823328731e-06
8.940759293452060774e-05
8.297274312063507296e-09
