0.000000000000000000e+00
5.564359240040062105e-08
1.177324941981083839e-07
1.826544039351674087e-07
2.483686114551630908e-07
3.131322159344307465e-07
3.756402781052159412e-07
4.349466404818258525e-07
4.906124017045598862e-07
5.424373802354054419e-07
5.906452681392337922e-07
6.348369742115167469e-07
6.749266368011319628e-07
7.118782270332246753e-07
7.455609718487465898e-07
7.761352129875831451e-07
8.036043895875977228e-07
8.283794143970624191e-07
8.508559228292966736e-07
8.704866203412819914e-07
8.885318883988801986e-07
9.049023805829392586e-07
9.190330828579007516e-07
9.314632742896122863e-07
9.426640213971992921e-07
9.523319077775482810e-07
9.608200491895146911e-07
9.681571825348456173e-07
9.745935048988130234e-07
9.797407105605060451e-07
9.837521949274119493e-07
9.871310220344042818e-07
9.894614038108429099e-07
9.910549287894809822e-07
9.913350761392436539e-07
9.907989960700192000e-07
9.894345617267319426e-07
9.873853210606853281e-07
9.843495680783576063e-07
9.803631209059915363e-07
9.755421895851767999e-07
9.693878539884792644e-07
9.617496695701888143e-07
9.537078394794562541e-07
9.440335912991315581e-07
9.327366135014614201e-07
9.206299698139019938e-07
9.065028856447554517e-07
8.905075093990078017e-07
8.731337547418505096e-07
8.535083029226342433e-07
8.309701093889287904e-07
8.067256971333591764e-07
7.797159821132382262e-07
7.496333724876791393e-07
7.162243997882455915e-07
6.797403495628628889e-07
6.399527187062048483e-07
5.964122982149433483e-07
5.487606514753551323e-07
4.974123530843144181e-07
4.422143664584154976e-07
3.833736723635183807e-07
3.214259027828347826e-07
2.569628269055712622e-07
1.909856388593311749e-07
1.257203479099189281e-07
6.308375533059518148e-08
6.669697127925644509e-09
3.999084818850917600e-08
7.146997560436574304e-08
8.189155709104056768e-08
6.377755934483531064e-08
1.055426279705784509e-08
8.550462016199134041e-08
2.298692457491924301e-07
4.244287200583229946e-07
6.677303501234632677e-07
9.488151571090952530e-07
1.251462529938685009e-06
1.550136886407926795e-06
1.814949796008491489e-06
2.016118744507799931e-06
2.127449512445700464e-06
2.134657646757354144e-06
2.034987950816358193e-06
1.843594151451632968e-06
1.583708674535166949e-06
1.287194595800400521e-06
9.842213879451833236e-07
6.991721659410643497e-07
4.505951782807215977e-07
2.500202631594561353e-07
9.942107159766067070e-08
2.018420763860717670e-09
5.999708951875959428e-08
8.203937396089600043e-08
7.466295692815094753e-08
4.518890317495305453e-08
0.000000000000000000e+00
