0.000000000000000000e+00
9.401294853716990474e-09
3.877022625164983083e-08
8.701519094156395795e-08
1.544918134532835552e-07
2.388492320593016416e-07
3.388591344188895960e-07
4.530259912760570273e-07
5.799297825292981656e-07
7.179436517512627347e-07
8.654425018850275819e-07
1.016028019273917948e-06
1.169857915206407029e-06
1.325128696771926684e-06
1.481971385719482726e-06
1.632131556239535541e-06
1.775827911387750646e-06
1.911026448087049801e-06
2.036336925970161360e-06
2.146692526627802522e-06
2.244606558288175790e-06
2.323069354659423880e-06
2.387407355253223784e-06
2.432691142750798008e-06
2.454344359859028657e-06
2.459946120136891068e-06
2.446108761433585244e-06
2.413233231801648060e-06
2.356581114026923274e-06
2.287011623414159089e-06
2.200087691472951690e-06
2.094909284378054792e-06
1.979461173529095674e-06
1.850804740910483304e-06
1.715213358566280988e-06
1.564848155943820984e-06
1.409530813956116901e-06
1.257889618355712003e-06
1.103105746302901480e-06
9.487355610016123819e-07
7.968865668450675344e-07
6.522911852879786920e-07
5.201513736396989884e-07
3.982101058896958534e-07
2.908863433459529801e-07
1.997295854261338377e-07
1.235712520086806876e-07
6.466077306921391710e-08
2.503892904126558960e-08
5.400302094393794050e-09
6.144459607781982413e-09
2.602804760609700452e-08
6.420058495937297494e-08
1.227593319219622003e-07
1.999757108794852911e-07
2.918882654467935822e-07
3.999552612432566434e-07
5.204943406278417228e-07
6.542608673720806678e-07
7.965734444281835636e-07
9.443959646526778329e-07
1.099113898117565213e-06
1.255355978058148025e-06
1.410208914642829825e-06
1.562383279529733215e-06
1.710996833326206001e-06
1.850070222464417213e-06
1.976886257804011393e-06
2.098033185737868678e-06
2.202126218375788369e-06
2.289429235635687121e-06
2.360416359925565644e-06
2.419778811435513433e-06
2.459934694498677743e-06
2.474378500649798696e-06
2.467114922022339840e-06
2.440857900021242699e-06
2.390851403299976141e-06
2.325086370102980027e-06
2.246171579733946544e-06
2.148451588079858254e-06
2.034875210665809675e-06
1.911273805554891680e-06
1.778260265594688860e-06
1.634668579497677854e-06
1.485129716871647076e-06
1.328285735180401161e-06
1.170596957256186954e-06
1.014595172987853289e-06
8.629354639744235556e-07
7.190564548231748176e-07
5.793276099952393565e-07
4.515174869546001446e-07
3.379481152698815549e-07
2.378344240439034252e-07
1.535622861092988956e-07
8.636658055394264011e-08
3.829120165388388841e-08
1.005209504523207897e-08
0.000000000000000000e+00
