0.000000000000000000e+00
2.189806258545701212e-08
8.392230954612500682e-08
1.857460577570080318e-07
3.281419783673911184e-07
5.073227008489666900e-07
7.195241171764621413e-07
9.622201987413703250e-07
1.231794792611040634e-06
1.522722715585622666e-06
1.832002256785258965e-06
2.153733126397661124e-06
2.484004152036867197e-06
2.815443059467348519e-06
3.143878782196907196e-06
3.460860354409511785e-06
3.765774598374349580e-06
4.052909199692145137e-06
4.318469000952340764e-06
4.554965521097464887e-06
4.758599137288932468e-06
4.930310984363472926e-06
5.060645622223525208e-06
5.156002814366011933e-06
5.208711215343164724e-06
5.220049307252949689e-06
5.187822933572228123e-06
5.113524042310579887e-06
4.999518416926029829e-06
4.848087662323585789e-06
4.660651821364325542e-06
4.441672645683070186e-06
4.187185166371065748e-06
3.911958172619911522e-06
3.615243024057690491e-06
3.303756079042763361e-06
2.979087502352761874e-06
2.649127465725875652e-06
2.317428325682158174e-06
1.990668577311893728e-06
1.674675515039858453e-06
1.374565114176107272e-06
1.093515825223434490e-06
8.367592415625679791e-07
6.090749817833085444e-07
4.124100426716736933e-07
2.514985263379898583e-07
1.290944336984622964e-07
4.707164169559518996e-08
5.542378445078099958e-09
4.403519549001089217e-09
4.483822924061797721e-08
1.282178923034393847e-07
2.527692899434441642e-07
4.136472991911332997e-07
6.086133557126061078e-07
8.359676219038547629e-07
1.092464870899867435e-06
1.373669419102441225e-06
1.674916565885808950e-06
1.990385968486663160e-06
2.316430521065449000e-06
2.647670801714241406e-06
2.979516346646171598e-06
3.303018690226089404e-06
3.618168767038909550e-06
3.913231369945258109e-06
4.190665792380698917e-06
4.441847431646550604e-06
4.660312803439481399e-06
4.851631020375002379e-06
5.000676755240185400e-06
5.115729579729944021e-06
5.186518308830656565e-06
5.219323379268558938e-06
5.208289013958200542e-06
5.157328949123574091e-06
5.062639010566805098e-06
4.931405117036824493e-06
4.761697987798463316e-06
4.553860641021145739e-06
4.319448246969948002e-06
4.053908722045918012e-06
3.768862970043862504e-06
3.462063021597572288e-06
3.142677813317007463e-06
2.814527983452386195e-06
2.482186579499945367e-06
2.152667720745071733e-06
1.831311425060100362e-06
1.522634628936536672e-06
1.230992188738788684e-06
9.612101075084922286e-07
7.189039347155201654e-07
5.075177085256399323e-07
3.296909106831336089e-07
1.858878680982556375e-07
8.175286692058136850e-08
2.059373838125821976e-08
0.000000000000000000e+00
