0.000000000000000000e+00
6.717804090783374704e-11
2.696646239641609100e-10
6.009325259626052684e-10
1.059199172814828671e-09
1.634059332289439226e-09
2.320708625269674030e-09
3.103792889369572094e-09
3.973187667760669228e-09
4.915126083915311028e-09
5.913213918518067658e-09
6.951193620707840637e-09
8.011138752372914951e-09
9.080011298401302611e-09
1.013435146912655682e-08
1.116841297221782270e-08
1.214753997391682105e-08
1.307786146043099507e-08
1.392534410005197287e-08
1.467846089120428132e-08
1.534937232872124468e-08
1.589519882383427785e-08
1.631921187073004376e-08
1.662177295802536037e-08
1.679356764761053000e-08
1.682520156531808198e-08
1.672012384101861926e-08
1.648243119767300868e-08
1.612703326436815132e-08
1.564159635147888139e-08
1.502815483167552202e-08
1.431905083393303357e-08
1.351850442699031873e-08
1.262378657163054640e-08
1.167493779430373024e-08
1.066192523158093763e-08
9.616766827313938393e-09
8.555095964979386736e-09
7.489272535465829606e-09
6.437767319233955732e-09
5.418210990981719988e-09
4.444424273053471097e-09
3.540041260130522005e-09
2.712394420179009558e-09
1.976718233542840153e-09
1.347262856832287525e-09
8.260999662113022168e-10
4.303020162410575722e-10
1.606615951388334906e-10
2.661937337222752831e-11
2.891653583247943970e-11
1.628409629361726729e-10
4.264897324190997097e-10
8.232797776841493942e-10
1.339804156508250799e-09
1.975108965268645989e-09
2.713128166575984324e-09
3.540393089807025717e-09
4.445618317916455453e-09
5.414625747768297970e-09
6.433538479733158510e-09
7.479715402602948870e-09
8.552522690052910548e-09
9.619644192326859411e-09
1.065546972878195220e-08
1.166238960959020687e-08
1.261997095713951467e-08
1.350702072411280596e-08
1.431157914399960873e-08
1.502318169865901609e-08
1.562632212515069341e-08
1.611599753648107480e-08
1.648890479710729551e-08
1.671493621291375575e-08
1.681878414316884118e-08
1.677931538157650948e-08
1.661457449397829578e-08
1.631441082228235473e-08
1.588530351703809629e-08
1.533819460330931861e-08
1.467747079431092061e-08
1.391797332939148646e-08
1.306742736240096292e-08
1.214468614563202209e-08
1.115830128295414170e-08
1.013937522831298566e-08
9.080845408959703491e-09
8.008804730508245484e-09
6.946483166458961023e-09
5.911838574235162014e-09
4.913260021055521065e-09
3.974003015549953943e-09
3.105836254846394695e-09
2.323350178912164665e-09
1.634685609097630277e-09
1.056557397127733111e-09
5.985477669057104322e-10
2.670664800419331186e-10
6.638467553443661018e-11
0.000000000000000000e+00
