0.000000000000000000e+00
7.664013867980656869e-11
3.076580101790682420e-10
6.856002432442664940e-10
1.208428801469096925e-09
1.864280063657020037e-09
2.647669417044085094e-09
3.541078319457824364e-09
4.532962227798975618e-09
5.607610376046068268e-09
6.746317726680217675e-09
7.930533452160659635e-09
9.139812573444316968e-09
1.035927255088608945e-08
1.156215856390474528e-08
1.274190408739883651e-08
1.385897940853197952e-08
1.492036982853051086e-08
1.588724718448730755e-08
1.674647198690593086e-08
1.751190759069487513e-08
1.813463379463087222e-08
1.861838039296515035e-08
1.896356716102332030e-08
1.915956482356762081e-08
1.919565761898667233e-08
1.907577917847902427e-08
1.880459798986322539e-08
1.839912444623337251e-08
1.784529946036172987e-08
1.714543207409491288e-08
1.633642576770455435e-08
1.542308891711030583e-08
1.440231867100294494e-08
1.331979304630692695e-08
1.216405587367574981e-08
1.097165525099086381e-08
9.760403485437052495e-09
8.544417395839332130e-09
7.344772789963371906e-09
6.181571698959942296e-09
5.070587949518312598e-09
4.038788636862022940e-09
3.094537848191691864e-09
2.255211462021122770e-09
1.537070026813580625e-09
9.424860891726893897e-10
4.909224138316403696e-10
1.832968221648911822e-10
3.036804141487436937e-11
3.298861184219958886e-11
1.857827225393293702e-10
4.865748914895107191e-10
9.392688848919306110e-10
1.528564164132717451e-09
2.253377706651349399e-09
3.095374845329956770e-09
4.039193646221406198e-09
5.071955522240045866e-09
6.177478972801964119e-09
7.339943430828554938e-09
8.533510564845414592e-09
9.757470387228295294e-09
1.097493274038185973e-08
1.215669287457643577e-08
1.330547361177991661e-08
1.439796792901404388e-08
1.540998861848663637e-08
1.632790047612076023e-08
1.713975539274770199e-08
1.782787384385642326e-08
1.838653818087010450e-08
1.881197786435251373e-08
1.906985580557574167e-08
1.918833703040689898e-08
1.914330571839428785e-08
1.895535872709075420e-08
1.861290133131632274e-08
1.812334571305029840e-08
1.749915767845777737e-08
1.674534133577765260e-08
1.587884379539161728e-08
1.490846446294824545e-08
1.385572390155687117e-08
1.273037186777514762e-08
1.156788886902404556e-08
1.036022112543832918e-08
9.137144263426932866e-09
7.925158751476146790e-09
6.744749647680237103e-09
5.605482633619374155e-09
4.533894260028148437e-09
3.543412452344796293e-09
2.650685893001991644e-09
1.864990717415082599e-09
1.205417099470196263e-09
6.828759779864412849e-10
3.046962682162757119e-10
7.573985882913802925e-11
0.000000000000000000e+00
