0.000000000000000000e+00
2.705956303472589752e-07
1.086436901220899642e-06
2.413588940264332905e-06
4.267352295972415277e-06
6.580074204620700584e-06
9.323008114514585998e-06
1.246708379187833060e-05
1.596123289959727742e-05
1.971131185729557700e-05
2.369045995331831023e-05
2.783442296960814133e-05
3.203837084653216039e-05
3.626629404673842316e-05
4.042593270847660847e-05
4.447690819364691350e-05
4.834394142416709172e-05
5.193431191885533593e-05
5.520644568168808775e-05
5.817794787610353069e-05
6.066419447037230128e-05
6.278625450217845128e-05
6.440534542184739308e-05
6.544230105143267195e-05
6.607556679782966569e-05
6.608681301012442333e-05
6.561370243807207459e-05
6.462523883166149119e-05
6.308612085792475455e-05
6.113606310753638695e-05
5.865943694027819788e-05
5.573913078427139567e-05
5.249188246692071402e-05
4.891583661170706421e-05
4.501009372770425898e-05
4.092990014847863733e-05
3.668880952534259166e-05
3.236957755159419747e-05
2.802086449704699334e-05
2.372276448836529994e-05
1.956504605582498613e-05
1.560272258427364278e-05
1.189209848206917997e-05
8.501844057207108563e-06
5.494771308733881199e-06
2.909160785158348972e-06
7.759062931045335176e-07
8.593347549101792993e-07
1.939521344640482425e-06
2.502498963385946240e-06
2.520324189791978142e-06
1.936434141813769827e-06
8.560724575890077404e-07
7.896971574439248798e-07
2.910079777374008358e-06
5.475592409265317428e-06
8.494911142853389663e-06
1.189773621534939707e-05
1.562520456011018410e-05
1.957980568989547976e-05
2.374098265689461584e-05
2.803604582179985982e-05
3.238122785809149917e-05
3.671682032757583869e-05
4.094605715987409411e-05
4.504422855744483201e-05
4.892566160286104804e-05
5.250717469151844341e-05
5.576677271001972969e-05
5.865862739440341755e-05
6.113862821832682926e-05
6.314150331254708703e-05
6.462979561239201587e-05
6.563387901081796372e-05
6.611247342003245819e-05
6.606153492783040093e-05
6.544726527213384770e-05
6.438517866080850638e-05
6.278787691749165845e-05
6.066871407994778309e-05
5.819246783866915962e-05
5.522346444164494272e-05
5.194605030212073871e-05
4.833163623185754432e-05
4.447204298141382850e-05
4.042939486370578095e-05
3.627127028849042034e-05
3.205783623050351139e-05
2.783995879873657486e-05
2.371224298336471747e-05
1.972401720073957421e-05
1.596316256480267981e-05
1.247412442917372744e-05
9.334216891421220907e-06
6.585779923407031333e-06
4.284725888648033276e-06
2.425841030273545584e-06
1.077264705884317664e-06
2.530969888114853461e-07
0.000000000000000000e+00
