0.000000000000000000e+00
6.311704977557397456e-07
1.108024860196898942e-06
1.466100324032382218e-06
1.744786497059891417e-06
1.961971394681683023e-06
2.133514375945999575e-06
2.272314470253000707e-06
2.386585949976094412e-06
2.479886128115005306e-06
2.557580325635022689e-06
2.622050417455668025e-06
2.678243306131200541e-06
2.725531027647498661e-06
2.766206659510217492e-06
2.800802057389972788e-06
2.832065026048269374e-06
2.858882599765522059e-06
2.882454624542063470e-06
2.902057813169989231e-06
2.921138012479396195e-06
2.938057093060386649e-06
2.952642876641320413e-06
2.965666092369367846e-06
2.976721512615299048e-06
2.986650500691467869e-06
2.997097851786811873e-06
3.005480985418529372e-06
3.012994007289826470e-06
3.019227250655731609e-06
3.025731180050783564e-06
3.030531334546893163e-06
3.035359240843860107e-06
3.039491750733702702e-06
3.043723497575534509e-06
3.046919594518193719e-06
3.049181859449134890e-06
3.051420756627898356e-06
3.053379106110476471e-06
3.054803882962531247e-06
3.055908107341132052e-06
3.057172645815064982e-06
3.057524941341149827e-06
3.056496209796755181e-06
3.057119588145695843e-06
3.056358739095266230e-06
3.055218714353991061e-06
3.053690409648979198e-06
3.051218755656393000e-06
3.049416042566477358e-06
3.046634611258980385e-06
3.042913456874352107e-06
3.039664428605703961e-06
3.034375928190335969e-06
3.030116310753783182e-06
3.024696438092000506e-06
3.018616687833208800e-06
3.012311927563793290e-06
3.004719638544095517e-06
2.995668262451012254e-06
2.986213097355694401e-06
2.975663510818016277e-06
2.963359605367976712e-06
2.951321066202439170e-06
2.935415493232618189e-06
2.919386991373507101e-06
2.901380457553948133e-06
2.880330536525477214e-06
2.856470793899390515e-06
2.829314639130053877e-06
2.798263558645430749e-06
2.762575458947758023e-06
2.719897260194947819e-06
2.673332768154956796e-06
2.616274969891030366e-06
2.550741885598561964e-06
2.471711007090426904e-06
2.376716558893932074e-06
2.260432390044364581e-06
2.118445585730377445e-06
1.942067495819266298e-06
1.718524471394644593e-06
1.437101312284916332e-06
1.068368226886384775e-06
5.826587624602197479e-07
6.563904741963000333e-08
9.413662019897017785e-07
2.117452458705315621e-06
3.662663057069082129e-06
5.602596443110563484e-06
7.704021243726266732e-06
9.464320295582417941e-06
1.010168214743423221e-05
9.324844237657003987e-06
7.507069432866053660e-06
5.393403571085642056e-06
3.501735446609366420e-06
1.985919174329886516e-06
8.435526057670728051e-07
2.658221420759332432e-09
