0.000000000000000000e+00
4.152266708246088456e-08
7.289476233740543876e-08
9.645182286188713761e-08
1.147866652839724111e-07
1.290752847937781667e-07
1.403610807582111875e-07
1.494928577594478725e-07
1.570110769177901489e-07
1.631494513931741608e-07
1.682610928366301550e-07
1.725026240739779837e-07
1.761997685534311131e-07
1.793109404291115538e-07
1.819870890651387185e-07
1.842631577320119618e-07
1.863200819185450996e-07
1.880844824331262544e-07
1.896353517549798084e-07
1.909250073595103459e-07
1.921804025917239755e-07
1.932935997928098004e-07
1.942532402710028805e-07
1.951100760955171154e-07
1.958374010735397519e-07
1.964906263252075291e-07
1.971780683174273463e-07
1.977296206767675812e-07
1.982239258291329520e-07
1.986339961401739629e-07
1.990619459268927471e-07
1.993777219988501770e-07
1.996953733485185012e-07
1.999672599728441469e-07
2.002457163419180119e-07
2.004560009094547013e-07
2.006048123170955932e-07
2.007521046065718906e-07
2.008809626419250094e-07
2.009746932207789882e-07
2.010473425517744772e-07
2.011305827442910754e-07
2.011537605373092674e-07
2.010860101764322394e-07
2.011270896495886973e-07
2.010770315807874908e-07
2.010020239140430931e-07
2.009014722359481198e-07
2.007388136826548930e-07
2.006202460824724199e-07
2.004372486874572701e-07
2.001923918859560558e-07
1.999786577444595537e-07
1.996306390195101699e-07
1.993504253894329281e-07
1.989938335222873889e-07
1.985938297144329567e-07
1.981790496152768810e-07
1.976795288571864262e-07
1.970839661469270254e-07
1.964618813188323543e-07
1.957677925323864088e-07
1.949582428828477987e-07
1.941662720605918935e-07
1.931197114446447927e-07
1.920651828690722596e-07
1.908805348227460286e-07
1.894956006553982775e-07
1.879258010317741423e-07
1.861391263346945379e-07
1.840961924015616091e-07
1.817481823929156803e-07
1.789401479213026391e-07
1.758766912107745384e-07
1.721226444706402958e-07
1.678111822833727729e-07
1.626115949671103067e-07
1.563617584299237251e-07
1.487111594977719164e-07
1.393696396068122567e-07
1.277655864440063738e-07
1.130584388331357104e-07
9.454423843813231088e-08
7.028582948986894507e-08
3.833226036586978580e-08
4.316602297826932499e-09
6.192627999279665119e-08
1.392918476117444015e-07
2.409301569361588236e-07
3.685341852799339790e-07
5.067366339872592107e-07
6.225136033322087314e-07
6.644111983922229570e-07
6.133343876113528381e-07
4.937838773422242866e-07
3.547668891989985696e-07
2.303471403619639091e-07
1.306375133625081730e-07
5.549090165146708387e-08
1.757451961736933299e-10
