0.000000000000000000e+00
1.900145166322531054e-06
1.949598039785449544e-06
2.030997371282872166e-06
2.140423764118715155e-06
2.277312485698956834e-06
2.444977921678415100e-06
2.634736504303347715e-06
2.843337369440313012e-06
3.069263181387782424e-06
3.307936315088966239e-06
3.556018636330371407e-06
3.811675084119947599e-06
4.068176807980883325e-06
4.321910879512280701e-06
4.570094502720500884e-06
4.805158146381494078e-06
5.027789426348405755e-06
5.231439101693879934e-06
5.415981512268963627e-06
5.574590160595249699e-06
5.706623757428808119e-06
5.808020621000942185e-06
5.882286684633086793e-06
5.922408207958973492e-06
5.930156289690735605e-06
5.906051907644815913e-06
5.850387614581009643e-06
5.760414551470027789e-06
5.645542758614396917e-06
5.497640978457951633e-06
5.328062582798942515e-06
5.133628918074784053e-06
4.918309248869157102e-06
4.690226519055151755e-06
4.447746929536755545e-06
4.196345524398736870e-06
3.940895682341682971e-06
3.685508548567639764e-06
3.431704376777311438e-06
3.187168320706312841e-06
2.955354069800186778e-06
2.737475626957142083e-06
2.537623986387238517e-06
2.362000164013444703e-06
2.208095289057965260e-06
2.083818511300350451e-06
1.988730553237338938e-06
1.923990942120923364e-06
2.802534865731232117e-06
2.810366732663993616e-06
1.922817580046753960e-06
1.989154824633132534e-06
2.084276232494630676e-06
2.207678519883238266e-06
2.360036643112017885e-06
2.540178870691356394e-06
2.739033610033025923e-06
2.956419055233361348e-06
3.190024376320543809e-06
3.433338580549616381e-06
3.684938091441658514e-06
3.942191429184838114e-06
4.197113391390949744e-06
4.449663735139886001e-06
4.691005272228210288e-06
4.920341333369826486e-06
5.132335908930585333e-06
5.327825069345593079e-06
5.498342413701173825e-06
5.646237541179210950e-06
5.760211227001654777e-06
5.850446146093979394e-06
5.906343914063860723e-06
5.931910727396960681e-06
5.921341593384532587e-06
5.883038202258994431e-06
5.808079022506795752e-06
5.706323527365775305e-06
5.574292232690680748e-06
5.414478068455075288e-06
5.232428848089831774e-06
5.027139229230037643e-06
4.805004518937394664e-06
4.569071031634841518e-06
4.321478903945852323e-06
4.067119146466957602e-06
3.811567447997710190e-06
3.556106354718480134e-06
3.305699912581339106e-06
3.067726005889781504e-06
2.842087412191496298e-06
2.632201204111339621e-06
2.444628179554264591e-06
2.279256524517769833e-06
2.139983910298681735e-06
2.030821865894871792e-06
1.949536152179298654e-06
1.901266932669010146e-06
0.000000000000000000e+00
