0.000000000000000000e+00
3.682263773363558812e-05
4.173079288172232282e-05
4.275771254669269439e-05
4.303624038715092581e-05
4.311654059396818894e-05
4.313419717261179898e-05
4.313089847474138594e-05
4.312084897850620990e-05
4.310850878708194500e-05
4.309714070349635051e-05
4.308616977422019545e-05
4.307629449129546373e-05
4.306773278495157342e-05
4.306015969490761819e-05
4.305358018030780443e-05
4.304779989872109525e-05
4.304255566600634353e-05
4.303825687856921434e-05
4.303417349338367615e-05
4.303033899222263869e-05
4.302727695493224758e-05
4.302415726453734379e-05
4.302156024160730396e-05
4.301921162963573408e-05
4.301719061206021877e-05
4.301535025941216617e-05
4.301361206793252734e-05
4.301195357780951412e-05
4.301048118382500007e-05
4.300914889088236492e-05
4.300797753720164707e-05
4.300690005376583969e-05
4.300604688423081967e-05
4.300515112720670885e-05
4.300437257054312568e-05
4.300364530385181183e-05
4.300299730597423320e-05
4.300246996669088162e-05
4.300195623674341050e-05
4.300145041025160708e-05
4.300097681986247977e-05
4.300056178341282731e-05
4.300044691440962907e-05
4.300004775836807625e-05
4.300009441515761921e-05
4.299974085975044602e-05
4.299972375132465885e-05
4.299974902433056911e-05
4.299974166555031729e-05
4.299977558996914695e-05
4.299986037115122173e-05
4.299985742006739997e-05
4.300002747736897390e-05
4.300051346184385892e-05
4.300069606744116868e-05
4.300083384400910091e-05
4.300143705560088847e-05
4.300167440118851658e-05
4.300236680165880898e-05
4.300293801129395632e-05
4.300340561058657585e-05
4.300411771784862225e-05
4.300491048370158609e-05
4.300585969396752972e-05
4.300681453539567656e-05
4.300791536104853208e-05
4.300908863763552858e-05
4.301038058363015892e-05
4.301166723830185390e-05
4.301327839395518993e-05
4.301510344795200780e-05
4.301699598396879765e-05
4.301889383784285315e-05
4.302142991075008638e-05
4.302400031308550865e-05
4.302687060775411965e-05
4.303003753958201116e-05
4.303361988788889647e-05
4.303763048596476182e-05
4.304213120454036812e-05
4.304698232859838214e-05
4.305267806170576250e-05
4.305934022663659988e-05
4.306655957642124832e-05
4.307518378066088616e-05
4.308455489898666002e-05
4.309554455350639302e-05
4.310713990296477505e-05
4.311913805332689975e-05
4.312990860899645895e-05
4.313532802391328858e-05
4.312227847225180710e-05
4.305742577248583558e-05
4.282728094762155990e-05
4.199153462158822236e-05
3.819696259088622980e-05
1.121288887662164058e-05
2.572649935992377124e-04
0.000000000000000000e+00
