0.000000000000000000e+00
4.914753356377588034e-05
5.569732099197644004e-05
5.706992314979952852e-05
5.744286795439368376e-05
5.755037635601922830e-05
5.757411961304637060e-05
5.756971750614514605e-05
5.755622253733605476e-05
5.753968576016621483e-05
5.752445255324811768e-05
5.750963966222322199e-05
5.749662039677971848e-05
5.748504632785422785e-05
5.747489850260745214e-05
5.746606311729518524e-05
5.745829471393015808e-05
5.745152487501847816e-05
5.744555026554465371e-05
5.743992958617827327e-05
5.743503873756328204e-05
5.743083783937841247e-05
5.742683186704677922e-05
5.742344131576260224e-05
5.742019576004953052e-05
5.741732263420118443e-05
5.741474854381589665e-05
5.741252762181403568e-05
5.741030532180335655e-05
5.740842584189831399e-05
5.740667190823334209e-05
5.740508611673522665e-05
5.740356270100832603e-05
5.740239087537180040e-05
5.740102154061510475e-05
5.740014748734090233e-05
5.739924467695889376e-05
5.739830480433472104e-05
5.739752558675537131e-05
5.739668705306844032e-05
5.739632161694263601e-05
5.739571114238284366e-05
5.739538645166408770e-05
5.739478442357004440e-05
5.739468887488996529e-05
5.739431862805677298e-05
5.739413106253810071e-05
5.739383440428458272e-05
5.739379182312376315e-05
5.739394245851681120e-05
5.739398787163452198e-05
5.739410144844914186e-05
5.739419406258772227e-05
5.739466285370475873e-05
5.739497647694324911e-05
5.739522108949568491e-05
5.739540592775149719e-05
5.739592470466181595e-05
5.739668419424415191e-05
5.739745987132227611e-05
5.739822523365134543e-05
5.739908275115279679e-05
5.739990154485230534e-05
5.740106850904425073e-05
5.740206486593013580e-05
5.740347450744476276e-05
5.740489442274121501e-05
5.740633623851909562e-05
5.740819761390625331e-05
5.741005761861206480e-05
5.741201588205235851e-05
5.741429526184838039e-05
5.741706173467697738e-05
5.741991090668641107e-05
5.742271323427861063e-05
5.742636509153964397e-05
5.743022534387964839e-05
5.743458984552862745e-05
5.743933666269018801e-05
5.744471055857403030e-05
5.745064763285068210e-05
5.745735600026780077e-05
5.746487289415291855e-05
5.747354361018697233e-05
5.748348919187851180e-05
5.749502955165741724e-05
5.750781411029137757e-05
5.752231148081765610e-05
5.753769636440697610e-05
5.755379410954386543e-05
5.756824081548650440e-05
5.757487443192044196e-05
5.755865744039301291e-05
5.747179313353445451e-05
5.716399490707235742e-05
5.604384155977193416e-05
5.095806043509121253e-05
1.475688244323425380e-05
3.404785641160090748e-04
3.330669073875469621e-16
