0.000000000000000000e+00
1.991011132418396556e-05
2.255151683816514208e-05
2.310460716281603766e-05
2.325486743182114679e-05
2.329819650859210611e-05
2.330778216474982401e-05
2.330602825995065075e-05
2.330060882815843115e-05
2.329396201639077901e-05
2.328783749971918837e-05
2.328188097677763579e-05
2.327664526535766498e-05
2.327199053020478914e-05
2.326790911477694124e-05
2.326435558264172698e-05
2.326123104912092288e-05
2.325850806794704795e-05
2.325610494491314739e-05
2.325384417201092901e-05
2.325187692497898695e-05
2.325018718085658520e-05
2.324857585356276957e-05
2.324721203483814946e-05
2.324590656355152163e-05
2.324475087811528340e-05
2.324371547035575247e-05
2.324282210808270577e-05
2.324192821645532092e-05
2.324117219032473258e-05
2.324046667578905101e-05
2.323982879948172098e-05
2.323921608127221816e-05
2.323874464782438309e-05
2.323819392768822212e-05
2.323784226865299729e-05
2.323747909682705171e-05
2.323710104779053154e-05
2.323678761095848699e-05
2.323645036617083548e-05
2.323630329503778569e-05
2.323605775433890130e-05
2.323592712527577930e-05
2.323568503648232308e-05
2.323564652495502258e-05
2.323549760885335047e-05
2.323542216320362286e-05
2.323530290426756295e-05
2.323528577619082824e-05
2.323534629500301207e-05
2.323536455928199018e-05
2.323541024296105206e-05
2.323544755877815504e-05
2.323563605355349893e-05
2.323576220908396550e-05
2.323586061958593518e-05
2.323593503883447653e-05
2.323614371668725198e-05
2.323644914614675372e-05
2.323676114301953533e-05
2.323706900697608546e-05
2.323741394327782928e-05
2.323774337453787808e-05
2.323821270744375056e-05
2.323861357689249729e-05
2.323918050661788470e-05
2.323975166151903693e-05
2.324033171330341929e-05
2.324108034967853342e-05
2.324182854285261612e-05
2.324261630703983172e-05
2.324353316307536943e-05
2.324464588643326834e-05
2.324579191248510313e-05
2.324691918909049804e-05
2.324838803069440019e-05
2.324994075120212500e-05
2.325169626715695159e-05
2.325360558119715648e-05
2.325576708794852010e-05
2.325815508807949072e-05
2.326085326909144158e-05
2.326387666384821529e-05
2.326736399438367187e-05
2.327136394386641882e-05
2.327600506890625809e-05
2.328114629035482608e-05
2.328697578202199026e-05
2.329316124294322776e-05
2.329963126712630839e-05
2.330543318251887541e-05
2.330808407202678012e-05
2.330152155594067409e-05
2.326648994610547305e-05
2.314241429424157559e-05
2.269092391204985404e-05
2.063837631416376439e-05
5.925097736003692717e-06
1.209182572272649026e-04
3.330669073875469621e-16
