0.000000000000000000e+00
2.042421887171741446e-07
3.095968132971194109e-07
3.748048488239064113e-07
4.217188768196322712e-07
4.612338144749372759e-07
4.957274887251728046e-07
5.281508231869125325e-07
5.595594990692731585e-07
5.889077420162536214e-07
6.166611126179333269e-07
6.424364320523068272e-07
6.665348682988181395e-07
6.891556060262260530e-07
7.100869884313354419e-07
7.300505046048400004e-07
7.477964693025640486e-07
7.647160578105882678e-07
7.804940832523143968e-07
7.942961933737890945e-07
8.081705537010819285e-07
8.198855913077451874e-07
8.312811243804674177e-07
8.417298197338496379e-07
8.512880781408327380e-07
8.600046844664532841e-07
8.683464630676596130e-07
8.751854808641823524e-07
8.819953664085389278e-07
8.879615045476185742e-07
8.934154221984513811e-07
8.989566974149099110e-07
9.029414818062519998e-07
9.078930724992773094e-07
9.107066191171853120e-07
9.144918594605755402e-07
9.166882731781456073e-07
9.192995195084208149e-07
9.215865830469738285e-07
9.232853421803355332e-07
9.244340238856452174e-07
9.251475611149473366e-07
9.254390508361964862e-07
9.248571904985070091e-07
9.253765710370842612e-07
9.236571136828075623e-07
9.231169233459013412e-07
9.212887884801901350e-07
9.187711977887147441e-07
9.163977289228242284e-07
9.141846400995135014e-07
9.111960762586690521e-07
9.079671136058564684e-07
9.038223267587852661e-07
8.989901816303103033e-07
8.935657024311538521e-07
8.873740523496209676e-07
8.813521914508015698e-07
8.740776478166623065e-07
8.675777650735128077e-07
8.592468604406988675e-07
8.495545096298684484e-07
8.403317575123026018e-07
8.303552024857552283e-07
8.188112514684320331e-07
8.062828501520513669e-07
7.934683983190637946e-07
7.785052349440491071e-07
7.629495309968703509e-07
7.459550719346452752e-07
7.278734461824143409e-07
7.080907014067605587e-07
6.875177473997240440e-07
6.644990988569077217e-07
6.396225732396843000e-07
6.132064100938805495e-07
5.849324464790583988e-07
5.563951981368830957e-07
5.251595412980591959e-07
4.925953324130816213e-07
4.578304027003099463e-07
4.187832975954819403e-07
3.691612473488703472e-07
3.017493596102482911e-07
1.911540071786177464e-07
1.928743820212019955e-08
4.586557181829320484e-07
1.365929291008427526e-06
3.191390048340458918e-06
6.522000935649252540e-06
1.154682146387031594e-05
1.685459705991210200e-05
1.910303972696425490e-05
1.644078753448852126e-05
1.105986053329122143e-05
6.148813948225750892e-06
2.977364376932634116e-06
1.256708930141847702e-06
4.062934714221810850e-07
4.329869796038110508e-15
