0.000000000000000000e+00
1.432267970891132336e-09
3.043792662360544909e-09
4.722231716769442755e-09
6.420554643504772230e-09
8.088908542980277616e-09
9.714182125364345666e-09
1.124187720691338654e-08
1.268201721416062355e-08
1.402578930775888466e-08
1.526796622464132724e-08
1.641020275222615510e-08
1.744797739622327981e-08
1.840837660083138871e-08
1.927255888212187074e-08
2.006337906923505443e-08
2.076868832467937409e-08
2.140975807751743787e-08
2.199428794646962615e-08
2.250286901261944195e-08
2.296909595855822772e-08
2.337516935568828558e-08
2.374722707365606311e-08
2.408295474154442672e-08
2.436693746776796843e-08
2.461834736067203266e-08
2.485230021775919340e-08
2.503837981393530754e-08
2.518724051547849285e-08
2.532529441712227936e-08
2.543097610274713816e-08
2.550972622028524484e-08
2.557813982839718392e-08
2.560231937565049520e-08
2.562998835387020335e-08
2.560714273958097920e-08
2.557647527101636342e-08
2.552325084614892603e-08
2.544319843700293404e-08
2.534403664711248894e-08
2.521841291347470815e-08
2.506250074141291861e-08
2.488030803604601715e-08
2.465314907773574760e-08
2.440560786798329218e-08
2.412347077651588734e-08
2.380216534980661436e-08
2.343354998934898958e-08
2.302447110746896897e-08
2.257166475949645701e-08
2.206125548909199097e-08
2.149029831866045015e-08
2.085724182254722336e-08
2.015993361137446982e-08
1.938383964450451913e-08
1.851697462029733288e-08
1.758692125264360584e-08
1.655138792688859439e-08
1.541778538172167146e-08
1.418861172997054609e-08
1.286453588100755496e-08
1.143652350599211331e-08
9.916453547198500473e-09
8.306356713561058314e-09
6.651114770050980951e-09
4.945476250739488933e-09
3.255918978872784919e-09
1.641884406211602254e-09
1.810676053537463304e-10
1.017683382009693105e-09
1.837942797955349761e-09
2.105415064512783374e-09
1.650251157947479896e-09
2.608064875175841735e-10
2.223885520180601816e-09
5.952237036588314822e-09
1.100140845089470076e-08
1.727327414435819719e-08
2.453543146430092747e-08
3.233595491369811725e-08
4.007395282279446747e-08
4.691414856594633420e-08
5.211013764938599024e-08
5.498411570492578448e-08
5.513823930769490289e-08
5.258575686006849992e-08
4.763536032292847722e-08
4.093486527523282348e-08
3.327740127900824518e-08
2.543599131321627738e-08
1.807094629491245996e-08
1.164911589413009096e-08
6.467120949871230096e-09
2.576681312760342735e-09
5.249434220644388915e-11
1.559336659795462765e-09
2.126136156022084833e-09
1.923599168840439688e-09
1.175155306398778521e-09
7.771561172376095783e-16
