0.000000000000000000e+00
5.693966520503579432e-09
1.051862896783717360e-08
1.440217900494644709e-08
1.743525346320495828e-08
1.978555419501759616e-08
2.159788470290635587e-08
2.300021539891616840e-08
2.408641797124744244e-08
2.493547479609503625e-08
2.559814471503329969e-08
2.611760274717767061e-08
2.653186137457907989e-08
2.686123923290040238e-08
2.712230617873956362e-08
2.732990678211422164e-08
2.749234384591403568e-08
2.763361228730332186e-08
2.773699059321899085e-08
2.782292851666312572e-08
2.789836983652094204e-08
2.795115516818214019e-08
2.799743281656219551e-08
2.803635767989476335e-08
2.806050658499259498e-08
2.808362820072574095e-08
2.810484978077454343e-08
2.812040489352796158e-08
2.813176358529290155e-08
2.813821675662353528e-08
2.814982902332729964e-08
2.815211541662421268e-08
2.815582456072718287e-08
2.815898603181210547e-08
2.815785993259822817e-08
2.816173083619588624e-08
2.816080568734946610e-08
2.816479549583306152e-08
2.815918465071121091e-08
2.816498501090336504e-08
2.816656841098108544e-08
2.816632127533580388e-08
2.816133459759839752e-08
2.816121225102108383e-08
2.816413235962045292e-08
2.816372646208264996e-08
2.815927446775390308e-08
2.816182043119397349e-08
2.816001754002428470e-08
2.816232380631333854e-08
2.816127153693059881e-08
2.816064714750154963e-08
2.816025390650622739e-08
2.815692179414241991e-08
2.814857724686703477e-08
2.814485966506907744e-08
2.814272570539344542e-08
2.813188193506732659e-08
2.811884969311506666e-08
2.810398991304197125e-08
2.808618126959316896e-08
2.805851706533246670e-08
2.803257259653690880e-08
2.799577880630010895e-08
2.795238396302579531e-08
2.788934294617462228e-08
2.782025521064213081e-08
2.772719986943172898e-08
2.762364958996954556e-08
2.748114269479629002e-08
2.731334614036740049e-08
2.710104984871009037e-08
2.683478617093726371e-08
2.650001185156014571e-08
2.607867477522063382e-08
2.554505518226335425e-08
2.486652783684206725e-08
2.400030696403376851e-08
2.288546785411682549e-08
2.145039978973528605e-08
1.959326345613021658e-08
1.718610831424882690e-08
1.407312222312384620e-08
1.011260741812236574e-08
5.189258911464378343e-09
5.573366212985320090e-10
6.388777284982438687e-09
1.009374983595989761e-08
6.934651963774740580e-09
1.079170053319700173e-08
4.825448418621647306e-08
9.396380096227119338e-08
1.145079989717245894e-07
9.007409462746807094e-08
4.395953956404241580e-08
8.223457692579927425e-09
7.763321208109630334e-09
9.983895488119287620e-09
5.886682363787087979e-09
3.330669073875469621e-16
