0.000000000000000000e+00
4.295878862636826057e-07
4.771780902634858990e-07
5.474800497395904131e-07
6.174273899928195419e-07
6.859593367769534211e-07
7.521246349062593595e-07
8.147462785546011332e-07
8.727201189495659150e-07
9.270954908213724366e-07
9.770322705326961454e-07
1.022841802811313983e-06
1.064932952599129123e-06
1.103298585491963024e-06
1.138350469886972860e-06
1.169892437702380050e-06
1.198529312351759302e-06
1.224709102243259906e-06
1.247856021624471623e-06
1.268339596238732270e-06
1.287127001425858452e-06
1.304211581398817543e-06
1.318975679454048588e-06
1.332454587665843349e-06
1.344204794251346868e-06
1.354976920109329797e-06
1.364147277693739113e-06
1.371323831933501936e-06
1.377598273788471772e-06
1.383015962419520406e-06
1.387666840324541795e-06
1.391155279750755369e-06
1.393573856756091800e-06
1.394919580732789655e-06
1.395590331854101862e-06
1.395011742233442931e-06
1.393782591896375322e-06
1.391395579086740497e-06
1.388445715733155339e-06
1.383822914369225998e-06
1.378182273970018912e-06
1.372494878970620391e-06
1.365000859121501264e-06
1.355824872040223283e-06
1.345869306668134868e-06
1.334602417468744306e-06
1.320901837242871579e-06
1.306304815540393349e-06
1.289779747892794148e-06
1.271214244535912030e-06
1.250810940267577109e-06
1.227979831708303493e-06
1.201972637421278023e-06
1.173930126441291577e-06
1.142324297154218016e-06
1.108169698560423910e-06
1.070171370742833972e-06
1.028695301275028839e-06
9.831290082029653377e-07
9.339107782668776281e-07
8.800451234414197188e-07
8.224475722684587708e-07
7.606269510906926712e-07
6.949544029133392087e-07
6.266524693598896079e-07
5.567502006087465816e-07
4.863371658725412772e-07
4.614556204929343153e-07
8.080452561370909947e-07
4.033406161285668645e-07
2.581001985468844850e-07
2.361242728010637393e-07
2.405813503969511657e-07
2.786385433495297548e-07
3.560974055627497137e-07
4.802544287807464229e-07
6.504971942211668079e-07
8.681447370983974565e-07
1.124178113154350456e-06
1.400172600085625163e-06
1.674979878463211946e-06
1.920521258358398597e-06
2.106196070994492686e-06
2.211201709179100305e-06
2.217307932594891895e-06
2.123942231313513673e-06
1.947051785911035893e-06
1.707243337589758880e-06
1.434297411617713180e-06
1.157210200553038248e-06
8.971517656553018583e-07
6.743985750956582592e-07
4.968308645603158880e-07
3.675569665295697064e-07
2.841467734437941317e-07
2.416105419067449134e-07
2.343490823619731600e-07
2.535255643199008091e-07
3.139802621232590241e-07
0.000000000000000000e+00
