0.000000000000000000e+00
2.551973311559763147e-07
4.716039532226545816e-07
6.454086259877200860e-07
7.814230991165516116e-07
8.866611782565314570e-07
9.678597883144846037e-07
1.030717031391681360e-06
1.079450377194923760e-06
1.117318417676038678e-06
1.146978055421854492e-06
1.170396812577578771e-06
1.188990084055596697e-06
1.203665405014042733e-06
1.215295644008129727e-06
1.224650180042807790e-06
1.232001354822820360e-06
1.238128642389035861e-06
1.242963899583671150e-06
1.246973913238136333e-06
1.250146406728269710e-06
1.252523773698221987e-06
1.254523862681544699e-06
1.256359040358034918e-06
1.257632363471650194e-06
1.258616080690444505e-06
1.259327721547798262e-06
1.260132974301164666e-06
1.260619718057576222e-06
1.260959822890761473e-06
1.261337225666459005e-06
1.261450719325374337e-06
1.261628336690634455e-06
1.261764659976627456e-06
1.261925058448909454e-06
1.261906601768281178e-06
1.262016956493638986e-06
1.262140732927186093e-06
1.261944790775793024e-06
1.262149082248420484e-06
1.262111866129345117e-06
1.262022236825366406e-06
1.261993007539707889e-06
1.262182884542717431e-06
1.262040095872940526e-06
1.261998727630775363e-06
1.262032665261259012e-06
1.262027087056694086e-06
1.262105267296753652e-06
1.261991314449595336e-06
1.261993340273548370e-06
1.261864433721449075e-06
1.261811782615751554e-06
1.261806831576173238e-06
1.261630379612022068e-06
1.261442848732308164e-06
1.260897935506655188e-06
1.260687936821547339e-06
1.260101667344137866e-06
1.259440957968038788e-06
1.258603829268345464e-06
1.257592600167889429e-06
1.256243829184100491e-06
1.254602055911213654e-06
1.252495920311957889e-06
1.249824218785278163e-06
1.246552492339958462e-06
1.242746429541696784e-06
1.237910845497403045e-06
1.231503392928878782e-06
1.224009930633762622e-06
1.214495669032977787e-06
1.202608015282713438e-06
1.187584920736561855e-06
1.168737823298293677e-06
1.144847262435355617e-06
1.114476504193717687e-06
1.075516433468592936e-06
1.025687138334063775e-06
9.614117105760655591e-07
8.782964754372457605e-07
7.704229056937350606e-07
6.316412836104845496e-07
4.537510462920835153e-07
2.332308400854188335e-07
2.276242072607459477e-08
2.836461570066006743e-07
4.502786860038909822e-07
3.068607007383761243e-07
4.856384282492243187e-07
2.165136844811677008e-06
4.214277192549076290e-06
5.136634018798602597e-06
4.039207743611328283e-06
1.970648274229880315e-06
3.674413548981902977e-07
3.483253316893808460e-07
4.473414011441079197e-07
2.644082049974016968e-07
9.992007221626408864e-16
