0.000000000000000000e+00
3.583846129762147115e-05
4.176294370517030785e-05
4.364057713890368007e-05
4.445571416178406565e-05
4.488027449200959751e-05
4.512915122256710987e-05
4.528731813713271492e-05
4.539492578736759043e-05
4.547030070667368307e-05
4.552699191662235023e-05
4.556943863764928437e-05
4.560208283710398547e-05
4.562858864398666725e-05
4.564953105268276801e-05
4.566673461903203446e-05
4.568138984939462688e-05
4.569329192516402571e-05
4.570368406664471195e-05
4.571218643512064972e-05
4.571997668856297992e-05
4.572652245760089329e-05
4.573223767323497668e-05
4.573688285913757312e-05
4.574167896864711480e-05
4.574559736347794114e-05
4.574908008248002034e-05
4.575218521674084826e-05
4.575482373680994641e-05
4.575744765611400311e-05
4.575947056617568620e-05
4.576154939073262540e-05
4.576348632123750093e-05
4.576497388641964648e-05
4.576656364452258430e-05
4.576773934295008672e-05
4.576904313180474304e-05
4.577009016915045692e-05
4.577082292211986925e-05
4.577151822826586169e-05
4.577257231563880424e-05
4.577320379428595487e-05
4.577374665049038782e-05
4.577407574735126161e-05
4.577438679331802263e-05
4.577475376288386855e-05
4.577510728209777113e-05
4.577525771387591647e-05
4.577501076596934837e-05
4.577534072225386552e-05
4.577494926871761294e-05
4.577500534419520761e-05
4.577492120527715258e-05
4.577450341425315372e-05
4.577426668606054960e-05
4.577369081160131969e-05
4.577316059362068756e-05
4.577254240867301149e-05
4.577176324904730365e-05
4.577102124014853501e-05
4.577010543294068867e-05
4.576907575903899073e-05
4.576792281163477583e-05
4.576676812584334897e-05
4.576533464673016027e-05
4.576353434493363181e-05
4.576183108206954842e-05
4.575985716148700533e-05
4.575758638269977752e-05
4.575500072834248755e-05
4.575248156035716107e-05
4.574921031863521392e-05
4.574614378494157307e-05
4.574229462228629473e-05
4.573795075801800891e-05
4.573302865595874067e-05
4.572719012618797763e-05
4.572086234666539184e-05
4.571363203464962055e-05
4.570507784162902709e-05
4.569508924923137982e-05
4.568332556509346887e-05
4.566933617988766514e-05
4.565233572939586537e-05
4.563202960849999101e-05
4.560671413322836543e-05
4.557431585805460372e-05
4.553344665880754150e-05
4.548019944983217044e-05
4.540793201412984814e-05
4.530629667376384617e-05
4.515690762718627127e-05
4.492522452503866504e-05
4.453493038547584604e-05
4.380115678548346381e-05
4.217131864969747568e-05
3.733903121183601570e-05
1.169200642692214132e-05
2.669173241044431322e-04
2.442490654175344389e-15
