0.000000000000000000e+00
1.998515797296818164e-08
8.382080018964899182e-08
1.898789553367308258e-07
3.383513444976671281e-07
5.241256769705771035e-07
7.422171228732565851e-07
9.930021022119817076e-07
1.273120568523467000e-06
1.576842114880960821e-06
1.895728050871348103e-06
2.230494317689846184e-06
2.571926583483374884e-06
2.910873217576437355e-06
3.245604724533279750e-06
3.578228546907702423e-06
3.899402292839582174e-06
4.194886501829309111e-06
4.460678909912196843e-06
4.700151948644482047e-06
4.911983015776222317e-06
5.093044377346700458e-06
5.228718681582478212e-06
5.318859149783250473e-06
5.374795538193311017e-06
5.388866924471713560e-06
5.354591566475441766e-06
5.272656968147160228e-06
5.152751760606477660e-06
4.992440882589654905e-06
4.800374877933499818e-06
4.565937295808453200e-06
4.305209434729562190e-06
4.014674092500669644e-06
3.710853487270959761e-06
3.386203105693041948e-06
3.045093014075739291e-06
2.701014522266120821e-06
2.362467297123416188e-06
2.023496744163466587e-06
1.689936518389778541e-06
1.375045430629384668e-06
1.082254032058749260e-06
8.182895985253679783e-07
5.818772743637623535e-07
3.770506875611090436e-07
2.081418974952953249e-07
8.043192201157012278e-08
5.627688648424111761e-09
4.718720969520973085e-08
4.519324403595703643e-08
4.817602206053095415e-09
7.966544979254308601e-08
2.093789002177715020e-07
3.783958956171673549e-07
5.827791103030222075e-07
8.174511700875797260e-07
1.083111716648765821e-06
1.373215126609927950e-06
1.687908711467400735e-06
2.016287012684969682e-06
2.360187754790743497e-06
2.707090314801874342e-06
3.047994259208763879e-06
3.384716295573575451e-06
3.704608692700617212e-06
4.013460799479062757e-06
4.310439385313280525e-06
4.569019494971016115e-06
4.793512758727302980e-06
4.988469542555051817e-06
5.158316962461384492e-06
5.272859280980313201e-06
5.343558484471877534e-06
5.382439440260178287e-06
5.376485047392520755e-06
5.316189182980046724e-06
5.220539242456467832e-06
5.089940757097011215e-06
4.917389296421603717e-06
4.696362337686110777e-06
4.458848518851254994e-06
4.194046540062501549e-06
3.899402682971953027e-06
3.576581622311003628e-06
3.250592929493478778e-06
2.913180452535080178e-06
2.571137600160255943e-06
2.226092802981582963e-06
1.891889569782811975e-06
1.574871711707004351e-06
1.273563721704285001e-06
9.925871083948933915e-07
7.434888654733740054e-07
5.291148783559407320e-07
3.444553173803655000e-07
1.937421043596287973e-07
8.561922226757445742e-08
2.157657430501558338e-08
0.000000000000000000e+00
