0.000000000000000000e+00
2.152534627763991182e-06
3.780830684307900924e-06
5.004863895430311516e-06
5.955840313043303524e-06
6.705224228409356613e-06
7.293197571756060427e-06
7.764499815765546487e-06
8.158765160248826476e-06
8.478132012323946753e-06
8.744074179722893803e-06
8.967604898102443656e-06
9.157085697597544538e-06
9.317148273457753760e-06
9.458163223619031612e-06
9.578672017895861757e-06
9.683576072228028409e-06
9.775363172481732477e-06
9.854470132131254445e-06
9.924731286581334189e-06
9.990310664842461108e-06
1.004634547596694460e-05
1.009626601489177489e-05
1.014083842654223133e-05
1.017926802548974052e-05
1.021271752332797433e-05
1.024841397245790375e-05
1.027710516865454338e-05
1.030281834557555953e-05
1.032583877447201814e-05
1.034641092900745463e-05
1.036474455207159195e-05
1.038101961026161035e-05
1.039539037839265490e-05
1.040798880003190874e-05
1.041892726039161943e-05
1.042830080644208124e-05
1.043485561069701362e-05
1.044265773153529864e-05
1.044775975067580021e-05
1.045153632095452423e-05
1.045269144261951055e-05
1.045522334230941652e-05
1.045383725195581093e-05
1.045176395841895811e-05
1.044990476994911432e-05
1.044733045452161946e-05
1.044209992151490241e-05
1.043341082962445654e-05
1.042747118751297108e-05
1.041795190370731206e-05
1.040551390230071149e-05
1.039409684489012164e-05
1.037955030203097095e-05
1.036093795936388062e-05
1.034317574033494225e-05
1.032375028897636327e-05
1.030048392824944870e-05
1.027227765604266096e-05
1.024550733863538454e-05
1.021089586616952261e-05
1.017708737272027264e-05
1.013679554406898831e-05
1.009026769205334517e-05
1.003977794211685648e-05
9.983090810572470275e-06
9.918298608413422812e-06
9.848771407416911927e-06
9.764460782490935742e-06
9.672516312786427761e-06
9.567884596606290870e-06
9.445734637125724475e-06
9.302736855953952499e-06
9.140277886343639580e-06
8.944509000241573915e-06
8.717132613411671116e-06
8.450148828331727202e-06
8.118649236332764474e-06
7.725674289194017774e-06
7.242266444662526226e-06
6.636225109546423084e-06
5.880967417049021151e-06
4.907632077277845895e-06
3.645036554256186889e-06
1.981770029191309845e-06
2.414815002405035216e-07
3.235926512523690235e-06
7.258674946331034050e-06
1.256924925907565438e-05
1.920994428805666843e-05
2.638747511085615116e-05
3.244945940261700912e-05
3.459966044094819893e-05
3.191759817433581503e-05
2.571246044602570890e-05
1.848162744089165699e-05
1.200317472382916861e-05
6.822178376997278804e-06
2.910059114458185547e-06
3.330669073875469621e-16
