0.000000000000000000e+00
1.614759763679529669e-07
2.836617526424944913e-07
3.754941659828148204e-07
4.468551347835969523e-07
5.030975677167148774e-07
5.472192351474447491e-07
5.825839000106469712e-07
6.121783489021481728e-07
6.361463110726717218e-07
6.561051427711461770e-07
6.728812361744829218e-07
6.871020163945473769e-07
6.991142217360746258e-07
7.096985679133638314e-07
7.187431319000125995e-07
7.266165517050282574e-07
7.335055361989972766e-07
7.394422207873674324e-07
7.447146834760332013e-07
7.496383235272574552e-07
7.538440172094595937e-07
7.575908181900459226e-07
7.609362221439042173e-07
7.638200473225609244e-07
7.663293316584329773e-07
7.690103889235189172e-07
7.711638362328798735e-07
7.730937668926074480e-07
7.748215953284898205e-07
7.763656671988528046e-07
7.777417222465388136e-07
7.789632701094006961e-07
7.800418919678975271e-07
7.809874867925614694e-07
7.818084885036213905e-07
7.825120376114824694e-07
7.830035586575689877e-07
7.835896221886073931e-07
7.839725636449301760e-07
7.842560202364623478e-07
7.843422635822605571e-07
7.845327539834912045e-07
7.844282667868185399e-07
7.842720098905076043e-07
7.841331037816701155e-07
7.839403414200418752e-07
7.835477527917689144e-07
7.828944670329462951e-07
7.824497668673657813e-07
7.817352838390689840e-07
7.808012592036561728e-07
7.799448029643940572e-07
7.788529921004538892e-07
7.774548375083512042e-07
7.761223609348277819e-07
7.746648437167991119e-07
7.729185572680208338e-07
7.708002519590806401e-07
7.687922296550908641e-07
7.661931258340359818e-07
7.636569113733671088e-07
7.606327836473525394e-07
7.571400517658588569e-07
7.533505200774115451e-07
7.490958470190989260e-07
7.442318766814892683e-07
7.390151327557603622e-07
7.326855099298867913e-07
7.257857860265559680e-07
7.179334960971672785e-07
7.087657682980363916e-07
6.980326040517681463e-07
6.858405623422214603e-07
6.711451182583871855e-07
6.540801158472220322e-07
6.340462022080828319e-07
6.091624717985411053e-07
5.796715895067805491e-07
5.433971199675369235e-07
4.979129860638309424e-07
4.412450334001505325e-07
3.682087544865098039e-07
2.734730827347320314e-07
1.486836632702548400e-07
1.811520644601216645e-08
2.427212147937396480e-07
5.444185281477942340e-07
9.426089042641194737e-07
1.440558841769856713e-06
1.978215462772325850e-06
2.432548800057610094e-06
2.593226338221121807e-06
2.392372424497857253e-06
1.927655669420325069e-06
1.385787812835381771e-06
9.001701842814568977e-07
5.116857429987575756e-07
2.182797025351845832e-07
5.551115123125782702e-16
