0.000000000000000000e+00
8.012973439441850587e-06
9.806517449861829050e-06
1.061322204076731168e-05
1.103341469166352340e-05
1.128115531223716772e-05
1.143930787628200108e-05
1.154645096623774236e-05
1.162263477749725382e-05
1.167860176276569462e-05
1.172095243628934469e-05
1.175384910778731751e-05
1.178030474691116325e-05
1.180142744305889835e-05
1.181905107050518211e-05
1.183343927202429313e-05
1.184562957323720411e-05
1.185586257013149236e-05
1.186453469737003275e-05
1.187220341447581262e-05
1.187900042798339939e-05
1.188480322578122639e-05
1.188987133027286092e-05
1.189425572656332974e-05
1.189827902581264141e-05
1.190186534638648652e-05
1.190500562564533737e-05
1.190781032878174273e-05
1.191033176395350779e-05
1.191259663702037841e-05
1.191462196392656381e-05
1.191651469134580310e-05
1.191813781842299136e-05
1.191960668522895617e-05
1.192097001911918142e-05
1.192219875911781912e-05
1.192335883926087803e-05
1.192423371176865032e-05
1.192510889957976161e-05
1.192602453659041828e-05
1.192666160831912237e-05
1.192726226784124322e-05
1.192780853154218335e-05
1.192825110230000263e-05
1.192856109133444420e-05
1.192884735201626967e-05
1.192910212832742900e-05
1.192924633230951770e-05
1.192929278814869321e-05
1.192929236137896254e-05
1.192922231219029072e-05
1.192905309121972124e-05
1.192890654788669735e-05
1.192859374476995526e-05
1.192820659290383389e-05
1.192787851211907224e-05
1.192729157595273648e-05
1.192678933603641411e-05
1.192598318255910783e-05
1.192521428605708422e-05
1.192444597142294782e-05
1.192338025324257700e-05
1.192235210301095805e-05
1.192117083292920654e-05
1.191982741821639991e-05
1.191836424419001617e-05
1.191677199874341397e-05
1.191496182406659443e-05
1.191294847324719797e-05
1.191071596207127214e-05
1.190820155727578822e-05
1.190544971640949967e-05
1.190232959968895443e-05
1.189882527530272682e-05
1.189487212271966854e-05
1.189043352134433462e-05
1.188542701613393149e-05
1.187995925722162838e-05
1.187342310671191115e-05
1.186598524371973440e-05
1.185705124662206345e-05
1.184690575084523800e-05
1.183507619773038755e-05
1.182125262888522599e-05
1.180425387181660568e-05
1.178371566290525863e-05
1.175840531164595859e-05
1.172656521286619125e-05
1.168572449761207110e-05
1.163210719368201751e-05
1.155945211850362142e-05
1.145735495011734884e-05
1.130858653741739772e-05
1.107709681313906458e-05
1.068793651648469734e-05
9.972027598670329951e-06
8.404805048933816636e-06
3.091235117325119575e-06
2.901543353740487774e-04
7.771561172376095783e-16
