0.000000000000000000e+00
3.111919532283735634e-06
3.828499993252520994e-06
4.152314480809771169e-06
4.321163336040712011e-06
4.420758826118031948e-06
4.484351638578409904e-06
4.527438574708497754e-06
4.558077572269780831e-06
4.580586964841870667e-06
4.597620499535715055e-06
4.610851931374781998e-06
4.621492887046940723e-06
4.629988955562325259e-06
4.637077659075394820e-06
4.642865072290724981e-06
4.647768432453069920e-06
4.651884485173951589e-06
4.655372759176934494e-06
4.658457422368478262e-06
4.661191454147228797e-06
4.663525585701933096e-06
4.665564196648652739e-06
4.667327843099755569e-06
4.668946195773848729e-06
4.670388728089669428e-06
4.671651925747255518e-06
4.672780110404062270e-06
4.673794350651405693e-06
4.674705391227718110e-06
4.675520071883987328e-06
4.676281405990856399e-06
4.676934286740319635e-06
4.677525173857333129e-06
4.678073589281517286e-06
4.678567830485036438e-06
4.679034438570539578e-06
4.679386409578434325e-06
4.679738454860249419e-06
4.680106714283205349e-06
4.680363015818755912e-06
4.680604630213913708e-06
4.680824349789780570e-06
4.681002370277020930e-06
4.681127084293912333e-06
4.681242233184335078e-06
4.681344699219991412e-06
4.681402703154979861e-06
4.681421411967257029e-06
4.681421240437799725e-06
4.681393065086858485e-06
4.681325008526471265e-06
4.681266008721429728e-06
4.681140223006252654e-06
4.680984507676733131e-06
4.680852482508157664e-06
4.680616421781635950e-06
4.680414359969908844e-06
4.680090120223745487e-06
4.679780830518787127e-06
4.679471758306519291e-06
4.679043111854852555e-06
4.678629522691934994e-06
4.678154334247786039e-06
4.677613949843895114e-06
4.677025370658505210e-06
4.676384934176880392e-06
4.675656792962890052e-06
4.674846929009213170e-06
4.673948907907288230e-06
4.672937454652803524e-06
4.671830575286861631e-06
4.670575521892317283e-06
4.669165926007856626e-06
4.667575788319666685e-06
4.665790386049195604e-06
4.663776557167764736e-06
4.661577178821652012e-06
4.658948053348765939e-06
4.655956270083194681e-06
4.652362701973444814e-06
4.648281800134768105e-06
4.643523573655272685e-06
4.637963284648272122e-06
4.631125932519353228e-06
4.622864986369989992e-06
4.612684712745895865e-06
4.599878280941993580e-06
4.583452082651540138e-06
4.561887816389997852e-06
4.532668116619120724e-06
4.491610555934499871e-06
4.431791603920487432e-06
4.338731870112688682e-06
4.182350484716046424e-06
3.895012018251264863e-06
3.268736306627495480e-06
1.217782783058396490e-06
1.077131271449704997e-04
3.330669073875469621e-16
