0.000000000000000000e+00
1.488420869555362458e-06
1.840664464403118927e-06
1.997552021348880658e-06
2.080327174636131815e-06
2.129298413922064981e-06
2.160457383326708225e-06
2.181632797637611532e-06
2.196560082268206315e-06
2.207613195914781556e-06
2.215979691966296627e-06
2.222491274461724231e-06
2.227651821007370359e-06
2.231794575924261892e-06
2.235287915541839254e-06
2.238089539585708110e-06
2.240486610682879132e-06
2.242524134721257667e-06
2.244303118570378786e-06
2.245805031164671561e-06
2.247074060823806008e-06
2.248245601244036607e-06
2.249245595220550342e-06
2.250127650538225055e-06
2.250914567292205959e-06
2.251609469650084350e-06
2.252228622712237893e-06
2.252781148515126119e-06
2.253285724229669995e-06
2.253729832646378384e-06
2.254132793200191998e-06
2.254481651031703393e-06
2.254817341729165037e-06
2.255115421734288361e-06
2.255374824344791307e-06
2.255612868706791119e-06
2.255845671705891675e-06
2.256030350533677620e-06
2.256205425044122137e-06
2.256371086084563160e-06
2.256496661745543975e-06
2.256615060147737495e-06
2.256729766725307229e-06
2.256814917278582300e-06
2.256884312212825705e-06
2.256925139776377875e-06
2.256981272541480621e-06
2.257006105232939319e-06
2.257019716456198921e-06
2.257011722295310108e-06
2.256996811111910972e-06
2.256976541215038878e-06
2.256939163669535731e-06
2.256877467687878891e-06
2.256818459334120064e-06
2.256723862115173063e-06
2.256630478369991977e-06
2.256499527564237439e-06
2.256362920838306252e-06
2.256211367290816838e-06
2.256037800463239762e-06
2.255874083201270253e-06
2.255647218785128416e-06
2.255415455398868119e-06
2.255156801189706073e-06
2.254861254713524943e-06
2.254534118728557246e-06
2.254180704208685881e-06
2.253797338092056179e-06
2.253353884928976925e-06
2.252858290696657662e-06
2.252318893281035628e-06
2.251701006983353182e-06
2.251013063392370839e-06
2.250232285616604599e-06
2.249391685471557878e-06
2.248368732415961802e-06
2.247288000689628973e-06
2.245965561864515792e-06
2.244527642414340107e-06
2.242820646869425616e-06
2.240784959028907508e-06
2.238503866713870138e-06
2.235737086020428421e-06
2.232348271458128863e-06
2.228336321574708734e-06
2.223303966153444833e-06
2.217054238085047757e-06
2.209017198828711059e-06
2.198472897396719361e-06
2.184171122521227915e-06
2.164105083912737371e-06
2.134702080769379506e-06
2.089376993752445344e-06
2.013271609757616432e-06
1.870235508127926494e-06
1.565469490039106404e-06
5.477697487821231448e-07
5.514692662489384389e-05
0.000000000000000000e+00
