0.000000000000000000e+00
1.609928090839929382e-08
2.821416889009498163e-08
3.733394271510093176e-08
4.450092616625767050e-08
5.005621994680353737e-08
5.446932294095319094e-08
5.798579694182848243e-08
6.091767967841832387e-08
6.329363055890269152e-08
6.529180218706187588e-08
6.696236420911105824e-08
6.834279575596013956e-08
6.958816944901968782e-08
7.059575812817797669e-08
7.152940517674011289e-08
7.231348020386718645e-08
7.299952176076374144e-08
7.358139342272806971e-08
7.413474467643510479e-08
7.460613449250530493e-08
7.502496945921421911e-08
7.539034518888598768e-08
7.573127225324327583e-08
7.602165730258292342e-08
7.629615728088623428e-08
7.653537381635544534e-08
7.674983304450933019e-08
7.694203352226480774e-08
7.711411098565434941e-08
7.725029294025631543e-08
7.740492857788439096e-08
7.751933495114826655e-08
7.761676279471885209e-08
7.772817678386445550e-08
7.780993904749067269e-08
7.785584466013517613e-08
7.793182255078079379e-08
7.797042922419450406e-08
7.800860524209696223e-08
7.805369495184066864e-08
7.805542934224973806e-08
7.806444757285646574e-08
7.808080726423582973e-08
7.807088608924317441e-08
7.805141810646176737e-08
7.802225632236314823e-08
7.798315471152506007e-08
7.793380840670494081e-08
7.787380840174051855e-08
7.777839305944667103e-08
7.770257692829574125e-08
7.762433729130435722e-08
7.751559916169270537e-08
7.736777229983005100e-08
7.725395112512245532e-08
7.709849625392450889e-08
7.692458714458894065e-08
7.671223978267249777e-08
7.648782751612515085e-08
7.627192244452629666e-08
7.600222362569297729e-08
7.568193838292103237e-08
7.535651669332565916e-08
7.498705534292327002e-08
7.454330530620723039e-08
7.408670021913366099e-08
7.353999154080526068e-08
7.291602888148673856e-08
7.223459241867402625e-08
7.144878033660262417e-08
7.053581851934609404e-08
6.948050268462679924e-08
6.825286524847484770e-08
6.680487618648811576e-08
6.511687000720911556e-08
6.308445932301509629e-08
6.063148461077361162e-08
5.770196220833412326e-08
5.408890613178840567e-08
4.956637655872953019e-08
4.388210605998921210e-08
3.655652547340793035e-08
2.711386193343656714e-08
1.469867771941579804e-08
1.802592186628260151e-09
2.412777766469531571e-08
5.431157690249932557e-08
9.376474940925305646e-08
1.433308948195488597e-07
1.968890023240632559e-07
2.415524322785245204e-07
2.587073874016354580e-07
2.386338493476358735e-07
1.922169667878392829e-07
1.382842697017494515e-07
8.972517140382052503e-08
5.094659627502551302e-08
2.169623702918954677e-08
2.621070027686300818e-11
