0.000000000000000000e+00
1.172979936697182701e-04
1.124336511668655447e-04
1.480583563069348685e-04
1.736130030245419675e-04
1.934243830251647367e-04
2.088175416541382390e-04
2.207559533508041127e-04
2.300592603196038866e-04
2.373752049498190075e-04
2.431699456924008018e-04
2.477799381066514428e-04
2.514680574400296464e-04
2.544341514689740791e-04
2.568471339310374191e-04
2.588240451393275521e-04
2.604136821630076426e-04
2.617010608647607484e-04
2.627660240863693986e-04
2.636755645495370004e-04
2.644250963674821264e-04
2.650236818183548948e-04
2.655464864942391756e-04
2.659798267021784568e-04
2.663302550161006366e-04
2.666137719837813336e-04
2.668602806380482306e-04
2.670750806590405091e-04
2.672530051301968967e-04
2.673852693668710145e-04
2.675085117598285933e-04
2.676273347816948700e-04
2.677067019238865697e-04
2.677459994805397869e-04
2.678256349647467616e-04
2.678786344275652098e-04
2.679361897156562478e-04
2.679714027244983754e-04
2.679787867690963665e-04
2.680111098990467511e-04
2.680408174119408571e-04
2.680419964160574153e-04
2.680405829657006578e-04
2.680588593744204218e-04
2.680542455483214681e-04
2.680276271366244245e-04
2.680064106170831906e-04
2.679938191916253487e-04
2.679509669263335780e-04
2.679190251974050696e-04
2.678759662846363909e-04
2.678144655152703280e-04
2.677504874410985281e-04
2.676836741789534457e-04
2.676108778316699244e-04
2.674995818650049983e-04
2.673901276664114590e-04
2.672326273731595592e-04
2.670352717600854575e-04
2.668263927421143933e-04
2.665876790109988903e-04
2.663094825149370237e-04
2.659438081906717599e-04
2.655061027925231798e-04
2.649814906442449214e-04
2.643500704804235824e-04
2.635829082304752546e-04
2.626750497667362794e-04
2.615913899852717606e-04
2.602800954669692857e-04
2.586380060689563720e-04
2.566387203153386309e-04
2.541754197984413821e-04
2.511495869734758912e-04
2.473854739444281137e-04
2.426658385294988562e-04
2.367624591448347360e-04
2.292590198800237289e-04
2.197589207422190327e-04
2.074819330564192654e-04
1.917435880032236639e-04
1.713724854820464216e-04
1.451154120303277395e-04
1.099503949397728775e-04
1.471650881476049832e-04
8.315385742998365748e-05
6.424392894582853231e-05
8.068992947107833658e-05
7.089210158428560504e-05
3.531344352536436304e-05
2.874586596284256501e-04
6.050406722417633887e-04
7.495602906746334781e-04
5.793771702491401498e-04
2.600927553190190977e-04
2.124172594486495314e-05
7.438781707946873212e-05
7.656580861026274221e-05
4.366087198337531561e-05
9.761733010295314816e-08
