0.000000000000000000e+00
1.280464329808106427e-04
1.450139129789418391e-04
1.485668092288117137e-04
1.495270363741640907e-04
1.498030493153335030e-04
1.498644177518881904e-04
1.498521351027681803e-04
1.498174028227161614e-04
1.497753228905107648e-04
1.497345351307854955e-04
1.496977706256785723e-04
1.496639428986146214e-04
1.496344130657023541e-04
1.496078854967830551e-04
1.495853712861761053e-04
1.495654667985624187e-04
1.495475890690434184e-04
1.495323383365887437e-04
1.495182493105318144e-04
1.495053908068255666e-04
1.494939301002196075e-04
1.494835552559026226e-04
1.494750209151129994e-04
1.494669061884446037e-04
1.494595887564509340e-04
1.494529890222473512e-04
1.494469399466735737e-04
1.494414466404192510e-04
1.494364255050228962e-04
1.494321360536732257e-04
1.494279270549681016e-04
1.494243557004226730e-04
1.494209289270020946e-04
1.494181396277660667e-04
1.494149821344992191e-04
1.494122287412080752e-04
1.494104825711106699e-04
1.494084708835163866e-04
1.494069454136548458e-04
1.494054327375593516e-04
1.494037766957001523e-04
1.494024939074911629e-04
1.494016637585415808e-04
1.494008711090399899e-04
1.494005508683171612e-04
1.493992739167726569e-04
1.493989960591468602e-04
1.493988876212215544e-04
1.493995359763689024e-04
1.493993758333589383e-04
1.493995397034986183e-04
1.493996643583406225e-04
1.494008167923777108e-04
1.494009907755389222e-04
1.494025260729836546e-04
1.494039347939013496e-04
1.494048337579156893e-04
1.494066617996336888e-04
1.494080258311880627e-04
1.494103669311686033e-04
1.494122383051132985e-04
1.494147091373188019e-04
1.494173990533864682e-04
1.494203790878279037e-04
1.494235829263557136e-04
1.494273638997789533e-04
1.494315604603224656e-04
1.494358572079468317e-04
1.494407622428806093e-04
1.494458269958309771e-04
1.494519020475149063e-04
1.494587927081125756e-04
1.494662072335506409e-04
1.494741758812923038e-04
1.494821307056470872e-04
1.494929537230182959e-04
1.495030147721232439e-04
1.495163970585133839e-04
1.495291370693374589e-04
1.495446172165015852e-04
1.495628255449021893e-04
1.495819973597045660e-04
1.496049254883224933e-04
1.496305907638939559e-04
1.496589831547767702e-04
1.496920804167078956e-04
1.497290604158818539e-04
1.497704813990807793e-04
1.498109050462881342e-04
1.498481219701641720e-04
1.498654439797686422e-04
1.498216738369251289e-04
1.495956618062788124e-04
1.487996836099236830e-04
1.459228912256138599e-04
1.328011139836160481e-04
3.974262544026441191e-05
8.834042985572665430e-04
1.110223024625156540e-16
