0.000000000000000000e+00
9.627891122798715173e-06
1.090222977073729282e-05
1.116901546849291549e-05
1.124111625272483650e-05
1.126184314581557544e-05
1.126645327331754487e-05
1.126553309782618584e-05
1.126292694830777208e-05
1.125976889149171711e-05
1.125670761625841010e-05
1.125394815248981217e-05
1.125140911728550464e-05
1.124919259620771328e-05
1.124720143941271289e-05
1.124551152409392074e-05
1.124401744112546453e-05
1.124267552621294186e-05
1.124153076781375660e-05
1.124047321543475420e-05
1.123950806114493162e-05
1.123864777685668059e-05
1.123786904866364011e-05
1.123722840679075574e-05
1.123661929458563691e-05
1.123607004649418428e-05
1.123557465199098715e-05
1.123512057299436151e-05
1.123470822772532074e-05
1.123433134897489083e-05
1.123400933233931198e-05
1.123369340993995991e-05
1.123342531383908494e-05
1.123316810824892542e-05
1.123295872007545881e-05
1.123272174186062955e-05
1.123251508050593372e-05
1.123238397093828667e-05
1.123223296994879661e-05
1.123211844589189212e-05
1.123200489561160254e-05
1.123188060936364252e-05
1.123178433282134847e-05
1.123172200601096904e-05
1.123166250494023188e-05
1.123163845007102424e-05
1.123154264814907322e-05
1.123152179383080096e-05
1.123151365289842829e-05
1.123156226845445360e-05
1.123155026605537898e-05
1.123156258209245806e-05
1.123157195737078951e-05
1.123165842442652718e-05
1.123167151895199112e-05
1.123178673034797015e-05
1.123189245377798073e-05
1.123195995034187433e-05
1.123209715303552514e-05
1.123219955834198203e-05
1.123237527322906715e-05
1.123251575629868881e-05
1.123270122505015678e-05
1.123290314264391299e-05
1.123312683193322670e-05
1.123336735375790596e-05
1.123365112887242390e-05
1.123396612001670292e-05
1.123428866367515155e-05
1.123465684815805332e-05
1.123503705258155350e-05
1.123549304538062898e-05
1.123601026298270966e-05
1.123656679746787290e-05
1.123716494522142284e-05
1.123776209732696429e-05
1.123857445117781850e-05
1.123932970292784717e-05
1.124033415556002780e-05
1.124129048912791973e-05
1.124245244921162623e-05
1.124381914663352688e-05
1.124525824713895616e-05
1.124697921062178807e-05
1.124890562576030817e-05
1.125103677612759867e-05
1.125352097774978688e-05
1.125629656972826353e-05
1.125940530144475815e-05
1.126243906357515812e-05
1.126523160954739922e-05
1.126652987681886486e-05
1.126324003486445235e-05
1.124626603177247830e-05
1.118649130571469641e-05
1.097042563902306256e-05
9.984895875558841283e-06
2.986535729387895799e-06
6.484518262728222737e-05
4.440892098500626162e-16
