0.000000000000000000e+00
6.054971695146349475e-07
1.277949990052817952e-06
1.984190575399225054e-06
2.699966709651668850e-06
3.404287137298567245e-06
4.085202265025067447e-06
4.725812602024426212e-06
5.328823925454528876e-06
5.894557408292477874e-06
6.415317493346783806e-06
6.893953760522819607e-06
7.333755001392994188e-06
7.735098242811488944e-06
8.101344570077273488e-06
8.432832943605639286e-06
8.732589476090346636e-06
9.002097942856224222e-06
9.243778381629041974e-06
9.462603405729907990e-06
9.658096363995838374e-06
9.832963504541325506e-06
9.986078818746690899e-06
1.012898780794468934e-05
1.024745167721441419e-05
1.035494096024436317e-05
1.045211850581040380e-05
1.052820666802567473e-05
1.059615457499329949e-05
1.065057155524851140e-05
1.069671309950059879e-05
1.073522881311905763e-05
1.075501440572779188e-05
1.076909542696569133e-05
1.077752889777627843e-05
1.077591800258126398e-05
1.075914447601356017e-05
1.073399163220578600e-05
1.070397333757799885e-05
1.066031946783674300e-05
1.060364421778814403e-05
1.053902335956813374e-05
1.045584667491716857e-05
1.036497541395675626e-05
1.026304718698689555e-05
1.014520955855413575e-05
1.000840347742393277e-05
9.855292572469309675e-06
9.682028703106304590e-06
9.492625436369195313e-06
9.270608682387937449e-06
9.033520126155991647e-06
8.767413301136173231e-06
8.471308892143980529e-06
8.143863657550376445e-06
7.783029816743614049e-06
7.384449157377126483e-06
6.949899994834751737e-06
6.476041129577225774e-06
5.960328124388070137e-06
5.399900078195685182e-06
4.795241973387653900e-06
4.156857856263407314e-06
3.482768994311769006e-06
2.781236162374689513e-06
2.062340738073764612e-06
1.351310494168700416e-06
6.743082484605977811e-07
5.702814853680848728e-08
4.478285297038198109e-07
7.965986156266424700e-07
9.069814735918058091e-07
7.266322165078165085e-07
1.469198378512004410e-07
9.034577241884278465e-07
2.477609279738501868e-06
4.605353481790253056e-06
7.260336525316546386e-06
1.033622818547019762e-05
1.363385449115739334e-05
1.689592643483450729e-05
1.981201918588304522e-05
2.199099887423283661e-05
2.322066028170866048e-05
2.328509799376377032e-05
2.223360259434592479e-05
2.012378303661854773e-05
1.732097495510398488e-05
1.406615363674923458e-05
1.076479717354583698e-05
7.655788346716541071e-06
4.947570134250511842e-06
2.752455635413042501e-06
1.110416444127793056e-06
1.967285778725624823e-09
6.328689621248884123e-07
8.828927181570023208e-07
8.099948314299609819e-07
4.905409540789662515e-07
0.000000000000000000e+00
