0.000000000000000000e+00
5.344822087138823008e-07
6.461501145249570754e-07
7.348218227232194977e-07
8.044938224482933720e-07
8.582815272939470219e-07
8.999693242861539488e-07
9.323404965844162007e-07
9.575657708982276972e-07
9.775156939451079552e-07
9.932728904926690916e-07
1.005773245577046282e-06
1.015759479083833128e-06
1.023805507260888703e-06
1.030331128859529599e-06
1.035636642221504644e-06
1.040004288688223255e-06
1.043502053321709866e-06
1.046409737415210373e-06
1.048779598944449276e-06
1.050843988936733808e-06
1.052510728349886904e-06
1.053832931363629655e-06
1.055075804279326235e-06
1.056031950996683122e-06
1.056824228795605336e-06
1.057484859456891968e-06
1.058031219636212938e-06
1.058549781385309529e-06
1.058998552294632134e-06
1.059328603059128682e-06
1.059526926083798060e-06
1.059717451346031680e-06
1.059955430759984552e-06
1.060081472603613406e-06
1.060272563968567283e-06
1.060386377926825219e-06
1.060446033873674310e-06
1.060539086661371755e-06
1.060560463450599400e-06
1.060650923756512043e-06
1.060685853815357405e-06
1.060693574750359858e-06
1.060713248901556938e-06
1.060630541505069857e-06
1.060660812735036984e-06
1.060560331112014865e-06
1.060508163508444568e-06
1.060446705114514998e-06
1.060398661989481184e-06
1.060278551401339087e-06
1.060066428748562828e-06
1.059920494705934857e-06
1.059712973039417250e-06
1.059575071904461652e-06
1.059259799207623587e-06
1.058988442492747595e-06
1.058529961461829316e-06
1.058014014176933415e-06
1.057401983750594354e-06
1.056795807974353352e-06
1.055961418527928686e-06
1.054951519252611547e-06
1.053757866742444094e-06
1.052356879194249473e-06
1.050726436746529657e-06
1.048596124930689655e-06
1.046225369116804416e-06
1.043242174869618566e-06
1.039708457217791704e-06
1.035224452272665019e-06
1.029865839274890504e-06
1.023218784368395973e-06
1.014947190514092767e-06
1.004816790439733154e-06
9.919895436194536842e-07
9.758993045894115426e-07
9.557114474256778180e-07
9.298430171389426846e-07
8.966325689696574841e-07
8.540719517169392816e-07
7.988478760712069970e-07
7.275694390296294500e-07
6.369570320075013115e-07
5.229746534718415774e-07
8.513430086176665412e-07
2.439199248138734788e-07
1.314248365691383924e-07
1.446271002958354757e-07
4.335571184288511404e-07
1.110133445281213938e-06
1.962038279290645448e-06
2.350844290677223114e-06
1.888458521337454954e-06
1.030236876919943256e-06
3.875087833948853699e-07
1.321853754232549250e-07
1.369965761943703342e-07
2.558228264781803318e-07
2.829333989318172371e-15
