0.000000000000000000e+00
6.098051186231856491e-07
7.372075437883651716e-07
8.383731282535222817e-07
9.178617063065885873e-07
9.792277479991895461e-07
1.026788980063031431e-06
1.063720880267737812e-06
1.092500072630286923e-06
1.115260677475582440e-06
1.133237801376196785e-06
1.147499265496954024e-06
1.158892425134894211e-06
1.168071979251728010e-06
1.175516948226373870e-06
1.181569921127056944e-06
1.186552889498315722e-06
1.190543470919180891e-06
1.193860758696985158e-06
1.196564494487795116e-06
1.198919755807104082e-06
1.200821269531360258e-06
1.202329791505363232e-06
1.203747721723047448e-06
1.204838583679368469e-06
1.205742514609475791e-06
1.206496220151898058e-06
1.207119516011267990e-06
1.207711131545607941e-06
1.208223117554751980e-06
1.208599673563348631e-06
1.208825985310468809e-06
1.209043351435568070e-06
1.209314810957096142e-06
1.209458656670214793e-06
1.209676626756639450e-06
1.209806477553421189e-06
1.209874577634550974e-06
1.209980696081913720e-06
1.210005127094682109e-06
1.210108279470212267e-06
1.210148126484789088e-06
1.210156978515009030e-06
1.210179391697430162e-06
1.210085064151655843e-06
1.210119564887257582e-06
1.210004965890298934e-06
1.209945446167814964e-06
1.209875325147713454e-06
1.209820470138289750e-06
1.209683436864672501e-06
1.209441467087124522e-06
1.209274928415382533e-06
1.209038206551049655e-06
1.208880823444502539e-06
1.208521178686083886e-06
1.208211543590742565e-06
1.207688478555013489e-06
1.207099833311353621e-06
1.206401609166185551e-06
1.205709988294501045e-06
1.204758068751310418e-06
1.203605898170145849e-06
1.202244030440446920e-06
1.200645661669774711e-06
1.198785501865806680e-06
1.196355092436540701e-06
1.193650274955437851e-06
1.190246817994733419e-06
1.186215218274000449e-06
1.181099492986170674e-06
1.174985873819700544e-06
1.167402338020373520e-06
1.157965402009963896e-06
1.146407702878882162e-06
1.131773275209191354e-06
1.113416068232453426e-06
1.090383856316989863e-06
1.060870721603102140e-06
1.022981147458246198e-06
9.744237153830326292e-07
9.114185357539383858e-07
8.300963577623221568e-07
7.267154883416893085e-07
5.966707189442033155e-07
9.470922502363698925e-07
2.782856581839965315e-07
1.499342049404717159e-07
1.650086068893941160e-07
4.946543666894953617e-07
1.266594331750248159e-06
2.238400267584594872e-06
2.681969148432550298e-06
2.154530095777040799e-06
1.175478874571034282e-06
4.421850313685027345e-07
1.508492575297282201e-07
1.563182744357405340e-07
2.918818127195521583e-07
1.085042429169180700e-15
