0.000000000000000000e+00
2.459730413795213622e-07
4.549931091890613288e-07
6.227317114193553493e-07
7.541986407622047750e-07
8.558709015948906540e-07
9.342594797789871564e-07
9.949403281250823738e-07
1.041959039382867047e-06
1.078572824386725415e-06
1.107357726848334778e-06
1.129922706510910757e-06
1.147758077357785567e-06
1.161981693087454914e-06
1.173227158424161587e-06
1.182291402668234070e-06
1.189481238061951274e-06
1.195433865786021954e-06
1.199855565015006675e-06
1.203730361942767502e-06
1.206834895906006011e-06
1.209298684523574252e-06
1.211078197727033512e-06
1.212759961233267347e-06
1.213998343296829319e-06
1.215044272084853105e-06
1.215705020429780348e-06
1.216499790679392845e-06
1.217118988150467374e-06
1.217371863870830850e-06
1.217628036176421347e-06
1.217870843839286010e-06
1.218151872151018722e-06
1.218250618384431050e-06
1.218211172049343816e-06
1.218240795908265284e-06
1.218248091960916213e-06
1.218420910720219297e-06
1.218351056819777511e-06
1.218172661410221735e-06
1.218497747479396764e-06
1.218329247154592565e-06
1.218354610976746244e-06
1.218386301848894959e-06
1.218232262067964200e-06
1.218374264477795066e-06
1.218410912606771035e-06
1.218404897196379011e-06
1.218213768194864599e-06
1.218258444901643145e-06
1.218306083239362181e-06
1.218140805225864653e-06
1.218110385226012227e-06
1.218079934917071228e-06
1.217994745839057202e-06
1.217786532281550649e-06
1.217465486647029138e-06
1.216996212360932361e-06
1.216432374384623927e-06
1.215788866137934576e-06
1.215017869760082192e-06
1.213953712442261690e-06
1.212776303716189830e-06
1.211105600362749612e-06
1.209066799123803548e-06
1.206432843958715750e-06
1.203435996077750758e-06
1.199698335452303866e-06
1.195001637532833172e-06
1.188915292327230588e-06
1.181573785702383361e-06
1.172343023103650239e-06
1.160865640836838963e-06
1.146361675363749555e-06
1.128162918861974617e-06
1.105058196726460551e-06
1.075554997509442501e-06
1.038217463444901512e-06
9.899924194867182337e-07
9.278570245463413357e-07
8.474911838973753220e-07
7.434316540155805342e-07
6.092189365203282136e-07
4.373971159710166035e-07
2.246493207014310656e-07
2.416324573761841066e-08
2.751706082992910751e-07
4.352429351373032773e-07
2.980867874757819891e-07
4.671375110065767444e-07
2.091212766619499064e-06
4.070531808286759201e-06
4.954125438438872209e-06
3.900507977716571872e-06
1.899442081731983478e-06
3.536563707440265603e-07
3.367392591435702798e-07
4.322762500175159062e-07
2.552472241346137594e-07
0.000000000000000000e+00
