0.000000000000000000e+00
3.042400109620757576e-09
1.265503579706006576e-08
2.848136049227179001e-08
5.080295784054555952e-08
7.872069895942246376e-08
1.116939213341439086e-07
1.494983454808362922e-07
1.918115297705469402e-07
2.372836911401776661e-07
2.857493510699526951e-07
3.351647858140793801e-07
3.860819299816853345e-07
4.373175283012287196e-07
4.893216509760378585e-07
5.390977265706808907e-07
5.860315993588827155e-07
6.303399244789176237e-07
6.721110283880449288e-07
7.088079769790311957e-07
7.410776357019699390e-07
7.668389232495798069e-07
7.882017510896233148e-07
8.029881739535227325e-07
8.105410771452881136e-07
8.122902467322390407e-07
8.075508559635125039e-07
7.967979973599881305e-07
7.779189274970121915e-07
7.545453277746361209e-07
7.256446649117620495e-07
6.913512321515824510e-07
6.520229164364010899e-07
6.085131619704142736e-07
5.631265204142366088e-07
5.145051533705924385e-07
4.630327239407705520e-07
4.117659739844015121e-07
3.606208534012722566e-07
3.103794435910245397e-07
2.612942999746792339e-07
2.141467594363177795e-07
1.702778075207689312e-07
1.299931503551121637e-07
9.468918904520506885e-08
6.431505905624135266e-08
3.899616052294163637e-08
1.982941466582843759e-08
7.118139189188354976e-09
7.546424596327483414e-10
1.051806863827664529e-09
7.591798856232401249e-09
2.022279743663091267e-08
3.948491367200546165e-08
6.482916992123222144e-08
9.500936370976376111e-08
1.304516650257880883e-07
1.702886418541993407e-07
2.141561757929011378e-07
2.610806912883845143e-07
3.099607395196102289e-07
3.615362121900389525e-07
4.130372711630414528e-07
4.642418968137107527e-07
5.150023275612980456e-07
5.641821778645805807e-07
6.096742279915190466e-07
6.519905879631693324e-07
6.924299891242213789e-07
7.267666459753741037e-07
7.552935907817470707e-07
7.781861746103402311e-07
7.963581060144164780e-07
8.088468996803044320e-07
8.128301957066597083e-07
8.112820454320157637e-07
8.034649064958543363e-07
7.877468627404127233e-07
7.676535831446784641e-07
7.415053716597341804e-07
7.100314221020198602e-07
6.728980666004247269e-07
6.311271727454936808e-07
5.871967927451038349e-07
5.395433033683616486e-07
4.898323096025336554e-07
4.386223909635944551e-07
3.872621554545929712e-07
3.355007561767209268e-07
2.850750902005927401e-07
2.374658029102860723e-07
1.916497894827173809e-07
1.496294695924049734e-07
1.119249697367763474e-07
7.913116739644010522e-08
5.125904711800188807e-08
2.879722893478486867e-08
1.286758966045908892e-08
3.466755882364225272e-09
0.000000000000000000e+00
