0.000000000000000000e+00
2.283725430984873128e-10
9.499305786420109143e-10
2.137908516886000143e-09
3.813438231858867766e-09
5.909037037454822894e-09
8.384114069670545177e-09
1.122183468371673598e-08
1.439799846014722107e-08
1.781127756395051165e-08
2.144925981273360094e-08
2.515853136930701339e-08
2.898052542388285246e-08
3.282641813928677266e-08
3.672999693282719136e-08
4.046633372833952080e-08
4.398931963134344869e-08
4.731522529333176408e-08
5.045067830167226930e-08
5.320524465446396789e-08
5.562749338938743904e-08
5.756119958455485630e-08
5.916474854483766421e-08
6.027464927171877207e-08
6.084158687968965751e-08
6.097288041129189651e-08
6.061712432003929507e-08
5.980998329935260927e-08
5.839287031683682017e-08
5.663837876479504985e-08
5.446901207850629589e-08
5.189485308143559905e-08
4.894275784650403693e-08
4.567678979494615987e-08
4.226993599587558492e-08
3.862027442291804391e-08
3.475659948737330751e-08
3.090836364627591593e-08
2.706925239515101111e-08
2.329797788025445016e-08
1.961349438417414603e-08
1.607444555240533646e-08
1.278150163486202473e-08
9.757599950255269050e-09
7.107569643949318561e-09
4.827584776379012510e-09
2.927064479685270726e-09
1.488340117816733255e-09
5.341879161235851825e-10
5.652300849590119469e-11
7.882605679299103940e-11
5.697379235058974700e-10
1.517859171684676767e-09
2.963733147787195321e-09
4.866154368343700298e-09
7.131576662544603096e-09
9.791987887197706186e-09
1.278227512724328108e-08
1.607511013190787708e-08
1.959741136037251863e-08
2.326650050399337033e-08
2.713791069641757758e-08
3.100373846542936462e-08
3.484731003755570100e-08
3.865753861465037744e-08
4.234912143186164712e-08
4.576388690225030587e-08
4.894027449964255538e-08
5.197576857796093464e-08
5.455317664271319700e-08
5.669448988054881511e-08
5.841287076258083744e-08
5.977690831215909384e-08
6.071435243448775054e-08
6.101335570107835338e-08
6.089714976731386287e-08
6.031037447229437021e-08
5.913054357264968530e-08
5.762229371431004665e-08
5.565954430686304022e-08
5.329702446044137787e-08
5.050970020015199680e-08
4.737426406720146588e-08
4.407672882233981682e-08
4.049972834874182581e-08
3.676827864396159384e-08
3.292431727253131157e-08
2.906907181632334414e-08
2.518370989523788239e-08
2.139860766359191757e-08
1.782491065860369872e-08
1.438581831436636094e-08
1.123165027649974945e-08
8.401430551252531131e-09
5.939825409306820347e-09
3.847655194455512628e-09
2.161603784855969934e-09
9.658754906993749501e-10
2.602205118051870159e-10
0.000000000000000000e+00
