0.000000000000000000e+00
4.027553401897421281e-09
7.745654007074165293e-09
1.110530201131609829e-08
1.425715967506846482e-08
1.702571039707834188e-08
1.955045281221146070e-08
2.183570113611921215e-08
2.403593712951845873e-08
2.595135673022497258e-08
2.766137707777005517e-08
2.927797004836918404e-08
3.066776266269499729e-08
3.198109710389474003e-08
3.317638985755877457e-08
3.431331419001537597e-08
3.527307002038071460e-08
3.620076438615171810e-08
3.701706763337142547e-08
3.768309309037931598e-08
3.835416728659168939e-08
3.898762468423910832e-08
3.953296856540333692e-08
4.006642839726737293e-08
4.050208712857994442e-08
4.088798299939355729e-08
4.122681074303358173e-08
4.152089361220134833e-08
4.177223278389874395e-08
4.198249348164040384e-08
4.215307591870498527e-08
4.225897254350741150e-08
4.237941231277631005e-08
4.239401263372855055e-08
4.241452455922001263e-08
4.241496553980539375e-08
4.238822981506018550e-08
4.229839478675501141e-08
4.214476923003473985e-08
4.197880465461878430e-08
4.179960988448527814e-08
4.155328514610090451e-08
4.122085861535396134e-08
4.090442728976739772e-08
4.055097713173694274e-08
4.012144494414116025e-08
3.956738425792138969e-08
3.910152091002316865e-08
3.850369989510937785e-08
3.784148938645870430e-08
3.710982754423497454e-08
3.630296485646056226e-08
3.541444948407246329e-08
3.435863649148274135e-08
3.328276432235099946e-08
3.215139521284271495e-08
3.088402056317107736e-08
2.940516030669471093e-08
2.783709673881418212e-08
2.608090388100947621e-08
2.421821665432588588e-08
2.209963911870005404e-08
1.984070763239031976e-08
1.738094246306332025e-08
1.454284381807724458e-08
1.152070416843287148e-08
8.169363741039603610e-09
4.533195596678751826e-09
5.077300802014406145e-10
3.888132260598808898e-09
8.754035274449734061e-09
1.384409342719550295e-08
1.949766925690710195e-08
2.542500121549551295e-08
3.156284289485000727e-08
3.803222092813030031e-08
4.461940816824494505e-08
5.116807078042739931e-08
5.760548749123017842e-08
6.345667302731783366e-08
6.845388356158110810e-08
7.274158386749718375e-08
7.569116899919237085e-08
7.711972205282080495e-08
7.720953898449067765e-08
7.588936501434773163e-08
7.302654403407160544e-08
6.900853422031616446e-08
6.398626140047269928e-08
5.821269699612940940e-08
5.194260543905926397e-08
4.547217258288327457e-08
3.887789934431395977e-08
3.248840763081517480e-08
2.611381311190541510e-08
2.024175616011092416e-08
1.449145226040116086e-08
9.270173628728173298e-09
4.567013545120346407e-09
9.992007221626408864e-16
