0.000000000000000000e+00
9.619599440013892888e-06
1.120997409909119114e-05
1.171671162603082905e-05
1.193592937054344105e-05
1.205103624213332836e-05
1.211820181168388189e-05
1.216097889922274078e-05
1.218993316731697973e-05
1.221034654952379839e-05
1.222557940683266509e-05
1.223703660846453545e-05
1.224584823267260703e-05
1.225291691542285122e-05
1.225865562037853351e-05
1.226329943915249743e-05
1.226721011882148105e-05
1.227051176666549281e-05
1.227327314545778592e-05
1.227563512751217445e-05
1.227760596511640045e-05
1.227943802706299437e-05
1.228094126348722170e-05
1.228223476923417934e-05
1.228346906301247543e-05
1.228458705115897942e-05
1.228552716969755210e-05
1.228632803795814965e-05
1.228707762457315056e-05
1.228778590345314115e-05
1.228835174582609824e-05
1.228887363324826509e-05
1.228936058061957937e-05
1.228979843048705334e-05
1.229021091286863765e-05
1.229054525231365602e-05
1.229086182819028039e-05
1.229116324863444021e-05
1.229141490777241330e-05
1.229167288741006558e-05
1.229181528195066875e-05
1.229203911412568573e-05
1.229215067855005117e-05
1.229227450871839267e-05
1.229232360466792073e-05
1.229243952483027869e-05
1.229255294521447439e-05
1.229254077739216910e-05
1.229252694157079162e-05
1.229258115564846321e-05
1.229259792945303076e-05
1.229250746781485049e-05
1.229241501410349713e-05
1.229242483324899382e-05
1.229229111299190436e-05
1.229220556953070087e-05
1.229206249886427571e-05
1.229189568918709341e-05
1.229170380334654311e-05
1.229148523018697148e-05
1.229123811807841804e-05
1.229096028110276961e-05
1.229064917707134441e-05
1.229021146453845859e-05
1.228985992807185568e-05
1.228948432641097099e-05
1.228894970795035846e-05
1.228847282153111564e-05
1.228788006224501572e-05
1.228721964829926350e-05
1.228642483985797895e-05
1.228556240573386305e-05
1.228463729563422646e-05
1.228365710603807059e-05
1.228248406204279775e-05
1.228115486284764302e-05
1.227961832539481435e-05
1.227791019642321402e-05
1.227589189967126515e-05
1.227360688649259401e-05
1.227095311828740876e-05
1.226773284279669696e-05
1.226395513009848059e-05
1.225938065196885418e-05
1.225388089420853532e-05
1.224709812530644371e-05
1.223845129350031868e-05
1.222749063167771766e-05
1.221301689635634347e-05
1.219336817515070948e-05
1.216576563423110713e-05
1.212569325670376230e-05
1.206329732683641964e-05
1.195822013733138789e-05
1.176018628001873623e-05
1.132058155384196851e-05
1.001356042096279708e-05
3.128952625996994641e-06
6.891941375941623704e-05
7.692765313649374548e-09
