0.000000000000000000e+00
1.096550651091821038e-05
1.277945855504558637e-05
1.335754897102692240e-05
1.360763131308395657e-05
1.373895298129035325e-05
1.381557877544459245e-05
1.386438133788026050e-05
1.389741419521861587e-05
1.392070279027102231e-05
1.393808184879663514e-05
1.395115304470007089e-05
1.396120578389670186e-05
1.396927029029271239e-05
1.397581755901988743e-05
1.398111548778224744e-05
1.398557719212156769e-05
1.398934401419804630e-05
1.399249441103034286e-05
1.399518914557695837e-05
1.399743752994453416e-05
1.399952779068680542e-05
1.400124276051961658e-05
1.400271840923394961e-05
1.400412662344585613e-05
1.400540220553025961e-05
1.400647476823557724e-05
1.400738842771698245e-05
1.400824361719177347e-05
1.400905171367039515e-05
1.400969723930334254e-05
1.401029260250652442e-05
1.401084815255693172e-05
1.401134769163370208e-05
1.401181832150211193e-05
1.401219972452238949e-05
1.401256089716973463e-05
1.401290482339057064e-05
1.401319193727879053e-05
1.401348629270771085e-05
1.401364867748000620e-05
1.401390411981395800e-05
1.401403136647161318e-05
1.401417263857673845e-05
1.401422858693379681e-05
1.401436086956309168e-05
1.401449033855417525e-05
1.401447638305075571e-05
1.401446056659150230e-05
1.401452249449874898e-05
1.401454165350646264e-05
1.401443838067173431e-05
1.401433287262499050e-05
1.401434417480640349e-05
1.401419158797434505e-05
1.401409401835529422e-05
1.401393079614177140e-05
1.401374048848325060e-05
1.401352156205071253e-05
1.401327220185155653e-05
1.401299027525837460e-05
1.401267329770305992e-05
1.401231836650751461e-05
1.401181887983327101e-05
1.401141784784787347e-05
1.401098940789768932e-05
1.401037939507965291e-05
1.400983539956435209e-05
1.400915913885025788e-05
1.400840567988836938e-05
1.400749881752538784e-05
1.400651484240178490e-05
1.400545940710706816e-05
1.400434121245908159e-05
1.400300290899103572e-05
1.400148645913645851e-05
1.399973339621940482e-05
1.399778467592316389e-05
1.399548198155464718e-05
1.399287512759972429e-05
1.398984754330534486e-05
1.398617355408138252e-05
1.398186364698350559e-05
1.397664463020920067e-05
1.397037019024160998e-05
1.396263196340452595e-05
1.395276694649005833e-05
1.394026230905343056e-05
1.392374966679987836e-05
1.390133294620898852e-05
1.386984156592774298e-05
1.382412517592079837e-05
1.375294098360235751e-05
1.363306491830584832e-05
1.340713909181445729e-05
1.290565435274615425e-05
1.141471788890235928e-05
3.564424129631760252e-06
7.792374471804475178e-05
9.796933708727806334e-09
