0.000000000000000000e+00
9.931966193921226704e-08
1.536156885029171804e-07
1.967778255895780148e-07
2.305692814452697803e-07
2.566819905513995081e-07
2.769951992220853754e-07
2.927345956749149991e-07
3.050008872129694737e-07
3.146797240560772480e-07
3.223228572934999647e-07
3.283959881805742498e-07
3.332385203336230006e-07
3.371747259173218936e-07
3.403466716234149203e-07
3.429202134475062280e-07
3.450410965832872989e-07
3.467311531224481769e-07
3.481575009400827980e-07
3.492926210491020811e-07
3.503046805963805355e-07
3.510841659615238086e-07
3.517844788802904077e-07
3.523260669879846319e-07
3.528040821709765851e-07
3.531844876558665192e-07
3.535353652051043127e-07
3.537879047499359331e-07
3.540410234981195003e-07
3.542490678576371010e-07
3.544127202825819722e-07
3.545307971641875611e-07
3.546095349582500944e-07
3.546945170906923295e-07
3.547946472171048526e-07
3.548937035358079584e-07
3.549311200501392705e-07
3.549773843758430303e-07
3.549943277114664397e-07
3.550188240053486766e-07
3.550438332222682902e-07
3.550591325396368347e-07
3.550789863249192990e-07
3.550915781413976902e-07
3.550872708091290519e-07
3.550420495379569275e-07
3.550172731348055777e-07
3.549918781153849068e-07
3.549777025657618879e-07
3.549143582359803872e-07
3.548688749521744512e-07
3.547750511145864039e-07
3.547004032711242871e-07
3.546318441127738197e-07
3.545204851906902377e-07
3.544115534381830912e-07
3.542408082424230997e-07
3.540240749444478752e-07
3.537530868236160586e-07
3.534839371210907188e-07
3.531820691460296757e-07
3.527593385177496543e-07
3.523067102495502922e-07
3.517004738551321452e-07
3.510389672278790840e-07
3.502253185239112554e-07
3.491947514477899972e-07
3.480296703051166674e-07
3.466087920012128620e-07
3.448689674945271122e-07
3.426984579446568091e-07
3.400560879551761673e-07
3.368465963937694596e-07
3.328609928798798023e-07
3.279008801149174701e-07
3.216576621722921914e-07
3.138685272796593040e-07
3.039641127688952338e-07
2.914250025742859407e-07
2.753057168902728336e-07
2.545373785078908213e-07
2.277194524058501202e-07
1.930523586546328829e-07
1.489761024542346490e-07
9.355044450209959450e-08
1.113629311544350742e-07
4.241290396667096729e-08
9.716662063841141617e-08
9.056144756325323897e-08
4.963855260164962147e-08
3.788552160877145525e-07
7.936361258176205524e-07
9.812914874007816479e-07
7.573642862856999614e-07
3.400707943024272595e-07
2.816360811230822492e-08
9.586098670411047351e-08
9.369605380449286258e-08
3.604341047847015034e-08
3.675818345452025460e-10
