0.000000000000000000e+00
1.133137362829828021e-07
1.752600222726385937e-07
2.245035715109366947e-07
2.630560599348186201e-07
2.928478569641512763e-07
3.160230299670274690e-07
3.339799530266418515e-07
3.479744340451063067e-07
3.590169107559049166e-07
3.677368615173648436e-07
3.746656391800939900e-07
3.801904183697857320e-07
3.846811879038014581e-07
3.883000215809673250e-07
3.912361475899572838e-07
3.936558269357348649e-07
3.955840010005928775e-07
3.972112954109263683e-07
3.985063435907321150e-07
3.996609831968811477e-07
4.005502988180253965e-07
4.013492707066745879e-07
4.019671667743196508e-07
4.025125258655393168e-07
4.029465331401027584e-07
4.033468338215939752e-07
4.036349539049410851e-07
4.039237339048540321e-07
4.041610939253814649e-07
4.043477995763211652e-07
4.044825151483522063e-07
4.045723485113228435e-07
4.046693156123382096e-07
4.047835413523159787e-07
4.048965485115019192e-07
4.049392366978210589e-07
4.049920209192592324e-07
4.050113575626568263e-07
4.050393065391233449e-07
4.050678305000943169e-07
4.050852976389407445e-07
4.051079391942380425e-07
4.051223073675558339e-07
4.051173886354675346e-07
4.050657984588923455e-07
4.050375329578415062e-07
4.050085654627721965e-07
4.049923836291213775e-07
4.049201210998276679e-07
4.048682247237422871e-07
4.047611884550050831e-07
4.046760134768234707e-07
4.045977882727314068e-07
4.044707458961127600e-07
4.043464642000671461e-07
4.041516717956383786e-07
4.039043979275902529e-07
4.035952347880567004e-07
4.032881609772331899e-07
4.029437560282289610e-07
4.024614860265174343e-07
4.019450698944382339e-07
4.012534310371407287e-07
4.004987227412826201e-07
3.995704365156171889e-07
3.983946861296772113e-07
3.970654557372554905e-07
3.954443915654692887e-07
3.934594445809125318e-07
3.909831428616783455e-07
3.879684944418926307e-07
3.843068191455856208e-07
3.797596945798176193e-07
3.741007515989380749e-07
3.669779331527678323e-07
3.580914043066485419e-07
3.467915662414000622e-07
3.324858094400084951e-07
3.140954589753164328e-07
2.904010283355518141e-07
2.598046231483408519e-07
2.202530898776089430e-07
1.699665960197549452e-07
1.067314109315375958e-07
1.183862156362014417e-07
4.838961842335010033e-08
1.108577555308798424e-07
1.033193924859787671e-07
5.663996571758644905e-08
4.322408470036620542e-07
9.054364709104589792e-07
1.119516936487485737e-06
8.640631247169849871e-07
3.879946820495305815e-07
3.214046018218397194e-08
1.093647474803560726e-07
1.068974616602602623e-07
4.112214824214532882e-08
3.780229776125312857e-10
