0.000000000000000000e+00
1.294944895768868065e-05
1.509884115769022372e-05
1.577951046649594957e-05
1.607567219275018999e-05
1.622953801194704226e-05
1.632040306953630449e-05
1.637802568388302404e-05
1.641696181253760045e-05
1.644450884519255141e-05
1.646504985008956368e-05
1.648033565149198409e-05
1.649242955581442516e-05
1.650181873669165356e-05
1.650962993693383396e-05
1.651596980123404279e-05
1.652115289696443057e-05
1.652543613284152002e-05
1.652930300677368791e-05
1.653248519406513850e-05
1.653518908384388197e-05
1.653760869091414065e-05
1.653955764779890814e-05
1.654142190321561401e-05
1.654312078303021849e-05
1.654454582800113371e-05
1.654577591814199167e-05
1.654690547858717053e-05
1.654786767701921235e-05
1.654885559343455270e-05
1.654966713893202268e-05
1.655039625825249772e-05
1.655105177633675595e-05
1.655164120262231364e-05
1.655217096352412653e-05
1.655256755439538097e-05
1.655307272541151065e-05
1.655345352180592755e-05
1.655371454789555941e-05
1.655409249756711887e-05
1.655435625980139491e-05
1.655458592320080413e-05
1.655474900330577981e-05
1.655491581264989520e-05
1.655508752496093194e-05
1.655512006670800673e-05
1.655524397659036140e-05
1.655533291733402024e-05
1.655536114220090838e-05
1.655536310252170296e-05
1.655533880728921048e-05
1.655528807320560958e-05
1.655521053023356615e-05
1.655502896469318586e-05
1.655489572638391138e-05
1.655477583761832960e-05
1.655461742267050340e-05
1.655431536162765838e-05
1.655405658307351757e-05
1.655383967491541597e-05
1.655350673501754244e-05
1.655313240489508786e-05
1.655271326295171264e-05
1.655216593443586959e-05
1.655172398906668008e-05
1.655114386001077520e-05
1.655038219883220307e-05
1.654974551201782162e-05
1.654898245417868452e-05
1.654809268070156492e-05
1.654697918229697251e-05
1.654598939770934862e-05
1.654470778322814084e-05
1.654330756994948359e-05
1.654163788455953465e-05
1.653997484518665573e-05
1.653784386068668510e-05
1.653547070601391056e-05
1.653292078807044874e-05
1.652966838516789494e-05
1.652607272895068036e-05
1.652189931722336524e-05
1.651681192915699370e-05
1.651069472130561877e-05
1.650324525848123614e-05
1.649385452406892938e-05
1.648241520413318284e-05
1.646762457852002370e-05
1.644812626189207094e-05
1.642148574798607541e-05
1.638480553622922997e-05
1.633033857262322641e-05
1.624606939043538034e-05
1.610425566234141570e-05
1.583797819060261958e-05
1.524701284882912233e-05
1.348825637115247389e-05
4.225064605622996794e-06
9.397586704829041793e-05
2.220446049250313081e-16
