0.000000000000000000e+00
2.020691599158297436e-06
2.490736930926829018e-06
2.699822688634334611e-06
2.809571664874610519e-06
2.874763809002089943e-06
2.916257354379503397e-06
2.944348480360403641e-06
2.964328401855453876e-06
2.979017122095584114e-06
2.990109532197138265e-06
2.998731350012384667e-06
3.005608490980193892e-06
3.011290789722842476e-06
3.015820877472208394e-06
3.019638394663459735e-06
3.022831786103630236e-06
3.025511865262231481e-06
3.027857340187622981e-06
3.029825911493588819e-06
3.031589799862288714e-06
3.033074001290714250e-06
3.034427843662257374e-06
3.035603584722323944e-06
3.036638698050708740e-06
3.037573432229656589e-06
3.038402636379444743e-06
3.039139560234715987e-06
3.039807781490821981e-06
3.040395926356964651e-06
3.040927960218375858e-06
3.041405244541550701e-06
3.041862732588995755e-06
3.042242896045266320e-06
3.042595777769108167e-06
3.042916074669221871e-06
3.043221937559792423e-06
3.043482817211007330e-06
3.043685868675538586e-06
3.043905143829128690e-06
3.044091571258178419e-06
3.044236765781249687e-06
3.044400227691923533e-06
3.044490021530954493e-06
3.044606302848862356e-06
3.044661500140044552e-06
3.044716870181929380e-06
3.044771459737027897e-06
3.044788063344405771e-06
3.044784942063394340e-06
3.044754764869317398e-06
3.044729421697311977e-06
3.044657848061405048e-06
3.044594861223437476e-06
3.044496323600931476e-06
3.044376572947093962e-06
3.044270850960373309e-06
3.044117791284328689e-06
3.043903018529192650e-06
3.043739430386160905e-06
3.043479345876676234e-06
3.043224948040545996e-06
3.042949423326390956e-06
3.042645270179278327e-06
3.042301704780925320e-06
3.041918081203576207e-06
3.041492247835009266e-06
3.041017599514361791e-06
3.040494848005614870e-06
3.039903884727301886e-06
3.039251322833891322e-06
3.038521355747114683e-06
3.037702728692082133e-06
3.036816308421563804e-06
3.035745824830904382e-06
3.034632882092935802e-06
3.033264775020860782e-06
3.031769451267152249e-06
3.030055268471443242e-06
3.028165283747163983e-06
3.025803378520208753e-06
3.023161872617308177e-06
3.020131156716843179e-06
3.016432264746349290e-06
3.011965333477029105e-06
3.006581409281672279e-06
2.999943753190237317e-06
2.991597073953577990e-06
2.980885406622668654e-06
2.966804819592994136e-06
2.947737332226196827e-06
2.920946449824768365e-06
2.882131502901508213e-06
2.821431790200890077e-06
2.719653786842357590e-06
2.529599676392990659e-06
2.123413266552631740e-06
7.768279567388347573e-07
7.226733387066808234e-05
0.000000000000000000e+00
