0.000000000000000000e+00
4.734568292974472570e-10
8.967958597949632349e-10
1.283624095904656315e-09
1.646548786204959924e-09
1.962195184113113555e-09
2.256015596557858771e-09
2.525975206779662585e-09
2.772488905122827418e-09
2.986575320385043142e-09
3.189924213664596664e-09
3.366310563635011022e-09
3.542093396369239144e-09
3.687302352339827394e-09
3.827278716173054818e-09
3.950170412991838020e-09
4.069678150031563746e-09
4.173164369625226300e-09
4.263902786405537881e-09
4.343831072617376776e-09
4.424290045434986496e-09
4.499273509317447406e-09
4.556833022029138647e-09
4.618262883226975646e-09
4.668425201970194394e-09
4.707797263137081245e-09
4.751871562902465485e-09
4.780730922249176729e-09
4.814667331487498814e-09
4.833923705760412304e-09
4.858522806294729435e-09
4.868796255053098321e-09
4.884582294195638497e-09
4.883254023368976959e-09
4.888619176135478028e-09
4.888672022751450186e-09
4.885599369508497603e-09
4.875251424785176368e-09
4.855641444478919766e-09
4.841476330952332319e-09
4.817824361680322909e-09
4.789458385445755084e-09
4.756200544520083895e-09
4.717817359001230670e-09
4.668964104226347445e-09
4.616356186204484402e-09
4.560794186758698743e-09
4.504006168026819523e-09
4.435142031411487551e-09
4.353522209399329768e-09
4.269176234750204912e-09
4.184932067552438184e-09
4.079301674231317065e-09
3.970083817250724678e-09
3.840592732728964620e-09
3.710386220490136111e-09
3.560988171003032221e-09
3.396834480362542763e-09
3.206481302697739011e-09
3.011685456577595232e-09
2.800082277154558597e-09
2.560273548724012471e-09
2.296459133965811361e-09
1.998960552640483002e-09
1.679427263923116698e-09
1.331461607634309985e-09
9.501631703656698846e-10
5.269167324684076448e-10
6.341738245652095429e-11
4.519964402760479061e-10
9.933032174558320548e-10
1.589078091335238696e-09
2.235187368526680984e-09
2.922548203443398052e-09
3.629247014025338558e-09
4.386630614305886411e-09
5.132604785629268918e-09
5.907682787409385128e-09
6.627890125621149764e-09
7.294612247576992559e-09
7.885081920733227889e-09
8.370701021220838811e-09
8.702734533017064678e-09
8.899476156010166505e-09
8.885100100108900278e-09
8.733114342796000074e-09
8.419264618808597334e-09
7.940820445639928948e-09
7.362543130717824624e-09
6.719809930721964975e-09
5.983170403567328322e-09
5.223753429817179494e-09
4.464778324830831480e-09
3.717463892272121484e-09
2.995683812123672851e-09
2.309072932860090077e-09
1.663616022717917531e-09
1.072199440343979404e-09
5.064445529612271457e-10
6.661338147750939243e-16
