0.000000000000000000e+00
1.018625215287727315e-07
1.188900754511834634e-07
1.365147486165341206e-07
1.540114207276843672e-07
1.711299252304954166e-07
1.876756393626166641e-07
2.032496873027866968e-07
2.178406279806921475e-07
2.313718352464633199e-07
2.437846056135839490e-07
2.552955505885634579e-07
2.658156075252549044e-07
2.754263868087747369e-07
2.841545339027362616e-07
2.920957280494462793e-07
2.992437924120849857e-07
3.057714383913889833e-07
3.115630848871120406e-07
3.167198476816679431e-07
3.214340466017873155e-07
3.256116819505550097e-07
3.293916009949882095e-07
3.327392530394490677e-07
3.356556377287489568e-07
3.381607417418663886e-07
3.405079926910303811e-07
3.424566572540754805e-07
3.439979306962825945e-07
3.453090489102805805e-07
3.464899713812030768e-07
3.473724562441660169e-07
3.479889700841454214e-07
3.483626267453132641e-07
3.484592254743290596e-07
3.484052472080279017e-07
3.479864232325269313e-07
3.474726465446664747e-07
3.466499758353336347e-07
3.455073389613261270e-07
3.442123855945666833e-07
3.426620054369777790e-07
3.407500468455282316e-07
3.385007849576737726e-07
3.360150274689388539e-07
3.330922926370050163e-07
3.297817022795968001e-07
3.261280024924317900e-07
3.219966886458536237e-07
3.173555782609582820e-07
3.122595746418710405e-07
3.064633105065439622e-07
3.001021895432387510e-07
2.929850149158141903e-07
2.852277679599168891e-07
2.766119336916617044e-07
2.670637131441111478e-07
2.566465042708188093e-07
2.453140185432189924e-07
2.329741172202304256e-07
2.195725196108000432e-07
2.050521656915549329e-07
1.896901897779912360e-07
1.733340719844989053e-07
1.561738710575966138e-07
1.386958082827405292e-07
1.211096146702672627e-07
1.038736804348516785e-07
2.000628507026203096e-07
7.260467460579178578e-08
6.404345498367547407e-08
5.855399620724455190e-08
5.960711191299594702e-08
6.908662641968987828e-08
8.872554124739195913e-08
1.193881657979289912e-07
1.623060963407141344e-07
2.167474786318734914e-07
2.807003506299921014e-07
3.497062299739894797e-07
4.184708339849407821e-07
4.797091819330745466e-07
5.261030618930462310e-07
5.520862952357319386e-07
5.535824224578433927e-07
5.304079762069591197e-07
4.863432128132672005e-07
4.262909619745514078e-07
3.579619898275154810e-07
2.887885731661654631e-07
2.238079130911785342e-07
1.681235384243251474e-07
1.238771968337104568e-07
9.154074964712322071e-08
7.079529740217083145e-08
6.009023667541413261e-08
5.819670545470501111e-08
6.298079302524683953e-08
7.277240088310321653e-08
0.000000000000000000e+00
