0.000000000000000000e+00
2.886723040607108715e-07
3.369625557470001809e-07
3.869465937667015965e-07
4.365678348827728428e-07
4.851167170194514711e-07
5.320412431730758840e-07
5.762101152884113731e-07
6.175908564554077884e-07
6.559661590577192669e-07
6.911695020761499109e-07
7.238152216482163226e-07
7.536507310446083352e-07
7.809074634712587226e-07
8.056609904771860897e-07
8.281826883171916620e-07
8.484550083620590044e-07
8.669677862283009517e-07
8.833932286789192290e-07
8.980180817852456698e-07
9.113878135513786560e-07
9.232358205712998256e-07
9.339558840748551916e-07
9.434499991245459682e-07
9.517210343146231821e-07
9.588256270065542708e-07
9.654825696703284166e-07
9.710090863590536969e-07
9.753802164835789767e-07
9.790986050806083085e-07
9.824477679165610766e-07
9.849505429038174498e-07
9.866990196005787084e-07
9.877587313633640065e-07
9.880326862221622264e-07
9.878796248807830693e-07
9.866918030398963424e-07
9.852347214733825354e-07
9.829015942264263117e-07
9.796610082046797174e-07
9.759884722626566145e-07
9.715915144647979673e-07
9.661691068307831642e-07
9.597900915148116496e-07
9.527403640463560919e-07
9.444513388023878520e-07
9.350623340065311595e-07
9.247002605849985457e-07
9.129836512355993250e-07
8.998212160937768544e-07
8.853686974674701560e-07
8.689301796982462633e-07
8.508897034742446408e-07
8.307050114453318201e-07
8.087050462624034708e-07
7.842700782134670590e-07
7.571907938430655349e-07
7.276470277428614963e-07
6.955074837167174451e-07
6.605108658908065422e-07
6.225032208595493444e-07
5.813227346163074571e-07
5.377554195273859250e-07
4.913687341456807189e-07
4.427016969676955682e-07
3.931333871776132582e-07
3.432586367368983815e-07
2.943775686548022463e-07
6.237884942750238082e-07
2.017353161187784849e-07
1.814234863450892021e-07
1.658591602948789046e-07
1.688511964692551715e-07
1.957424027310139536e-07
2.514476481474403613e-07
3.384178107745938746e-07
4.601453217345508051e-07
6.145537717605620287e-07
7.959360862619391241e-07
9.916468201032202501e-07
1.186670668840150711e-06
1.360347148149365637e-06
1.491922248630928038e-06
1.565611119080934088e-06
1.569853518512687174e-06
1.504129242158036561e-06
1.379158635295141266e-06
1.208845379019329869e-06
1.015056731668018131e-06
8.188708744416572927e-07
6.345738223778596421e-07
4.766404437805960015e-07
3.511457242755255947e-07
2.594286996338013296e-07
2.005855245235110829e-07
1.702188299201878863e-07
1.648435471457432300e-07
1.784076236743814547e-07
2.061743596959431102e-07
0.000000000000000000e+00
