0.000000000000000000e+00
3.165128653115356627e-05
3.897171883160410744e-05
4.226399474738240514e-05
4.398095782653932417e-05
4.499714036598767564e-05
4.564945744833792673e-05
4.608838018616001619e-05
4.640255529797521206e-05
4.663127790627275004e-05
4.680487828934154493e-05
4.694108863723123193e-05
4.704742964567465435e-05
4.713461468597301973e-05
4.720733951302236164e-05
4.726637037322234391e-05
4.731638347321709404e-05
4.735876684158757399e-05
4.739431795852677709e-05
4.742627542553279341e-05
4.745343525947021135e-05
4.747708023500329944e-05
4.749739902476513009e-05
4.751625884535926048e-05
4.753264048240612993e-05
4.754698278386371157e-05
4.755997734107175745e-05
4.757158322177268417e-05
4.758184168929258107e-05
4.759129372111647882e-05
4.759965294143242431e-05
4.760689538174656121e-05
4.761371714845363812e-05
4.761989511781195006e-05
4.762547956571605567e-05
4.763073079094848339e-05
4.763507327409932657e-05
4.763911280258881220e-05
4.764277822144613594e-05
4.764599738682484542e-05
4.764878693030993873e-05
4.765130512041082511e-05
4.765341437118486567e-05
4.765517995164447740e-05
4.765663412109599761e-05
4.765780847748590787e-05
4.765885388136048562e-05
4.765932661976446383e-05
4.765972882858626747e-05
4.765956201591148300e-05
4.765952678276175192e-05
4.765875736789659811e-05
4.765793119565486791e-05
4.765676776197214082e-05
4.765537873996361640e-05
4.765357028291283825e-05
4.765142503082575587e-05
4.764877647311926978e-05
4.764659035738638693e-05
4.764290212189159490e-05
4.763987660982849093e-05
4.763588124978568317e-05
4.763128749329936795e-05
4.762633420940520779e-05
4.762084268117305896e-05
4.761479792780853870e-05
4.760822957017296631e-05
4.760063101483247294e-05
4.759257783581993806e-05
4.758326201970142222e-05
4.757321814063963927e-05
4.756183935161750753e-05
4.754923559135981748e-05
4.753463338946772865e-05
4.751899529586989246e-05
4.750093892602613721e-05
4.747966294704752954e-05
4.745714734066819318e-05
4.742948233171784267e-05
4.739989695845547857e-05
4.736324266341185307e-05
4.732161808906898415e-05
4.727308464502755214e-05
4.721570444632394725e-05
4.714719650844578780e-05
4.706236743878822182e-05
4.695852754954543684e-05
4.682775236630742910e-05
4.666043664747210329e-05
4.643991527641944117e-05
4.614154151427740658e-05
4.572343250541788251e-05
4.511589476252630959e-05
4.416608419610668079e-05
4.257562092035982459e-05
3.962100292564940673e-05
3.322971011487929616e-05
1.174576141238503624e-05
1.186563787275773940e-03
4.440892098500626162e-16
