0.000000000000000000e+00
4.319261392993212212e-09
1.566785579054652544e-08
3.410867976949560898e-08
6.034428345902398405e-08
9.323885208356585963e-08
1.324889556952868475e-07
1.774605803417372840e-07
2.271008034959720590e-07
2.808972144885402145e-07
3.377993379460875190e-07
3.966447097436542890e-07
4.572947663872284352e-07
5.181706309587141845e-07
5.798389279831894783e-07
6.388191681194754779e-07
6.938516220467150220e-07
7.460889633881251370e-07
7.952227230045849637e-07
8.390183122708450014e-07
8.778658873165312571e-07
9.082173330066112271e-07
9.322260955402228433e-07
9.500647787374916220e-07
9.590024285799358950e-07
9.613322509149924144e-07
9.557250658653870801e-07
9.427246230320207587e-07
9.200232239381378463e-07
8.923010567096767431e-07
8.585669740712731368e-07
8.189228438704176938e-07
7.713669315512206026e-07
7.206843032347975964e-07
6.662744765906225552e-07
6.081393936208101536e-07
5.479947869924117754e-07
4.878653540041355541e-07
4.272657426751536036e-07
3.672250501463025785e-07
3.093033833501124263e-07
2.534839699253055301e-07
2.011816381264353026e-07
1.537557139386080962e-07
1.124066132396350781e-07
7.652172406835688889e-08
4.635119676965615554e-08
2.334049897800838380e-08
8.393838735187841849e-09
1.021665974043628466e-09
1.564391616248883565e-09
9.583602134100033254e-09
2.467933268857080975e-08
4.709407619429839542e-08
7.686693703767843999e-08
1.125460488138330106e-07
1.548671874074258881e-07
2.021608983548972560e-07
2.535137810788512525e-07
3.087986445438062333e-07
3.669423779273373043e-07
4.276303845474060950e-07
4.883078994488698754e-07
5.490512590133889148e-07
6.099016688354552684e-07
6.678372864721282554e-07
7.207630711159040970e-07
7.713351451998917696e-07
8.181653790018117434e-07
8.601761423143727825e-07
8.942464305716768536e-07
9.209530060783066574e-07
9.421720553737245041e-07
9.569770802464461212e-07
9.615658133066418145e-07
9.593907817073699107e-07
9.503259984500189717e-07
9.322879117590332498e-07
9.072156709200029923e-07
8.758073765102736274e-07
8.394335936356966954e-07
7.962376443737539944e-07
7.463354093628637997e-07
6.939806219685706878e-07
6.372916726560262646e-07
5.788504077175460338e-07
5.181635448492372120e-07
4.574190662909316529e-07
3.967050113962145019e-07
3.377331372345082627e-07
2.808787555874658892e-07
2.265725361771941948e-07
1.763220076611560216e-07
1.319668152532926797e-07
9.334124129178889007e-08
6.023685228395692093e-08
3.346785182323230856e-08
1.437329688602773103e-08
3.296356632098706996e-09
0.000000000000000000e+00
