0.000000000000000000e+00
1.381462594318705328e-07
2.416207860456154322e-07
3.197799497423048365e-07
3.810248795366177887e-07
4.281564273123095177e-07
4.663039353536291287e-07
4.966979741949373306e-07
5.214692274657650728e-07
5.417935455831468516e-07
5.586319176131837594e-07
5.729375781582390914e-07
5.852938120831652213e-07
5.955626075637709960e-07
6.043332841931814414e-07
6.122480026293786182e-07
6.189551879920429656e-07
6.248237688355473551e-07
6.299821101451996697e-07
6.343552538812247121e-07
6.385669929498405395e-07
6.421497616981852730e-07
6.453416047103033293e-07
6.481915101330670836e-07
6.507405935218812942e-07
6.530235577839604844e-07
6.549111239984028998e-07
6.569042911852562838e-07
6.583932159465177847e-07
6.599570560039680345e-07
6.613356764439970448e-07
6.625079306266101753e-07
6.635485586548028891e-07
6.643182055565688415e-07
6.651245547661943647e-07
6.659723755797486433e-07
6.664246110510418930e-07
6.670146152076839030e-07
6.674897093938980674e-07
6.678159333306510348e-07
6.679961660482902630e-07
6.682160652582425087e-07
6.682931598112062943e-07
6.680827249194720707e-07
6.682044521033603246e-07
6.678923151204330111e-07
6.677884856198801344e-07
6.674540441453657991e-07
6.670319248058831363e-07
6.665186764731600988e-07
6.659100096895187448e-07
6.651388004819125399e-07
6.642354131169980747e-07
6.634546091399684542e-07
6.623392185822751799e-07
6.612164752395344181e-07
6.597329416102581945e-07
6.583991185582505068e-07
6.566736264757011554e-07
6.548839424080910021e-07
6.528162509455981422e-07
6.505092252639954609e-07
6.479330100228608558e-07
6.450523518664041944e-07
6.418254366868936245e-07
6.382024486661919127e-07
6.339438926028506671e-07
6.295172916281899234e-07
6.242959836866290857e-07
6.181574978558757039e-07
6.115582998900137568e-07
6.036712215662376479e-07
5.947209545942300224e-07
5.842192168925564033e-07
5.719165883100174597e-07
5.573031361949531970e-07
5.400974949498760225e-07
5.193094724242897087e-07
4.940623750115946677e-07
4.630494870871970647e-07
4.244787924490012188e-07
3.758628003280861662e-07
3.131290401414688063e-07
2.329418636870528303e-07
1.264442007764543519e-07
1.543046690422045231e-08
2.067749236278615399e-07
4.636958018666703651e-07
8.027477370609048535e-07
1.223406909556246092e-06
1.684185265471427329e-06
2.072177413436904203e-06
2.207724279723599636e-06
2.044248124666303568e-06
1.641928010887028222e-06
1.179720899524561162e-06
7.666058842170642151e-07
4.374402289286649648e-07
1.859556044703225552e-07
1.110223024625156540e-15
