0.000000000000000000e+00
2.157821292758654863e-07
2.676106717336423912e-07
2.908578079496848545e-07
3.031247455265173585e-07
3.103244747837408113e-07
3.149551299763686529e-07
3.180760582699448946e-07
3.202918065214888088e-07
3.219253242869868359e-07
3.231615748333638294e-07
3.241155452915478463e-07
3.248890392271164274e-07
3.254994336288064005e-07
3.260119503245562100e-07
3.264348749087986334e-07
3.267882561219792592e-07
3.270824492362933711e-07
3.273456012919950808e-07
3.275658658763447306e-07
3.277630855613722360e-07
3.279309834791632738e-07
3.280787894688330653e-07
3.282065141885226467e-07
3.283237115514481275e-07
3.284273176751284495e-07
3.285195715463373745e-07
3.286022272064315075e-07
3.286754756137710842e-07
3.287404409801908400e-07
3.288011490854003682e-07
3.288527158362697378e-07
3.289022101338190396e-07
3.289470323908361138e-07
3.289862200439586104e-07
3.290205345951591198e-07
3.290513805875860953e-07
3.290816312784272668e-07
3.291090743262614637e-07
3.291303685148960767e-07
3.291485324297127590e-07
3.291698611462834378e-07
3.291830378282512015e-07
3.291976022889997466e-07
3.292052981329618433e-07
3.292159345136269621e-07
3.292221956163743357e-07
3.292258581311102716e-07
3.292272122701334069e-07
3.292278895061784283e-07
3.292264427745550393e-07
3.292202168658775463e-07
3.292141760313782584e-07
3.292068350146948319e-07
3.291966954588332328e-07
3.291829928642187042e-07
3.291689009143894395e-07
3.291534007576757404e-07
3.291307858477310333e-07
3.291121531967533542e-07
3.290827242929950103e-07
3.290557539781246987e-07
3.290242645004326505e-07
3.289907337666875264e-07
3.289525005722993001e-07
3.289082882718119549e-07
3.288624332853373744e-07
3.288097082387864134e-07
3.287510645932911757e-07
3.286854892703416908e-07
3.286140924929625839e-07
3.285326131141630412e-07
3.284417280369211767e-07
3.283396423636730788e-07
3.282285938599471820e-07
3.280951812456578409e-07
3.279491891383656821e-07
3.277834216275365975e-07
3.276005431374073851e-07
3.273814073168068717e-07
3.271290959228068118e-07
3.268356358887558599e-07
3.264910399813913955e-07
3.260728482779029491e-07
3.255887035535920404e-07
3.249864093390897324e-07
3.242441595219247574e-07
3.233216419040729761e-07
3.221319906376862718e-07
3.205742680201240091e-07
3.184549005608161565e-07
3.154804493199492299e-07
3.111482201889614885e-07
3.044238204852334206e-07
2.931664222494134719e-07
2.722257271825512248e-07
2.269330527937540865e-07
7.585064631943083668e-08
8.240468171383241724e-06
2.886579864025407005e-15
