0.000000000000000000e+00
8.908315810907119214e-06
1.004973102880502012e-05
1.046804131032974539e-05
1.103018570136615750e-05
1.173800930864832281e-05
1.259591191005160482e-05
1.356842722632922715e-05
1.464346310986464061e-05
1.580497416564519142e-05
1.703132594077505502e-05
1.831311779176836296e-05
1.962603676930463337e-05
2.094273045361028096e-05
2.225289116819517687e-05
2.353073535410477035e-05
2.474125009488403748e-05
2.588101254274999263e-05
2.693453094804176828e-05
2.787901588141572518e-05
2.869700508389971816e-05
2.937893496079979627e-05
2.990307418793136662e-05
3.028057018827912117e-05
3.049915580854989372e-05
3.052772122480451600e-05
3.041288797089869433e-05
3.011002415476138339e-05
2.965950799860284093e-05
2.905932214070094943e-05
2.830882838900095066e-05
2.742846658365660772e-05
2.642424185039793372e-05
2.532733132021292022e-05
2.414623679325433869e-05
2.290432351481630491e-05
2.160524599981172855e-05
2.028943318588272149e-05
1.897505290149315016e-05
1.767513234596229665e-05
1.641936248719666480e-05
1.522273069265445145e-05
1.410075322993975533e-05
1.307477231660136852e-05
1.216401990367099728e-05
1.137545192253508475e-05
1.073854379429750594e-05
1.024945112038100348e-05
9.605813330537671391e-06
2.174213703898253414e-05
2.171750147783590990e-05
9.610243165925069775e-06
1.025014415523273215e-05
1.073922591909859392e-05
1.137528272732168944e-05
1.216146679017260368e-05
1.308041910619284209e-05
1.410495642584219667e-05
1.522482702442928826e-05
1.642251749134349126e-05
1.767733610513744225e-05
1.897600670486276897e-05
2.029289136717959963e-05
2.161002930645139486e-05
2.290923700631886106e-05
2.415389940280121550e-05
2.532879389105513468e-05
2.642538361163904170e-05
2.742797612687031261e-05
2.830686392674142127e-05
2.906310985795190760e-05
2.966047193009302418e-05
3.011566705868329308e-05
3.041485472954352787e-05
3.053406577746553552e-05
3.049685171463423217e-05
3.028455831455278968e-05
2.990387907464420181e-05
2.937482062648211212e-05
2.870025952672605740e-05
2.788598217395854562e-05
2.693515024665416036e-05
2.588729195485139911e-05
2.473789210544197203e-05
2.353222634643437061e-05
2.225125169486030785e-05
2.094327929924588716e-05
1.962529626342579547e-05
1.831502548188534973e-05
1.703208387138221980e-05
1.580620654151321247e-05
1.464350124735780412e-05
1.356375213723559625e-05
1.259598932934480331e-05
1.174252965874256205e-05
1.102984516021532357e-05
1.046848914543208053e-05
1.005040123169820276e-05
8.916463968833276965e-06
0.000000000000000000e+00
