0.000000000000000000e+00
2.320050485060676237e-09
9.230011199790055798e-09
2.061698378685861144e-08
3.629138400906839479e-08
5.599177743675909369e-08
7.960345960178472069e-08
1.065135830646823933e-07
1.363654875685682555e-07
1.686863074779054728e-07
2.029062090569411225e-07
2.384098218843888617e-07
2.748894283310931996e-07
3.116643781941874636e-07
3.479156660546323110e-07
3.832679383863890621e-07
4.170602166952974699e-07
4.487396891850181646e-07
4.777511393161404385e-07
5.038408491531143341e-07
5.270818952407552160e-07
5.467365207234564650e-07
5.606708810557137213e-07
5.704496306435657971e-07
5.762182722079955965e-07
5.774925803114783207e-07
5.740935085096765533e-07
5.660663913165109307e-07
5.537555258783299905e-07
5.371133732223754009e-07
5.161622931293408101e-07
4.917447794516860426e-07
4.642042892299969026e-07
4.336638850244156629e-07
4.009348549827151942e-07
3.662401918402835577e-07
3.304730411546330515e-07
2.939795693546187749e-07
2.574031205959670388e-07
2.213206460321970326e-07
1.863292482529033123e-07
1.529048151427403468e-07
1.219315488576455664e-07
9.352924734695733378e-08
6.831036081234032054e-08
4.667121045187627715e-08
2.875836768723161185e-08
1.514587910644848989e-08
5.919660761577461017e-09
1.349032996422749875e-09
1.423983819748286805e-09
6.045539402421695740e-09
1.511282310406869556e-08
2.869649651238148635e-08
4.637291750597682949e-08
6.812001984712878766e-08
9.348307861145599418e-08
1.218724234863799438e-07
1.529746298523093628e-07
1.861814209469514481e-07
2.211238192550979420e-07
2.571847579346808743e-07
2.937976028016819896e-07
3.303546612931640425e-07
3.661584481173818517e-07
4.011019648642033530e-07
4.341645731820165111e-07
4.644449111967929866e-07
4.917834403039833546e-07
5.158891922540931319e-07
5.366559597819176020e-07
5.531693326732423088e-07
5.660475771440687254e-07
5.738417835354781005e-07
5.775315541356462745e-07
5.764675850006284463e-07
5.704319457899842405e-07
5.600015666740176812e-07
5.457306249123661246e-07
5.266363548583896659e-07
5.039254519223490547e-07
4.779450470948631846e-07
4.485550151311912259e-07
4.169234503192953412e-07
3.830507722124565362e-07
3.479806427453269180e-07
3.116195346208883166e-07
2.749478977825958737e-07
2.384997704885094549e-07
2.029096766165139343e-07
1.685741575219168453e-07
1.363131733045364058e-07
1.064731467437241008e-07
7.964883563804647792e-08
5.608216424590750648e-08
3.630211764527047080e-08
2.059695924927495980e-08
9.092709696290057764e-09
2.201120952172175294e-09
0.000000000000000000e+00
