0.000000000000000000e+00
1.306980362936194240e-06
1.413363428182101700e-06
1.514286391057773073e-06
1.649807469972230933e-06
1.822749113977728541e-06
2.028079972737906189e-06
2.260978974599758828e-06
2.521621764950410238e-06
2.801733758994728873e-06
3.097183206235420982e-06
3.408142447480777548e-06
3.725385033681583025e-06
4.042665726733396525e-06
4.358550104499592237e-06
4.665994800756578798e-06
4.958945931665681428e-06
5.234785099506034101e-06
5.489792152535422076e-06
5.715786820625901044e-06
5.914272308005230627e-06
6.078267509646018141e-06
6.204543933407968836e-06
6.297637573426939639e-06
6.345185542655507049e-06
6.358329657341066365e-06
6.326499047193401282e-06
6.256991835873471075e-06
6.144828700649362929e-06
6.003275380361827729e-06
5.819485499491960923e-06
5.607636764271006768e-06
5.364778540628556414e-06
5.101456543976645719e-06
4.816648906058595969e-06
4.516929297815330813e-06
4.203177225492460423e-06
3.886594086455197328e-06
3.567038541540945573e-06
3.254607406022458349e-06
2.952496293340267641e-06
2.662401257347291050e-06
2.392427001951524801e-06
2.145476443282667844e-06
1.921681489935878062e-06
1.732432456935661946e-06
1.579284687469595383e-06
1.461139807701350435e-06
1.378726555811837784e-06
2.553156478346529923e-06
2.552779927167403429e-06
1.380228947911454895e-06
1.460629703076143926e-06
1.578706047888900343e-06
1.733043504259512702e-06
1.924192207236607999e-06
2.142271765315229004e-06
2.390487788495043731e-06
2.661061391684427235e-06
2.948904325950074679e-06
3.252585282886855111e-06
3.567859546360629963e-06
3.885016723104151026e-06
4.202290237231842696e-06
4.514563662572079750e-06
4.815735892838013399e-06
5.098971543548991292e-06
5.366540776763351062e-06
5.608087895070390516e-06
5.818697817017159934e-06
6.002521430570340044e-06
6.145207284036224848e-06
6.257003129173099865e-06
6.326204250561850984e-06
6.356237523763574870e-06
6.346678427360252783e-06
6.296846898345975774e-06
6.204595460967965437e-06
6.078732177061674236e-06
5.914764830916574567e-06
5.717794626436401018e-06
5.488591136137976889e-06
5.235711968976097808e-06
4.959242109081607452e-06
4.667430024252183784e-06
4.359201827175418487e-06
4.044115382129120917e-06
3.725604514559499592e-06
3.408122216996822829e-06
3.100118284637964905e-06
2.803803187734210667e-06
2.523263801568198517e-06
2.264258442186140030e-06
2.028577578805368375e-06
1.820331862911750420e-06
1.650353451898567414e-06
1.514578670813726546e-06
1.413427337060291222e-06
1.305469851109464230e-06
0.000000000000000000e+00
