0.000000000000000000e+00
1.005373072571202897e-07
1.063203659557032665e-07
1.138963784397262202e-07
1.240695653992318626e-07
1.370517815901806102e-07
1.524653342466208983e-07
1.699483075379149000e-07
1.895138589391720529e-07
2.105408308805678530e-07
2.327190579132221160e-07
2.560614605906508245e-07
2.798754530353164682e-07
3.036922180399415083e-07
3.274040863976424021e-07
3.504823535838141879e-07
3.724725824438834820e-07
3.931782408539419293e-07
4.123200879613264647e-07
4.292841123687551885e-07
4.441831357171466266e-07
4.564931577188957590e-07
4.659718542132651464e-07
4.729597199437662880e-07
4.765287574537424575e-07
4.775153003011567421e-07
4.751259062851787007e-07
4.699083596682029906e-07
4.614889085319262563e-07
4.508633190125621582e-07
4.370672878062364930e-07
4.211650116436871372e-07
4.029349943701632242e-07
3.831688283328915645e-07
3.617898060026547569e-07
3.392913489053128728e-07
3.157394695696424947e-07
2.919750010654809103e-07
2.679873382094299927e-07
2.445343959545098755e-07
2.218560565259153350e-07
2.000796535117643771e-07
1.798135786934551561e-07
1.612757724034352691e-07
1.444761492663815261e-07
1.302697579808054229e-07
1.187733663643442128e-07
1.099045419117317124e-07
1.037179865326365302e-07
1.603777640135639615e-07
1.582681143363906529e-07
1.038307928524773160e-07
1.098662870679945058e-07
1.187299859539692193e-07
1.303156965670737577e-07
1.446647074354601159e-07
1.610353126402230828e-07
1.796681273757982922e-07
1.999791962026264969e-07
2.215865529953120472e-07
2.443827363807216102e-07
2.680491112405647414e-07
2.918567576504216277e-07
3.156730501441273873e-07
3.391139450359403895e-07
3.617214506812516106e-07
3.829824800627434911e-07
4.030674615185247944e-07
4.211990638491869277e-07
4.370083576121785995e-07
4.508069225694910642e-07
4.615175311917241174e-07
4.699093916205043797e-07
4.751039420769487265e-07
4.773584004746922460e-07
4.766409135159577204e-07
4.729004454695484583e-07
4.659757807390363382e-07
4.565280811164029728e-07
4.442201504417653268e-07
4.294348682210014090e-07
4.122299833708709116e-07
3.932478510604298094e-07
3.724948548500250922e-07
3.505901210454354100e-07
3.274530403496456188e-07
3.038010603084728700e-07
2.798919496171947685e-07
2.560599723366863145e-07
2.329393961053582984e-07
2.106961869419166078e-07
1.896371248921724373e-07
1.701944851717485108e-07
1.525026883664182265e-07
1.368703289594819239e-07
1.241105481719628756e-07
1.139183170018043256e-07
1.063251621191696472e-07
1.003588734338478616e-07
0.000000000000000000e+00
