0.000000000000000000e+00
2.188800252156397619e-10
9.561970104599026854e-10
2.227683815192449401e-09
4.010252019348570229e-09
6.214527448200612980e-09
8.786473104649417110e-09
1.174003627646413861e-08
1.508536973116036961e-08
1.870098054190805215e-08
2.248642905211539755e-08
2.641271823478064107e-08
3.045421648195656417e-08
3.449906915697908971e-08
3.854059804631049246e-08
4.243137030623955752e-08
4.620398730281749522e-08
4.968855604747801635e-08
5.301122363299271001e-08
5.588774021347830967e-08
5.830976013143640557e-08
6.040020372743981625e-08
6.206979452638705652e-08
6.326996560002129399e-08
6.387287887488213300e-08
6.401909102837777255e-08
6.371354832612752261e-08
6.272770169957198050e-08
6.131413143872777027e-08
5.953706627703780896e-08
5.726963703267529127e-08
5.447270412517468685e-08
5.135499758779360491e-08
4.798824759788544725e-08
4.446484380693505045e-08
4.060746872092124704e-08
3.655666336310758879e-08
3.251265712211903747e-08
2.847257096760813511e-08
2.443293201093155176e-08
2.056192127675160464e-08
1.688081152639853144e-08
1.346111411226758037e-08
1.031255625338900472e-08
7.494825648990399714e-09
5.119304313794259542e-09
3.136635617906335938e-09
1.644350211549294727e-09
6.397180563055826497e-10
1.056672527255386740e-10
6.936906604693149347e-11
5.599285479718218994e-10
1.555181095014290804e-09
3.087562427950274468e-09
5.096553956640548222e-09
7.485978392729464304e-09
1.023950602085932360e-08
1.339674260414369655e-08
1.687850903486776133e-08
2.059488868333403389e-08
2.445092095459955317e-08
2.844807400759208349e-08
3.248276880807310363e-08
3.648714363979621567e-08
4.049227686486744915e-08
4.436201628266189800e-08
4.798241870496156025e-08
5.135589731253276113e-08
5.452228557523142172e-08
5.716300388591832871e-08
5.940876079968404611e-08
6.125311691196344555e-08
6.276431108176439011e-08
6.362984428243123602e-08
6.400216645552347927e-08
6.384800887992980734e-08
6.325393431261261412e-08
6.206581626422291720e-08
6.046635525613908158e-08
5.844683215183721359e-08
5.586092821641130968e-08
5.294533123034739219e-08
4.967349209739069238e-08
4.619641269520968763e-08
4.253245700081009772e-08
3.860538300148874669e-08
3.449962182600074811e-08
3.044644725225253978e-08
2.640936780373692727e-08
2.249162012191163740e-08
1.870279964233390047e-08
1.512013858562255564e-08
1.181503428426822211e-08
8.821156916027916850e-09
6.208102920624014587e-09
4.017593036031996689e-09
2.270567511786225623e-09
1.042869346434827094e-09
2.879434468638919498e-10
0.000000000000000000e+00
