0.000000000000000000e+00
4.084488303135458409e-11
1.784283831796074082e-10
4.156887056794289492e-10
7.483196284852056124e-10
1.159643492343320759e-09
1.639576696632616404e-09
2.190714276650851389e-09
2.814960819996770169e-09
3.489640576503916236e-09
4.196014757873456347e-09
4.928667474146664063e-09
5.682816883734176372e-09
6.437592570129879732e-09
7.191751083546193968e-09
7.917775657340087037e-09
8.621757086046955010e-09
9.271981182834565516e-09
9.891997221345150137e-09
1.042876052181895830e-08
1.088071577282079261e-08
1.127079629625882262e-08
1.158234619325071435e-08
1.180629727315363198e-08
1.191880272255474438e-08
1.194608545418418544e-08
1.188907083893298022e-08
1.170511221282310999e-08
1.144133698893767814e-08
1.110972891460448864e-08
1.068662602854431043e-08
1.016471218306946867e-08
9.582941884467288673e-09
8.954700758678768580e-09
8.297223352826677001e-09
7.577432459271449261e-09
6.821542886115139481e-09
6.066923741165908268e-09
5.313037232390627196e-09
4.559232547052260998e-09
3.836893025521703748e-09
3.149992044981786421e-09
2.511867824850355646e-09
1.924341019865494218e-09
1.398544835495840744e-09
9.552681978775012794e-10
5.853020290658150770e-10
3.068363341185431636e-10
1.193684040501352683e-10
1.971645069431815500e-11
1.294075957503082464e-11
1.044786479553749814e-10
2.901994200499302679e-10
5.761402466220033602e-10
9.510228160536371433e-10
1.396897708616506861e-09
1.910708036234609608e-09
2.499855544790818840e-09
3.149564054005793423e-09
3.843042106765892640e-09
4.562588862278005308e-09
5.308463890685288789e-09
6.061345869667889019e-09
6.808573926875283178e-09
7.555936543113261905e-09
8.278038365894246908e-09
8.953612962159240851e-09
9.583111859612358785e-09
1.017396711322504643e-08
1.066672994376460792e-08
1.108579150699284810e-08
1.142995020853021515e-08
1.171194297100441872e-08
1.187345255448946091e-08
1.194292931216978104e-08
1.191416365564634816e-08
1.180330766459292136e-08
1.158160101155658595e-08
1.128314186527035190e-08
1.090629453415203898e-08
1.042375963322683674e-08
9.879700835213611754e-09
9.269171874493054020e-09
8.620338443066088985e-09
7.936641899242147247e-09
7.203841523306664385e-09
6.437695931893472334e-09
5.681364600995664205e-09
4.928040864271565624e-09
4.196981762127904858e-09
3.489983413373920484e-09
2.821446964951235259e-09
2.204708082764739174e-09
1.646046299264014579e-09
1.158444562499028052e-09
7.496907539206176807e-10
4.236930806200689403e-10
1.946036665145811639e-10
5.373002043285168838e-11
1.110223024625156540e-16
