0.000000000000000000e+00
2.696879564112464323e-08
1.088915716485061580e-07
2.440369012424170592e-07
4.300631146758604473e-07
6.631261939560317842e-07
9.411205812437373197e-07
1.258881068277872828e-06
1.611879778096181326e-06
1.994012770345499064e-06
2.399256828766738181e-06
2.819629549510871414e-06
3.250452762171285315e-06
3.683799727705050486e-06
4.112706202707983039e-06
4.531678610253386807e-06
4.931017811293791908e-06
5.304659872584771563e-06
5.648233802890700872e-06
5.956920272609522726e-06
6.231761464969842734e-06
6.464265801420232549e-06
6.627752209165116426e-06
6.743003407416736650e-06
6.812689836821483880e-06
6.827217507554550480e-06
6.787528263219044788e-06
6.691042246154133011e-06
6.546381357219743791e-06
6.349517058357179167e-06
6.101381886502998952e-06
5.813111055630315605e-06
5.488724792446220135e-06
5.126780003528175200e-06
4.740478031117767443e-06
4.329355126286849043e-06
3.906197680314527076e-06
3.475471884728520422e-06
3.043074935260570157e-06
2.616564030888390846e-06
2.202926173477948169e-06
1.807989086444194982e-06
1.441152210901464059e-06
1.105525280875596650e-06
8.071008543719671025e-07
5.517349752626188319e-07
3.404270229045991414e-07
1.798845132849891115e-07
7.053523609634737568e-08
1.611850486415988826e-08
1.704554075665498658e-08
7.129050638710054955e-08
1.781929221955635967e-07
3.391165033228560333e-07
5.485143953487536805e-07
8.059966700724174871e-07
1.105463065531608891e-06
1.441158248516316576e-06
1.808088151311615377e-06
2.200755389925035388e-06
2.613739140122639526e-06
3.039972886198505364e-06
3.472690659256372214e-06
3.905409790228020483e-06
4.328202724446228444e-06
4.740158455307508234e-06
5.131488945764317577e-06
5.488450991686377733e-06
5.812707632224523024e-06
6.097957686468369332e-06
6.342896447408818972e-06
6.537913126325456403e-06
6.690950794308037075e-06
6.781439186309690115e-06
6.825522958275875851e-06
6.812409026446530902e-06
6.742569977236101408e-06
6.618920395551342040e-06
6.449006870634654831e-06
6.223512493130911594e-06
5.955242478483668833e-06
5.648478016762048526e-06
5.301742858843105921e-06
4.927054590098123299e-06
4.526598806675607989e-06
4.113168692532198634e-06
3.683786702124436374e-06
3.248978540981717344e-06
2.817772608798563283e-06
2.397788393615485347e-06
1.992675882633854201e-06
1.611415081370637381e-06
1.258816017757347083e-06
9.413903966359882247e-07
6.616974004280962163e-07
4.280587420080195216e-07
2.431616641374034771e-07
1.077138461758053722e-07
2.648544106254036024e-08
0.000000000000000000e+00
