0.000000000000000000e+00
1.765565471600893943e-11
6.979938849127620415e-11
1.549993466909427298e-10
2.728771653082162629e-10
4.212283855054010928e-10
5.992948359789807000e-10
8.017441155416804577e-10
1.026207452348160132e-09
1.269424565464305488e-09
1.526713533372969778e-09
1.794356663253893203e-09
2.068321847126242119e-09
2.345235006195878213e-09
2.617277061744971434e-09
2.883607241876973148e-09
3.136539028503193549e-09
3.377309654162274910e-09
3.595770681208421138e-09
3.790065150610644196e-09
3.963215977620393460e-09
4.104049100561724117e-09
4.214343207742388131e-09
4.292704303132666155e-09
4.336105252633615237e-09
4.344630433195106889e-09
4.317194490788267558e-09
4.256816676928565357e-09
4.164503852877032841e-09
4.039257039956112294e-09
3.881141963368861525e-09
3.697819384029799039e-09
3.490363886804459526e-09
3.259889691520356791e-09
3.014524407873864220e-09
2.753566819002628563e-09
2.483889760540591851e-09
2.209319505119822225e-09
1.934084892241116904e-09
1.662519899525705114e-09
1.399240279198465942e-09
1.147626438324778064e-09
9.145358914608436862e-10
7.007017188698227983e-10
5.108975464906961861e-10
3.480713495207510277e-10
2.131863574561521091e-10
1.107141045508797106e-10
4.126909924906385640e-11
6.905365168563548650e-12
7.456701922592401388e-12
4.230271688498987714e-11
1.105828761893690171e-10
2.128127674083657439e-10
3.459452724285938530e-10
5.097586797120357005e-10
7.005644953039791289e-10
9.141535306511627823e-10
1.148418360408243188e-09
1.398567262000938172e-09
1.661746296122146305e-09
1.931940496469053414e-09
2.209035954159332960e-09
2.484243921685447276e-09
2.751999850225672617e-09
3.012706750737947914e-09
3.259674641320486899e-09
3.489359690078686072e-09
3.696430939115202818e-09
3.880006982370787227e-09
4.036070144763925782e-09
4.162641564775526604e-09
4.258426722358876759e-09
4.317798008024453793e-09
4.344317572346767520e-09
4.334476777501095057e-09
4.290974686682602623e-09
4.213673743258539162e-09
4.103649642317463986e-09
3.962229100373804158e-09
3.791486680171374246e-09
3.595147735069303963e-09
3.375076107481334020e-09
3.137288762111722917e-09
2.882614036359143483e-09
2.618742778182081565e-09
2.345118099711385184e-09
2.069112214897472768e-09
1.794978610192288215e-09
1.527334259066037703e-09
1.268955052147191509e-09
1.026319029762134960e-09
8.020223374316515219e-10
6.001344976525047059e-10
4.230003014527028427e-10
2.735629500705272221e-10
1.547981742788806514e-10
6.883127401380306765e-11
1.684263839507593730e-11
0.000000000000000000e+00
