0.000000000000000000e+00
4.832169842039490959e-08
5.634307664870163990e-08
5.888628740180479326e-08
5.999547059154508588e-08
6.057230006462077654e-08
6.091060855695218379e-08
6.112528438961817301e-08
6.127194240868050201e-08
6.137538210992943277e-08
6.145151121295100438e-08
6.150923037573363672e-08
6.155408760477598662e-08
6.158966825431377856e-08
6.161839327667451016e-08
6.164169419342613310e-08
6.166110599892249411e-08
6.167766231079951922e-08
6.169157518165491183e-08
6.170369148961185601e-08
6.171394739684643582e-08
6.172265143433719459e-08
6.173062028214104657e-08
6.173714173218769474e-08
6.174346267595609561e-08
6.174879396692034561e-08
6.175353017834339653e-08
6.175775202343913861e-08
6.176152922421351832e-08
6.176490652265442804e-08
6.176794498102822217e-08
6.177067024548676955e-08
6.177312206201435174e-08
6.177532796414197946e-08
6.177731026735244768e-08
6.177908873361559472e-08
6.178050004912449822e-08
6.178192635264423416e-08
6.178337053075466656e-08
6.178449374338867983e-08
6.178521072541798276e-08
6.178589395666733708e-08
6.178689782032620315e-08
6.178770073361761206e-08
6.178821621016794552e-08
6.178862288486186571e-08
6.178892975050587211e-08
6.178912903553879232e-08
6.178906530873717884e-08
6.178898304121105411e-08
6.178915479271296363e-08
6.178896738706640690e-08
6.178867240080876400e-08
6.178801781331344500e-08
6.178778222398761955e-08
6.178717693039459391e-08
6.178645461929477278e-08
6.178517331090205289e-08
6.178437828019411882e-08
6.178354705621558196e-08
6.178230105291504515e-08
6.178090361519394946e-08
6.177933575823857382e-08
6.177758327119420301e-08
6.177563394160756616e-08
6.177346545399586830e-08
6.177105271731875291e-08
6.176818356795621412e-08
6.176510258804057685e-08
6.176158584558777420e-08
6.175834177390981949e-08
6.175389766216454746e-08
6.174953615101230753e-08
6.174430133842889745e-08
6.173839250944723744e-08
6.173138855647408718e-08
6.172407629456699851e-08
6.171535815724382701e-08
6.170510880032509249e-08
6.169347210871478637e-08
6.167974786475127758e-08
6.166373900384769513e-08
6.164507915240591274e-08
6.162195997916342094e-08
6.159434684516185143e-08
6.155965515119987685e-08
6.151664178055682441e-08
6.146061104495004201e-08
6.138822616907901875e-08
6.128962204421384286e-08
6.115143702523084812e-08
6.094886273455557557e-08
6.063405899592311243e-08
6.010482722640375641e-08
5.911038492012465895e-08
5.689706217282264333e-08
5.033372563190141591e-08
1.574001473603203749e-08
3.499706647813738414e-07
3.330669073875469621e-15
