0.000000000000000000e+00
1.812509197496314783e-05
2.053264102785945511e-05
2.103734433711590412e-05
2.117355453634672813e-05
2.121277697975099130e-05
2.122154351347216306e-05
2.121973742563731946e-05
2.121477705308016937e-05
2.120873147426483030e-05
2.120300812269437785e-05
2.119774620579217839e-05
2.119302402359135584e-05
2.118879398571582584e-05
2.118504377024432728e-05
2.118184017774193961e-05
2.117898798503770053e-05
2.117641864574082433e-05
2.117431233139566160e-05
2.117231169773692301e-05
2.117046882676998365e-05
2.116893275538878072e-05
2.116746796521074003e-05
2.116622828129965939e-05
2.116504143567787821e-05
2.116403097152108614e-05
2.116300891163991338e-05
2.116223774506487132e-05
2.116140463559457174e-05
2.116070361302124780e-05
2.116005088981243176e-05
2.115950341974315307e-05
2.115898433785456945e-05
2.115851420303460628e-05
2.115809224056963700e-05
2.115773684641109043e-05
2.115738066454930788e-05
2.115695562188157908e-05
2.115677853531394703e-05
2.115649883893677696e-05
2.115627897425476078e-05
2.115612652253684445e-05
2.115584359074773602e-05
2.115578735251144593e-05
2.115571480254541115e-05
2.115561466964344106e-05
2.115554320447632364e-05
2.115546512204691254e-05
2.115538666591643135e-05
2.115547077841117840e-05
2.115542761227384716e-05
2.115549999792687430e-05
2.115553382597834542e-05
2.115570533944843845e-05
2.115578168049303542e-05
2.115594847995616590e-05
2.115601404106826067e-05
2.115627252285978699e-05
2.115648205758269285e-05
2.115668937674453076e-05
2.115692063564544867e-05
2.115723702289518116e-05
2.115762090793005257e-05
2.115804765390194575e-05
2.115841196503875921e-05
2.115892747600600643e-05
2.115943013947241269e-05
2.115998938123642148e-05
2.116061323609308431e-05
2.116128484985768665e-05
2.116207424707194917e-05
2.116296849408172420e-05
2.116389576267696526e-05
2.116490898163014833e-05
2.116599090906667868e-05
2.116719906841701970e-05
2.116859090717237990e-05
2.117017886893446388e-05
2.117204063789568380e-05
2.117403328938394225e-05
2.117607005747146331e-05
2.117865405393271061e-05
2.118144979434966046e-05
2.118454892552357194e-05
2.118817976570763761e-05
2.119232108432900219e-05
2.119707984082896957e-05
2.120234190872150037e-05
2.120812936723392994e-05
2.121388201092866410e-05
2.121917448250076887e-05
2.122162667050897511e-05
2.121519500541957370e-05
2.118357187819164267e-05
2.107060078126998803e-05
2.066304767833759826e-05
1.880217475558332296e-05
5.603679641530412425e-06
1.252466208757629929e-04
4.440892098500626162e-16
