0.000000000000000000e+00
2.508993265704084763e-06
2.925200126457916383e-06
3.057085323221464535e-06
3.114658340686027316e-06
3.144598439308587956e-06
3.162134567857854961e-06
3.173365007436146357e-06
3.180877248043501027e-06
3.186299603386011370e-06
3.190221365634293704e-06
3.193203615636797110e-06
3.195571091185733792e-06
3.197381900799101118e-06
3.198907514212478986e-06
3.200128794955681144e-06
3.201142669939649466e-06
3.201993913237721756e-06
3.202715725070248709e-06
3.203315819155783117e-06
3.203848445321177962e-06
3.204327215788893568e-06
3.204730485983908750e-06
3.205084479263042851e-06
3.205396681082994803e-06
3.205657742477718841e-06
3.205903687408806491e-06
3.206128309840572399e-06
3.206318994752876961e-06
3.206494606833310002e-06
3.206666822630488412e-06
3.206808285471929310e-06
3.206926070586924027e-06
3.207035513930200921e-06
3.207152624362663573e-06
3.207230738322408570e-06
3.207318336917452939e-06
3.207401468086068519e-06
3.207453243669888820e-06
3.207516269587706859e-06
3.207576619757013248e-06
3.207612043309993055e-06
3.207645658420688051e-06
3.207678041516892620e-06
3.207718499709244497e-06
3.207730580712109258e-06
3.207755497336428618e-06
3.207766112622856269e-06
3.207771590352237467e-06
3.207749155187400447e-06
3.207767252821902559e-06
3.207757412915235307e-06
3.207742365729515654e-06
3.207708229591155202e-06
3.207696181450891970e-06
3.207664691751155317e-06
3.207627292223236282e-06
3.207569796992437716e-06
3.207524358672664277e-06
3.207467196841840007e-06
3.207402576421714002e-06
3.207339162369926555e-06
3.207248562842046624e-06
3.207167049934511738e-06
3.207051588960396771e-06
3.206938944066983765e-06
3.206804211286495843e-06
3.206688927503975606e-06
3.206519242127114921e-06
3.206361344543218195e-06
3.206143952660944763e-06
3.205943465034444273e-06
3.205711729292737289e-06
3.205430124886277099e-06
3.205117744431440485e-06
3.204759892794228904e-06
3.204390932709522133e-06
3.203927898098868354e-06
3.203417656694185212e-06
3.202814073621773616e-06
3.202109281619236469e-06
3.201267607999547238e-06
3.200280152992895921e-06
3.199105320983441914e-06
3.197646888497551743e-06
3.195850480253170645e-06
3.193613895335900565e-06
3.190748832815337721e-06
3.186948453914872914e-06
3.181849963618255117e-06
3.174680416218045309e-06
3.164143817513398460e-06
3.147836799111125572e-06
3.120334399975277506e-06
3.068590750054944749e-06
2.953833356245105790e-06
2.613393827899379573e-06
8.162112813403510359e-07
1.818235232853293581e-05
3.330669073875469621e-16
