0.000000000000000000e+00
1.925253537704563200e-06
3.368771787970459286e-06
4.467715026268415102e-06
5.314254027055653751e-06
5.980482858713997985e-06
6.510373877111064189e-06
6.926163217513270354e-06
7.270024691807819295e-06
7.560625113089969318e-06
7.797441296975016201e-06
7.988009204429324939e-06
8.163922476933649364e-06
8.308095162168349646e-06
8.429158133704817146e-06
8.539439408372651030e-06
8.632882694703525317e-06
8.708711977889471711e-06
8.786485222289641683e-06
8.847252789490056557e-06
8.906073025616301209e-06
8.955975078994704575e-06
9.000431217764948144e-06
9.034740169000521348e-06
9.075626333787667477e-06
9.102152196627244507e-06
9.135919661784619450e-06
9.159057895669064919e-06
9.184365017733675529e-06
9.202137284392009065e-06
9.220472939164281456e-06
9.239506955305287761e-06
9.253998758396164703e-06
9.264463790570331980e-06
9.273032764878230694e-06
9.285104279554978746e-06
9.293458451131719755e-06
9.300488829078190633e-06
9.306253975105427401e-06
9.313425064938485320e-06
9.316787722868369315e-06
9.314086715006553163e-06
9.315162097234264138e-06
9.320016877589765159e-06
9.313924757115010777e-06
9.313895783957804042e-06
9.313042819814043582e-06
9.308385549355868704e-06
9.300203276940699482e-06
9.295360057892665395e-06
9.284568111223023834e-06
9.274348700127887923e-06
9.265643044931159977e-06
9.252690446492906062e-06
9.232982077111984154e-06
9.218811312328156760e-06
9.203003945801313535e-06
9.179538673187437325e-06
9.156735843340868541e-06
9.133331368094133040e-06
9.104534543280529135e-06
9.067075010804614976e-06
9.036523710759247763e-06
8.996402508953948995e-06
8.951457830530529236e-06
8.898388581313199097e-06
8.844174179012398440e-06
8.776899561802053995e-06
8.704100689982396943e-06
8.624498422205029158e-06
8.526485008264472754e-06
8.421032885008727931e-06
8.291695758222417112e-06
8.148950643271923866e-06
7.974251641895691023e-06
7.771595680439169485e-06
7.535706294081734313e-06
7.245725987981010974e-06
6.897356327417725197e-06
6.463170260539996548e-06
5.916923393800566089e-06
5.241171173175906972e-06
4.371934090308116083e-06
3.249817363659701641e-06
1.766558987092992083e-06
2.182547935714040932e-07
2.869262807569938900e-06
6.464665585736995013e-06
1.119091898116320039e-05
1.705819267439068199e-05
2.347152098125526720e-05
2.877918889254704737e-05
3.073991363788941555e-05
2.838778741010017370e-05
2.285393794188017580e-05
1.647489229894549823e-05
1.066395867432845534e-05
6.065976011493390274e-06
2.572263365197002827e-06
6.028553878323350546e-09
