0.000000000000000000e+00
2.194589537207747298e-06
3.840020450174286282e-06
5.093062034222661794e-06
6.058383986595750059e-06
6.818208577064055476e-06
7.422671654988555190e-06
7.896891166314645716e-06
8.288900684938482755e-06
8.620698884964639319e-06
8.890748425471883820e-06
9.107675892239264215e-06
9.308555989018252319e-06
9.472983180436322925e-06
9.610973470519645900e-06
9.736834870155419708e-06
9.843411026833059907e-06
9.929735731550870526e-06
1.001860344551630533e-05
1.008784995049083477e-05
1.015500294121451930e-05
1.021192065731035825e-05
1.026262712167103075e-05
1.030163132087480449e-05
1.034839499236550608e-05
1.037852846341724700e-05
1.041716640626244583e-05
1.044350761691958951e-05
1.047242423868333105e-05
1.049263150243451292e-05
1.051354663039738568e-05
1.053532076022989372e-05
1.055185060760965854e-05
1.056374047592179011e-05
1.057345440658163938e-05
1.058727067215770035e-05
1.059680018766773202e-05
1.060481967807280768e-05
1.061139592783977292e-05
1.061963462445358886e-05
1.062347022118270701e-05
1.062028564147166065e-05
1.062151235575736763e-05
1.062715353727927692e-05
1.062010089780685007e-05
1.062011287533692894e-05
1.061919861689020195e-05
1.061388633105675439e-05
1.060450758372244451e-05
1.059902890387931507e-05
1.058667293507564722e-05
1.057500190015936425e-05
1.056513251229684869e-05
1.055035830044293022e-05
1.052776776855335328e-05
1.051165124299480169e-05
1.049368430383612605e-05
1.046685374872513563e-05
1.044085895463009450e-05
1.041421414849086347e-05
1.038136803133138386e-05
1.033851573228883325e-05
1.030379427513494761e-05
1.025803198462238441e-05
1.020676832008682311e-05
1.014617707828513460e-05
1.008440186966996777e-05
1.000758161917580935e-05
9.924545229966774684e-06
9.833848384488419470e-06
9.721953970531771461e-06
9.601789417224004808e-06
9.454155698418453824e-06
9.291480973283583467e-06
9.092134638954973980e-06
8.860958790601891621e-06
8.592283633257480346e-06
8.261531850739523009e-06
7.864162651194384068e-06
7.368873739754810970e-06
6.745654550055490972e-06
5.975006357128442858e-06
4.983804569258509787e-06
3.704511608360050445e-06
2.013719187288209866e-06
2.488025213631672727e-07
3.267279642504838932e-06
7.363064670085073260e-06
1.274584646793197606e-05
1.941917396297565546e-05
2.670223874579047418e-05
3.272292144340660514e-05
3.493871905246859200e-05
3.227326004096031653e-05
2.600124259266589632e-05
1.875664268546906044e-05
1.214475694399919092e-05
6.909065402016523194e-06
2.927968675514591723e-06
7.817421265876589587e-09
