0.000000000000000000e+00
2.270291199479856914e-08
3.973195683570907022e-08
5.264071933908098799e-08
6.260589779927272502e-08
7.048967143319373463e-08
7.665480417085035469e-08
8.166184251034991348e-08
8.578431043293477387e-08
8.914506000046173995e-08
9.194368844056555190e-08
9.427582103871401387e-08
9.629013897338722927e-08
9.796194300193405979e-08
9.945872647687536983e-08
1.007270110653379902e-07
1.018310766820462732e-07
1.027971021638762750e-07
1.036462198289456182e-07
1.043693217406271856e-07
1.050593863016757723e-07
1.056238844165946489e-07
1.061745685815296270e-07
1.066436969843209681e-07
1.070482263942906798e-07
1.074241801068964719e-07
1.077376343694425032e-07
1.080779388207275815e-07
1.083485779984627584e-07
1.085908747366914895e-07
1.088074041977193929e-07
1.089860648395557519e-07
1.091716771428608013e-07
1.092865020702049605e-07
1.094555384106854490e-07
1.095706729792311762e-07
1.096552956214580377e-07
1.097304637154294937e-07
1.098064703608514492e-07
1.098741466698527347e-07
1.098999593551752696e-07
1.099400148696361157e-07
1.099527100478780994e-07
1.099303339469059893e-07
1.099381029545654087e-07
1.098749843331248144e-07
1.098696316148561891e-07
1.097927270210519168e-07
1.097450862408422267e-07
1.096605990458243696e-07
1.095383481697354000e-07
1.094214976404828121e-07
1.093093209281192912e-07
1.091562119581723778e-07
1.089829131384334460e-07
1.087733908500254643e-07
1.085688894342240474e-07
1.083240062094148470e-07
1.080505089845473776e-07
1.077218159117876439e-07
1.074049876814697768e-07
1.070101244282639641e-07
1.066011467987237893e-07
1.061114927036754807e-07
1.055704583752259396e-07
1.049834613686684293e-07
1.043279689305620650e-07
1.035262360282729333e-07
1.026933860170942125e-07
1.017319992691056996e-07
1.005663821107560807e-07
9.930972200145049555e-08
9.784191279393894547e-08
9.609375151153898287e-08
9.406783840759658233e-08
9.169736014946749947e-08
8.881144430983312077e-08
8.542881191342388547e-08
8.124756889493767176e-08
7.616836228407919407e-08
6.976469002495377936e-08
6.175551103826393273e-08
5.158451421571896844e-08
3.830363548562587539e-08
2.075974547821601845e-08
2.538490528891657050e-09
3.397818404415886562e-08
7.627876585925008612e-08
1.320483730138377609e-07
2.014362560087690213e-07
2.773242968601152825e-07
3.402345800651573882e-07
3.642495652877997259e-07
3.355363006329881159e-07
2.702385258901429665e-07
1.946197197844057314e-07
1.262144804226039696e-07
7.186743311571319737e-08
3.055391228912185397e-08
6.661338147750939243e-16
