0.000000000000000000e+00
6.687364954016672414e-07
7.572362130670029501e-07
7.757023258170292479e-07
7.807134470017018657e-07
7.821443323008381299e-07
7.824626320207528352e-07
7.823949913499106401e-07
7.822143064384334821e-07
7.819924909835407334e-07
7.817825268263689509e-07
7.815894674800816233e-07
7.814162259478507622e-07
7.812595590461768325e-07
7.811233293519848075e-07
7.810061797286493857e-07
7.808996134173185055e-07
7.808098752004610787e-07
7.807276964921783247e-07
7.806563280254863457e-07
7.805887238809816608e-07
7.805305032304588053e-07
7.804786280596331949e-07
7.804309222203542618e-07
7.803873929290716660e-07
7.803493566882480081e-07
7.803165481545804028e-07
7.802850036098263331e-07
7.802561792225048976e-07
7.802308826798665109e-07
7.802072491402967103e-07
7.801854721156686878e-07
7.801677790464367490e-07
7.801507697635656768e-07
7.801346664226826988e-07
7.801216302949498527e-07
7.801058228285029372e-07
7.800968921944928525e-07
7.800864669782470173e-07
7.800772314769943705e-07
7.800681364189543388e-07
7.800596300011619633e-07
7.800552520587089589e-07
7.800501024002315376e-07
7.800429270288233852e-07
7.800424751680523627e-07
7.800399577373440252e-07
7.800382838540897978e-07
7.800386231382461233e-07
7.800374267619147872e-07
7.800391461643130242e-07
7.800407753055793592e-07
7.800408050595564191e-07
7.800457078044331638e-07
7.800498987853288213e-07
7.800526817813846492e-07
7.800600283491831988e-07
7.800665426938024893e-07
7.800742122254789024e-07
7.800827366288842768e-07
7.800934830326511360e-07
7.801063899304239158e-07
7.801173753652079768e-07
7.801330330625688703e-07
7.801474077862025069e-07
7.801649121175202595e-07
7.801832436760136602e-07
7.802054460270824165e-07
7.802265014067444326e-07
7.802544503832109513e-07
7.802821870850351615e-07
7.803135659845139571e-07
7.803475882139920827e-07
7.803816817197883893e-07
7.804244418485595247e-07
7.804698688440581122e-07
7.805198378729727438e-07
7.805780960490338316e-07
7.806463944159958146e-07
7.807184874142336639e-07
7.807993782638078528e-07
7.808866085978749538e-07
7.809912445644329182e-07
7.811087361364599246e-07
7.812420932395980344e-07
7.813935134493021906e-07
7.815620105544596186e-07
7.817553238087526779e-07
7.819659231245168485e-07
7.821814838049334639e-07
7.823763090719637603e-07
7.824658421196062363e-07
7.822428421677685151e-07
7.810633613214434945e-07
7.769268834945108892e-07
7.619182108564714895e-07
6.937128398387670813e-07
2.108710954740189436e-07
4.543836054304861705e-06
0.000000000000000000e+00
