0.000000000000000000e+00
2.224180783994000876e-08
4.697742517212333269e-08
7.300827031819778767e-08
9.928900457367717536e-08
1.252222913139533489e-07
1.501648102530950268e-07
1.738784980442886763e-07
1.961162783281622524e-07
2.168374956257324015e-07
2.360838862180969500e-07
2.537745774633393125e-07
2.699098551328660278e-07
2.846071773809910610e-07
2.980123371409959532e-07
3.102432426516088526e-07
3.211884547216214969e-07
3.310797638267359844e-07
3.400804668984847012e-07
3.480138196509940940e-07
3.551510778798672163e-07
3.615098538300998143e-07
3.674300581568701318e-07
3.723123898069502502e-07
3.767906529006381788e-07
3.807414574730216827e-07
3.843621411148134825e-07
3.870860374455276087e-07
3.896531621805365830e-07
3.916287171223942210e-07
3.933052609150777812e-07
3.945312719855209593e-07
3.953808940249103898e-07
3.961361821902542601e-07
3.962999302054015516e-07
3.962735185547572314e-07
3.954920952953244750e-07
3.946831493850666561e-07
3.935017610645630270e-07
3.919675637398256640e-07
3.900237128817707344e-07
3.876118566115138719e-07
3.847932136258336300e-07
3.813039689548602951e-07
3.774587075122681767e-07
3.730433357773677017e-07
3.681113651676781728e-07
3.623167067479116099e-07
3.560424109982918139e-07
3.489153612701301199e-07
3.412426999860329602e-07
3.323460212589779417e-07
3.225696479924877735e-07
3.117431988108876340e-07
2.997617916111749992e-07
2.865299372212248841e-07
2.719677885121285499e-07
2.558878094971461792e-07
2.384173189984295504e-07
2.194363553087441687e-07
1.989245141942319606e-07
1.768412591918178123e-07
1.533353235494416822e-07
1.285810240503337809e-07
1.026444357288269771e-07
7.642140764652083362e-08
5.040650963294979192e-08
2.532408871491753644e-08
2.758345774012127549e-09
1.556556084025828568e-08
2.814689670227465967e-08
3.229308853658352518e-08
2.526976783379097924e-08
3.728814368386679234e-09
3.466642017890819716e-08
9.240663156884210139e-08
1.699959526479943861e-07
2.671447774105217832e-07
3.797189209731044457e-07
5.013382202712080016e-07
6.203251015080013531e-07
7.253991749500698916e-07
8.063915072353822211e-07
8.499384992477487799e-07
8.525395711611594152e-07
8.140310754356505640e-07
7.375391699593336625e-07
6.329565447327212269e-07
5.142217642806201638e-07
3.932559442532124194e-07
2.790556857812376279e-07
1.798978046529953190e-07
9.964330649481212276e-08
3.947562765560519438e-08
1.057202547727342790e-09
2.444874691587273219e-08
3.307231710714120254e-08
3.005633741892665967e-08
1.834381135878970781e-08
1.110223024625156540e-16
