0.000000000000000000e+00
1.499286366279939386e-06
1.748633597697946129e-06
1.827541595167403443e-06
1.861977213746257576e-06
1.879877579158417689e-06
1.890340887156227723e-06
1.897053875543619483e-06
1.901581171193100772e-06
1.904770889682438906e-06
1.907161550240843439e-06
1.908946644202380583e-06
1.910344609834524476e-06
1.911433969881137784e-06
1.912326215491866321e-06
1.913070646231140870e-06
1.913664393282665799e-06
1.914169224681572246e-06
1.914601474251043101e-06
1.914975808925412082e-06
1.915301004573599641e-06
1.915566489985032206e-06
1.915822996245708509e-06
1.916030373916299823e-06
1.916221462505696138e-06
1.916386832889749314e-06
1.916533821422206074e-06
1.916650872013647700e-06
1.916782022770568972e-06
1.916886976927045794e-06
1.916981154037600277e-06
1.917061658640584199e-06
1.917132499973384085e-06
1.917206168600138483e-06
1.917271718276936099e-06
1.917317749122737780e-06
1.917376366344925032e-06
1.917420559882643261e-06
1.917450856536717652e-06
1.917494709458011926e-06
1.917525319639068471e-06
1.917551969432551573e-06
1.917574881216133065e-06
1.917590256472756494e-06
1.917606205381616746e-06
1.917613964619313549e-06
1.917623440261806422e-06
1.917638658865961077e-06
1.917641935911262863e-06
1.917642164062094423e-06
1.917630482850540830e-06
1.917629482539595642e-06
1.917624455449740140e-06
1.917612275637026187e-06
1.917592850952942740e-06
1.917565090714390408e-06
1.917551638697112537e-06
1.917525550010346080e-06
1.917495544789815654e-06
1.917456342037660022e-06
1.917417669194954044e-06
1.917374188087350717e-06
1.917321457378662330e-06
1.917271143625498553e-06
1.917215775137925959e-06
1.917143198082449373e-06
1.917073549684289446e-06
1.916984895711237868e-06
1.916901699150486138e-06
1.916798439527411801e-06
1.916683210922975888e-06
1.916550127933902559e-06
1.916409897328996692e-06
1.916247443833896114e-06
1.916059764406341515e-06
1.915845805555704828e-06
1.915615447378726799e-06
1.915333706303812278e-06
1.915026407894870886e-06
1.914665048841079908e-06
1.914255208679271902e-06
1.913741261239110258e-06
1.913163333755463213e-06
1.912458490571644631e-06
1.911588576319900312e-06
1.910525688320063864e-06
1.909176751802021954e-06
1.907453917704415858e-06
1.905190667117473424e-06
1.902130082220843121e-06
1.897812886952898737e-06
1.891553015775926383e-06
1.881794029268135660e-06
1.865311377580169960e-06
1.834510736431482769e-06
1.765825426103262430e-06
1.562053412063058033e-06
4.871033921771683595e-07
1.088126897652585967e-05
6.661338147750939243e-16
