0.000000000000000000e+00
2.797719040881219144e-07
3.263008302445413733e-07
3.410252608082586789e-07
3.474510408274511519e-07
3.507912902378507169e-07
3.527437711925429653e-07
3.539964308352239186e-07
3.548412327303296365e-07
3.554364438329571385e-07
3.558825485416861056e-07
3.562156505321212308e-07
3.564765141961245831e-07
3.566797927012643754e-07
3.568462867420407747e-07
3.569852015106178555e-07
3.570959948850926935e-07
3.571901988630443725e-07
3.572708543453373409e-07
3.573407048040877498e-07
3.574013905938144831e-07
3.574509279680171403e-07
3.574987932353224096e-07
3.575374927233809785e-07
3.575731486460398401e-07
3.576040060737639692e-07
3.576314343556319386e-07
3.576532805471543952e-07
3.576777508618178558e-07
3.576973337526823116e-07
3.577149091382736401e-07
3.577299353407781268e-07
3.577431503254402401e-07
3.577568982171541734e-07
3.577691322087517278e-07
3.577777173413565492e-07
3.577886584782419277e-07
3.577969033274897015e-07
3.578025562500641854e-07
3.578107397039786974e-07
3.578164544659756530e-07
3.578214289312597884e-07
3.578257007363916387e-07
3.578285707739325971e-07
3.578315460606162901e-07
3.578329946796188210e-07
3.578347628208078390e-07
3.578376005508587809e-07
3.578382131719237691e-07
3.578382569147109393e-07
3.578360755485121558e-07
3.578358921396684877e-07
3.578349540012126795e-07
3.578326801534359447e-07
3.578290519445914697e-07
3.578238729762261983e-07
3.578213639832128479e-07
3.578164942119599345e-07
3.578108936919122129e-07
3.578035832063619637e-07
3.577963662015903878e-07
3.577882533578602420e-07
3.577784102315462178e-07
3.577690231848507096e-07
3.577586894509821036e-07
3.577451475056392383e-07
3.577321510128683713e-07
3.577156079126453392e-07
3.577000828869358884e-07
3.576808177419010804e-07
3.576593138321371157e-07
3.576344781430762509e-07
3.576083102974081385e-07
3.575779948805646313e-07
3.575429782243233490e-07
3.575030511626664520e-07
3.574600674349781571e-07
3.574074928236470328e-07
3.573501493603359336e-07
3.572827177444892754e-07
3.572062401424602740e-07
3.571103368571471037e-07
3.570024945664940219e-07
3.568709664447666796e-07
3.567086426237153773e-07
3.565103051661466793e-07
3.562585892957770284e-07
3.559371043460046735e-07
3.555147758405041714e-07
3.549436659033844421e-07
3.541380647620329114e-07
3.529699542648145894e-07
3.511489040652904237e-07
3.480732019278676148e-07
3.423257221024655905e-07
3.295088703003656860e-07
2.914844674517524936e-07
9.089467212231028270e-08
2.030608561742752727e-06
7.771561172376095783e-16
