0.000000000000000000e+00
9.863916239361003591e-08
1.150446953257500127e-07
1.202363929531102826e-07
1.225020711537183615e-07
1.236798237158609481e-07
1.243682534735057743e-07
1.248099299466787215e-07
1.251078064479216323e-07
1.253176720172888281e-07
1.254749618651018750e-07
1.255924139131892048e-07
1.256843933372664424e-07
1.257560700018700572e-07
1.258147734883863222e-07
1.258637535306306177e-07
1.259028199473988252e-07
1.259360320471358818e-07
1.259644722972907971e-07
1.259891029281590136e-07
1.260105004785572191e-07
1.260279680614928566e-07
1.260448415640880171e-07
1.260584894247074317e-07
1.260710600359260525e-07
1.260819396664558667e-07
1.260916098200226543e-07
1.260993139906574356e-07
1.261079414227594953e-07
1.261148478981510834e-07
1.261210395009371155e-07
1.261263397056566760e-07
1.261310036415608238e-07
1.261358483217733806e-07
1.261401640917370059e-07
1.261431887833452947e-07
1.261470440327983056e-07
1.261499552596134777e-07
1.261519460005189330e-07
1.261548316922045387e-07
1.261568455257489063e-07
1.261586012324400485e-07
1.261601074720175575e-07
1.261611187741706885e-07
1.261621684900404716e-07
1.261626798587656140e-07
1.261633033600162435e-07
1.261643025607384061e-07
1.261645203864958376e-07
1.261645358185958798e-07
1.261637648797275801e-07
1.261637011529259667e-07
1.261633695293085111e-07
1.261625702797530835e-07
1.261612883052265488e-07
1.261594656520870217e-07
1.261585812484256053e-07
1.261568634003396028e-07
1.261548887576680045e-07
1.261523082662918682e-07
1.261497626359187052e-07
1.261469059210540422e-07
1.261434346977452492e-07
1.261401232355296997e-07
1.261364792615182751e-07
1.261317049694454795e-07
1.261271215247106170e-07
1.261212926317867300e-07
1.261158151244501369e-07
1.261090220028293629e-07
1.261014399567272903e-07
1.260926840718212816e-07
1.260834577854197391e-07
1.260727700014285801e-07
1.260604214348148844e-07
1.260463418084611931e-07
1.260311868200858498e-07
1.260126485380652639e-07
1.259924308216753275e-07
1.259686543964022576e-07
1.259416901877585815e-07
1.259078751258968509e-07
1.258698509865041615e-07
1.258234761936094515e-07
1.257662374243295744e-07
1.256963060303206703e-07
1.256075530253752959e-07
1.254942021411409314e-07
1.253452928118292675e-07
1.251439193383774295e-07
1.248598713310400399e-07
1.244480066775466298e-07
1.238059148533920961e-07
1.227214450061353546e-07
1.206949254983769038e-07
1.161758151901892688e-07
1.027688489863010091e-07
3.204578380433531493e-08
7.156777590555662982e-07
9.992007221626408864e-16
