0.000000000000000000e+00
5.767135657919197911e-10
2.398897192001925305e-09
5.398933744515943545e-09
9.630196529109014136e-09
1.492226719967959525e-08
2.117265551770941556e-08
2.833885381914313939e-08
3.635972567472833816e-08
4.497938654868249841e-08
5.416649695444419876e-08
6.353363779521004062e-08
7.318545525158981491e-08
8.289760844437665810e-08
9.275543788600515427e-08
1.021909101783791129e-07
1.110876421961393135e-07
1.194866966480745418e-07
1.274047574106873526e-07
1.343609529191880370e-07
1.404779319535975901e-07
1.453612167301443492e-07
1.494107009225587035e-07
1.522135804066238052e-07
1.536453237971358021e-07
1.539769021174919317e-07
1.530784727865608374e-07
1.510401703708197374e-07
1.474615043406402037e-07
1.430308184113826542e-07
1.375524480984324782e-07
1.310518538133464972e-07
1.235968514201601920e-07
1.153491836491937761e-07
1.067457131576077245e-07
9.752910767879541254e-08
8.777208160282157223e-08
7.805401636140629762e-08
6.835900168145059297e-08
5.883527620653694612e-08
4.953072751945342134e-08
4.059347902263255037e-08
3.227770373204208454e-08
2.464134674085016741e-08
1.794914150643478479e-08
1.219143719310977758e-08
7.391999456984876815e-09
3.758757083360819706e-09
1.349203415657029836e-09
1.429329987701066784e-10
1.992708220655003970e-10
1.438988928015305646e-09
3.833313111378799931e-09
7.484634467758155552e-09
1.228887558379909706e-08
1.800981475064133974e-08
2.472822868693214104e-08
3.227970535313318123e-08
4.059519764787467011e-08
4.949016851885090773e-08
5.875582731462714037e-08
6.853244904903021961e-08
7.829493453570535166e-08
8.800121742424948934e-08
9.762331831808523930e-08
1.069457888913660781e-07
1.155692149756859521e-07
1.235906370578021551e-07
1.312562700750419253e-07
1.377650682421460715e-07
1.431725979994524778e-07
1.475120875449320579e-07
1.509567272295342377e-07
1.533240764350907170e-07
1.540791332299562555e-07
1.537856906264067902e-07
1.523038901662943090e-07
1.493244072836574787e-07
1.455155735907709413e-07
1.405589535874440799e-07
1.345928017926212306e-07
1.275538710210355475e-07
1.196358597743696350e-07
1.113084822090826265e-07
1.022753437496248807e-07
9.285217983379112638e-08
8.314489841065864084e-08
7.340912400177757036e-08
6.359726545390742558e-08
5.403862202157938555e-08
4.501385564292803565e-08
3.632900946737294134e-08
2.836366508329746239e-08
2.121643638552939137e-08
1.500006985288848682e-08
9.716647708657433213e-09
5.458792196044726097e-09
2.439182855695776198e-09
6.571649890929620597e-10
0.000000000000000000e+00
