0.000000000000000000e+00
8.069220423290168753e-06
9.518893612669998561e-06
1.043179676096794850e-05
1.133808512976397509e-05
1.222970111136589821e-05
1.307988831689144149e-05
1.388429966076021316e-05
1.464539650519736114e-05
1.534736804953418243e-05
1.599088843984297625e-05
1.658514150593148884e-05
1.713157121674413474e-05
1.762901691881868516e-05
1.808317374296652957e-05
1.849263792474964418e-05
1.886170214981941484e-05
1.919848610487662199e-05
1.949930083511297596e-05
1.976640557377340457e-05
2.001218777913926772e-05
2.023025277242407327e-05
2.042214669539799132e-05
2.060372776990782029e-05
2.074944310170856454e-05
2.088958580115374275e-05
2.100739104327065121e-05
2.110058863846742128e-05
2.118132643913472890e-05
2.125025706034566753e-05
2.131173311836764839e-05
2.135772904909849501e-05
2.138925920247558565e-05
2.140785336424144703e-05
2.141425289481357908e-05
2.141261138910444117e-05
2.139355730157443958e-05
2.136099369665078740e-05
2.132130343424076813e-05
2.125722107992888965e-05
2.119355709173653679e-05
2.111432307916327744e-05
2.101798123543829888e-05
2.090052429293276504e-05
2.077167771663557261e-05
2.062600027064043218e-05
2.044815880919426121e-05
2.025825827767224752e-05
2.004182413917199312e-05
1.980626486153269639e-05
1.953700665791036073e-05
1.924583566303983417e-05
1.890899427670067467e-05
1.854627554787047217e-05
1.813680861550981405e-05
1.769532314388477801e-05
1.720212141786969795e-05
1.666202943040318019e-05
1.607429041305952211e-05
1.543725717079169613e-05
1.474281011826228394e-05
1.399030361248776444e-05
1.319296664725744250e-05
1.234333385857766530e-05
1.146194229462160763e-05
1.055922379988860627e-05
9.647202568574542170e-06
8.455352964786833070e-06
1.895588328831854241e-05
8.473351120641403611e-06
6.693650772549020189e-06
6.411238675507746620e-06
6.468051651498107901e-06
6.956528098900349733e-06
7.967389431096094654e-06
9.561179424966148588e-06
1.178696571757509304e-05
1.459050220775637285e-05
1.791178340770915867e-05
2.148821302838666014e-05
2.504330399577536781e-05
2.821863832480620005e-05
3.063448692419701302e-05
3.198251464153756274e-05
3.205369181358275199e-05
3.084598009250871797e-05
2.855465134510293268e-05
2.544612480004371236e-05
2.191306443743989973e-05
1.831920442851853181e-05
1.496388375010759830e-05
1.206823560129244299e-05
9.774774020532284169e-06
8.103803074255289118e-06
7.019367731619929884e-06
6.477496025225626397e-06
6.371116175407642856e-06
6.621789693794788434e-06
6.463256674416051339e-06
1.935484476574093893e-08
