0.000000000000000000e+00
3.126008821241477165e-06
1.226124284325891267e-05
2.723596107701009572e-05
4.802643417134433435e-05
7.401498534709283206e-05
1.046928421776227580e-04
1.401696639388161358e-04
1.794393263803151228e-04
2.219305757220624287e-04
2.669349586321700940e-04
3.136398163563480779e-04
3.614856297686763753e-04
4.095311678239399455e-04
4.568292615866331730e-04
5.032295067783909559e-04
5.475123929344904994e-04
5.889429354131170413e-04
6.267757872788770612e-04
6.609134501591729105e-04
6.907233149128222394e-04
7.150899295111923237e-04
7.335454330018587044e-04
7.471823156303125657e-04
7.541160137570779298e-04
7.550104926185019494e-04
7.511559403768908183e-04
7.398685162937068682e-04
7.231197138468647978e-04
7.006944029955830544e-04
6.737872765715247070e-04
6.410628987788546951e-04
6.048464501809958094e-04
5.644018998705035983e-04
5.212951234524476618e-04
4.755729980918665945e-04
4.281161697292645840e-04
3.798614406255174103e-04
3.313404231389815990e-04
2.837329190296111747e-04
2.374067822342729173e-04
1.931663207099809654e-04
1.519567984510361569e-04
1.143692672253004972e-04
8.086170638088585605e-05
5.231987034559626437e-05
2.893103141266006872e-05
1.070081189635807561e-05
1.536442500338353057e-06
7.576372710427214940e-06
7.722880967064860158e-06
1.446457378206922328e-06
1.044909236402880026e-05
2.857741668438329441e-05
5.219587593841001905e-05
8.103700700756721886e-05
1.143410597407301665e-04
1.517369801745660496e-04
1.928654148580788430e-04
2.367957122436648021e-04
2.831660490189014112e-04
3.309494533343393385e-04
3.791497899426898854e-04
4.274962728594289274e-04
4.748957669055142716e-04
5.205967042795078825e-04
5.639530848355889248e-04
6.042859658983434912e-04
6.409695897737766046e-04
6.735389273712089064e-04
7.002687042809707663e-04
7.224755571165752954e-04
7.392993227776090137e-04
7.502110299419939565e-04
7.550687305236669644e-04
7.537514741845496857e-04
7.463556313795915997e-04
7.332224029875655802e-04
7.141278567291964308e-04
6.898939461795761119e-04
6.608149368121374323e-04
6.263977439413537240e-04
5.886319633084946545e-04
5.473513578234667776e-04
5.029976316349715759e-04
4.569059607628656039e-04
4.092240124534685108e-04
3.612859192636541650e-04
3.134623652720769371e-04
2.668008641156793814e-04
2.216936666826763158e-04
1.793888236512053425e-04
1.401190483575343038e-04
1.046912180749925980e-04
7.386644506301998092e-05
4.792347065041280274e-05
2.724862348535417311e-05
1.223483860002261281e-05
2.852620130444627478e-06
1.110223024625156540e-16
