0.000000000000000000e+00
5.267735114777849503e-08
2.123827000932720921e-07
4.884219699796688019e-07
8.633339826369379466e-07
1.330752443573501864e-06
1.898382944620635726e-06
2.536512596629236782e-06
3.245976082477675106e-06
4.012117489016198135e-06
4.827828165132608262e-06
5.678611599058136505e-06
6.548719312937656412e-06
7.411177021854342684e-06
8.283993416124957321e-06
9.129064657664720528e-06
9.944983999088385929e-06
1.069391049868251287e-05
1.138184683235898831e-05
1.198240804223260625e-05
1.252421505903988930e-05
1.297720390569523374e-05
1.333118464308391538e-05
1.356276261654798532e-05
1.370672555667251657e-05
1.374142697441183003e-05
1.363701186773980112e-05
1.343369476192179945e-05
1.313957135473664550e-05
1.274575061660510045e-05
1.224339631067383749e-05
1.165721683438203371e-05
1.101019177118800485e-05
1.028678769310342744e-05
9.484854872399139936e-06
8.644167982518879967e-06
7.788518619600282022e-06
6.925792694456589516e-06
6.048240150713368735e-06
5.166226508257487637e-06
4.331720801276084387e-06
3.545450063424659959e-06
2.813497368858719483e-06
2.124396351277368922e-06
1.526150336661480367e-06
1.004329720055707753e-06
5.719799959225113639e-07
2.436552201112718308e-07
2.838973967023150635e-08
8.198226442157618976e-08
8.223430547626975340e-08
3.064817377662620856e-08
2.442457693874189317e-07
5.697666992654504270e-07
9.983625092191417139e-07
1.514620238007857722e-06
2.121554631417943426e-06
2.811987289241812960e-06
3.553802762401581106e-06
4.342951690938789966e-06
5.177544624590524336e-06
6.045097251772268976e-06
6.919388658266356629e-06
7.798418357740644069e-06
8.648296349944573080e-06
9.482489840673125059e-06
1.027657348828814321e-05
1.100093371464438974e-05
1.165830452187766042e-05
1.223927819982151277e-05
1.274905939152581880e-05
1.315277152513782966e-05
1.345256264462246776e-05
1.363104883556065516e-05
1.371200034583353045e-05
1.370304968606461671e-05
1.357582120153910665e-05
1.332881690530030028e-05
1.297294683189065267e-05
1.255578683068137025e-05
1.198451894202090529e-05
1.136340600482732555e-05
1.067827223288908556e-05
9.940274314446106985e-06
9.134815889488834273e-06
8.281837278190096185e-06
7.424577098458229329e-06
6.546926440420541837e-06
5.675962715612214993e-06
4.824160172334224228e-06
4.005567749154614887e-06
3.244413713021643275e-06
2.549822745612218000e-06
1.908730343780362659e-06
1.344052154461650161e-06
8.680370094937828185e-07
4.942353780679198394e-07
2.233503384463375596e-07
5.895392862775850062e-08
0.000000000000000000e+00
