0.000000000000000000e+00
3.857378052196658302e-06
4.328310878154439933e-06
4.436232342475143753e-06
4.469977105903133463e-06
4.482503333291809611e-06
4.487570240518934384e-06
4.489647256633588768e-06
4.490448778593503221e-06
4.490632573017627749e-06
4.490548046409692517e-06
4.490338517793013295e-06
4.490074331897631055e-06
4.489792358230992875e-06
4.489516011174643495e-06
4.489242300786955298e-06
4.489004796881523873e-06
4.488790664836095345e-06
4.488586815454276291e-06
4.488396687096773974e-06
4.488234224497844593e-06
4.488066882579744288e-06
4.487932711128017615e-06
4.487795258301119361e-06
4.487675466902096844e-06
4.487567274336079493e-06
4.487461411128990107e-06
4.487378501116801033e-06
4.487297964539394002e-06
4.487222611704311248e-06
4.487160569444093028e-06
4.487094558691673285e-06
4.487038501643780819e-06
4.486994308772196405e-06
4.486940893833057942e-06
4.486903173339662487e-06
4.486860531449643474e-06
4.486832127170714557e-06
4.486801483238878063e-06
4.486770322165156699e-06
4.486749261234379560e-06
4.486732133601734063e-06
4.486713973572697967e-06
4.486689295979395808e-06
4.486676159598523839e-06
4.486676816961576719e-06
4.486661705827010849e-06
4.486654863189443176e-06
4.486662909641836450e-06
4.486658450875147253e-06
4.486661736469166328e-06
4.486669531900133734e-06
4.486664834990605755e-06
4.486685430626913273e-06
4.486697012917595373e-06
4.486711939422072248e-06
4.486721171592655821e-06
4.486746619014603255e-06
4.486766283728904625e-06
4.486797871017245143e-06
4.486820546323322390e-06
4.486855071594852973e-06
4.486899375821806757e-06
4.486940951786699827e-06
4.486987668861353029e-06
4.487038171796520203e-06
4.487093037686129549e-06
4.487157468924252157e-06
4.487212502790605129e-06
4.487290043653224814e-06
4.487366117911228969e-06
4.487452353485466006e-06
4.487545334774800665e-06
4.487657222718155481e-06
4.487775942307870025e-06
4.487902316663294755e-06
4.488045275308216731e-06
4.488210315178875476e-06
4.488370309974065719e-06
4.488558361548378173e-06
4.488757315512792445e-06
4.488975177352472201e-06
4.489214725733603473e-06
4.489466271295761146e-06
4.489741664115420861e-06
4.490033924664516007e-06
4.490293286085744739e-06
4.490514349253516002e-06
4.490627351083631424e-06
4.490511529731122664e-06
4.489839550592122919e-06
4.488021406068298802e-06
4.483581822145588092e-06
4.472681190192950851e-06
4.443854609292863245e-06
4.354495329539354032e-06
3.986991309101739489e-06
1.425874942451166305e-06
1.634131165528796004e-05
2.411807732694004613e-15
