0.000000000000000000e+00
4.690059929313150633e-08
9.190407368464548199e-08
1.313040209893756582e-07
1.691711466467182845e-07
2.024506301490092142e-07
2.327044660299648626e-07
2.594946046929891281e-07
2.841136355069551200e-07
3.072582088758935015e-07
3.282154666939263166e-07
3.463885646093345372e-07
3.645077151226416845e-07
3.800780453699914574e-07
3.942488460140225470e-07
4.071441869202274688e-07
4.182968823540633707e-07
4.295389092190404767e-07
4.388880523453764226e-07
4.480089789149488411e-07
4.550848650142214069e-07
4.628169407716598016e-07
4.692847941356603769e-07
4.754050813016164057e-07
4.805741705693478139e-07
4.846296585148124336e-07
4.891729991074456052e-07
4.926623045076183871e-07
4.956443695469658905e-07
4.976266664291628672e-07
5.001630911660726042e-07
5.017295013898248612e-07
5.028485545732763740e-07
5.030194417665612150e-07
5.037706438670852549e-07
5.030716352383279855e-07
5.029531799927156044e-07
5.013779030837994810e-07
5.003750510601534529e-07
4.980942068799620870e-07
4.959692121442316193e-07
4.930466210861794707e-07
4.890998903661625263e-07
4.856643021078355105e-07
4.811542814175950866e-07
4.760579060958392006e-07
4.703390777960336777e-07
4.639565358566244413e-07
4.568633409363087594e-07
4.481208912832101987e-07
4.403250035700523313e-07
4.307515851786902772e-07
4.198652552300785601e-07
4.080254382143877478e-07
3.958618063348851024e-07
3.818503834240871697e-07
3.654681662856873459e-07
3.495388396501653006e-07
3.309485270275303037e-07
3.101250527492993569e-07
2.880442970809582448e-07
2.633316102951255289e-07
2.357270542097111843e-07
2.058056879361558344e-07
1.725538580910068731e-07
1.371566848984429043e-07
9.693172120517346002e-08
5.378995238114470112e-08
6.024670096138606823e-09
4.666965824906554872e-08
1.034322478776772414e-07
1.659179081903161546e-07
2.308654851734814883e-07
3.017108961556047575e-07
3.745289280931984877e-07
4.526004374616476866e-07
5.315650083437262197e-07
6.071760103587564572e-07
6.820950846364581821e-07
7.530289090063035928e-07
8.131529651844715545e-07
8.624362335396540402e-07
8.974250425008989396e-07
9.151433152387866699e-07
9.179032520734153877e-07
9.013523173395654453e-07
8.665689854581160034e-07
8.197376972773895432e-07
7.608493933775051232e-07
6.907732950089950918e-07
6.163672124914754136e-07
5.402352292183110194e-07
4.613419788412898015e-07
3.836202576712466339e-07
3.110599553490800417e-07
2.384740995786671647e-07
1.730241006026034256e-07
1.099992296138552206e-07
5.367160704761175793e-08
0.000000000000000000e+00
