0.000000000000000000e+00
8.751429692033241281e-09
1.714948316688946761e-08
2.450139913179327777e-08
3.156780903346145806e-08
3.777785329006633219e-08
4.342330028883623072e-08
4.842223932932654407e-08
5.301617378439260619e-08
5.733507690841577187e-08
6.124586016120758813e-08
6.463687240998439165e-08
6.801814222967550450e-08
7.092360343463610661e-08
7.356791353885228091e-08
7.597421869398601757e-08
7.805522539428011441e-08
8.015313113229893816e-08
8.189766820265731440e-08
8.359969527749200324e-08
8.491993519488261200e-08
8.636286563667994187e-08
8.756978131518877717e-08
8.871188161840848352e-08
8.967644737900570817e-08
9.043311466339076787e-08
9.128101208233374564e-08
9.193212391345184642e-08
9.248858223731559747e-08
9.285839452921607062e-08
9.333179196158170043e-08
9.362408603941219098e-08
9.383290366926644310e-08
9.386470556371762086e-08
9.400496736589047941e-08
9.387444388497812042e-08
9.385243038284585282e-08
9.355838748170697272e-08
9.337133988207568791e-08
9.294569747186898212e-08
9.254920385615150735e-08
9.200383599416994684e-08
9.126727196218098470e-08
9.062628070211076192e-08
8.978469701048652496e-08
8.883370161694159606e-08
8.776654891740065523e-08
8.657555272684192005e-08
8.525194306052696902e-08
8.362043746323877258e-08
8.216584446163466282e-08
8.037942333949388285e-08
7.834795989758447377e-08
7.613854358101690423e-08
7.386890032989867905e-08
7.125432988086544128e-08
6.819718134654095820e-08
6.522490769711453140e-08
6.175590860912905100e-08
5.787013956926045921e-08
5.374986145056936948e-08
4.913840978559846917e-08
4.398726216603421335e-08
3.840385287556813410e-08
3.219882027671872038e-08
2.559382039635238471e-08
1.808765626165609319e-08
1.003735738969169233e-08
1.124223270032587152e-09
8.708788468148043194e-09
1.930085868906417090e-08
3.096125800183813226e-08
4.308029066812935071e-08
5.630060018191329618e-08
6.988819090114617438e-08
8.445714694271799772e-08
9.919241739098083599e-08
1.133008509235367001e-07
1.272809824204301776e-07
1.405182757929779314e-07
1.517370439296783502e-07
1.609334722152411246e-07
1.674625068615043233e-07
1.707685290952554169e-07
1.712845107970650815e-07
1.681960396515691514e-07
1.617044043111803830e-07
1.529657771559556068e-07
1.419776132216554743e-07
1.289003623838880230e-07
1.150159552043561462e-07
1.008101341293254904e-07
8.608793800046754541e-08
7.158465997747498477e-08
5.804530467390378590e-08
4.449995338884349394e-08
3.228718647996231539e-08
2.052617043002413766e-08
1.001559324365075554e-08
0.000000000000000000e+00
