0.000000000000000000e+00
9.155090746615357489e-07
1.089617775118512100e-06
1.250749588899147113e-06
1.411196652645330119e-06
1.567835284266294593e-06
1.718634507597016636e-06
1.860589396107670268e-06
1.995017344214033983e-06
2.119052593285708497e-06
2.233079040903085399e-06
2.337558164922093340e-06
2.434279397056648975e-06
2.521711304659390862e-06
2.601056965145787103e-06
2.674093565135926553e-06
2.739193174505771822e-06
2.799392117003307590e-06
2.852323275792656432e-06
2.899498785180476546e-06
2.942825080509692270e-06
2.981084617825757732e-06
3.015304056441792113e-06
3.046110093385401285e-06
3.073654089691402191e-06
3.096749566999790204e-06
3.117255472973035069e-06
3.134785775849024958e-06
3.149185995310332942e-06
3.161935107076629947e-06
3.171571693938446401e-06
3.180087438270362554e-06
3.185722639797994304e-06
3.189074140097503118e-06
3.189691366478619727e-06
3.189633262623559062e-06
3.186686538203531427e-06
3.180764990062812103e-06
3.173030289627121192e-06
3.162889820051972833e-06
3.151023233560756864e-06
3.136757130373091229e-06
3.119532886564080343e-06
3.099772452164195613e-06
3.076757738029733957e-06
3.049269675425847481e-06
3.018969082280165139e-06
2.985336842620256448e-06
2.947637624761689779e-06
2.905340540815259942e-06
2.858600165023261752e-06
2.806326711235485050e-06
2.746774628192838463e-06
2.682377175489136789e-06
2.610513474721187777e-06
2.531926547533203120e-06
2.444923338340565522e-06
2.350101198755893961e-06
2.246033234287736491e-06
2.133325601838542696e-06
2.010669354124416941e-06
1.878034844859932662e-06
1.736010580066782438e-06
1.585870091025398665e-06
1.430409243718955281e-06
1.271170385619413423e-06
1.109903173812654131e-06
1.281874434599927781e-06
1.753158168665835959e-06
1.237403435550010755e-06
5.850170310406355156e-07
5.373176505951704485e-07
5.464048148384748060e-07
6.327621424606633127e-07
8.111162873580823884e-07
1.092947919834053039e-06
1.483738133911671753e-06
1.981921071481096419e-06
2.567143224441181815e-06
3.198823660066629770e-06
3.829699289803478734e-06
4.392718861767619387e-06
4.820696316021333416e-06
5.058785087497241761e-06
5.070568365406202815e-06
4.859676834612081109e-06
4.453233180656823720e-06
3.903391446069548465e-06
3.278607610179840037e-06
2.644066108170584073e-06
2.051122612534150846e-06
1.540113611309124053e-06
1.134764243237995629e-06
8.397521592540257984e-07
6.500582436785862228e-07
5.505753607470964539e-07
5.338950954669741122e-07
5.780440376357276477e-07
6.445187938908247816e-07
0.000000000000000000e+00
