0.000000000000000000e+00
2.312499081114083310e-10
2.636433293901063735e-10
3.175796292609334159e-10
3.899713885147093606e-10
4.815234877497687194e-10
5.918511236657764130e-10
7.168198257190283584e-10
8.554998931487034497e-10
1.005030836331854971e-09
1.162857699021913049e-09
1.327988607968677570e-09
1.497268864447676151e-09
1.666779381181981989e-09
1.835034235675436776e-09
1.999179155554031695e-09
2.155078338006433114e-09
2.302290691424957458e-09
2.437701929203228701e-09
2.558954159681547935e-09
2.664403031538142841e-09
2.751776695397722960e-09
2.818968725115666984e-09
2.868357218410721998e-09
2.894275152875991353e-09
2.900375495329399200e-09
2.883819516519281478e-09
2.846789914912051245e-09
2.787086228472901439e-09
2.711346480666065872e-09
2.613325889022632964e-09
2.500661677728999166e-09
2.371489782326818840e-09
2.230026052707501094e-09
2.078540117800287135e-09
1.918343262019561735e-09
1.751354838930296864e-09
1.582320274806647831e-09
1.412448158433221579e-09
1.245064829014097540e-09
1.083477085828121744e-09
9.292807634508903902e-10
7.850434746714540779e-10
6.529448093317569146e-10
5.349175546953688354e-10
4.334318459697783510e-10
3.513854762715595825e-10
2.883270289188999413e-10
2.448254932119198202e-10
2.233346840796457400e-10
2.233591089861874934e-10
2.448170555169326690e-10
2.882113436797340000e-10
3.512365953639573490e-10
4.332807446161268672e-10
5.347953191403576056e-10
6.526018614394502038e-10
7.847095195856468308e-10
9.289223834585413897e-10
1.083023337677957443e-09
1.244627623187000154e-09
1.412079231322138639e-09
1.581835773478701412e-09
1.750872447026097234e-09
1.917776715210095517e-09
2.078024641249953675e-09
2.229404771902920857e-09
2.371051244232091904e-09
2.500140094952030267e-09
2.612744687269241695e-09
2.710749513745724926e-09
2.786538666477156312e-09
2.846224256281004727e-09
2.883232985695372008e-09
2.899698259284377855e-09
2.893766781753015493e-09
2.867737824985283623e-09
2.818400401949361367e-09
2.751237682119267447e-09
2.663873122088489254e-09
2.558509071270975710e-09
2.437135826482972334e-09
2.301822732420077955e-09
2.154597611436770421e-09
1.998753274001785485e-09
1.834612683992986604e-09
1.666417337453651726e-09
1.496870849493348032e-09
1.327632226377772895e-09
1.162617446759384165e-09
1.004798688697405851e-09
8.552728525401676052e-10
7.166806037517403638e-10
5.916555023688374604e-10
4.812659160080556831e-10
3.898493750043030559e-10
3.174803753225319269e-10
2.635746065848820763e-10
2.311731917004067327e-10
0.000000000000000000e+00
