0.000000000000000000e+00
1.271694194393546695e-09
5.674020586710071257e-09
1.325872167612374142e-08
2.381457342437443003e-08
3.708009976843840150e-08
5.267920588636343382e-08
7.046347705319533361e-08
9.072382445296511833e-08
1.125112387700966110e-07
1.351205612953876312e-07
1.585079720811677362e-07
1.828281754878702259e-07
2.073266063273848658e-07
2.315771672201094589e-07
2.549546057606377758e-07
2.776768223133885272e-07
2.991656289363930910e-07
3.187161048412434639e-07
3.358894228311370966e-07
3.506787095153285350e-07
3.630739164872665015e-07
3.732292928049218972e-07
3.798936888399495615e-07
3.834996642471111272e-07
3.848720271371064428e-07
3.830199764021102737e-07
3.768582692575961346e-07
3.682720248754378645e-07
3.578923283287238633e-07
3.442111395912661465e-07
3.275349034215224719e-07
3.086051828526947816e-07
2.885253697071377132e-07
2.670582762709372560e-07
2.439094751727211019e-07
2.195268418159201929e-07
1.953760971895590615e-07
1.714127260132869424e-07
1.474463100503697888e-07
1.240531726232063647e-07
1.018033569666343396e-07
8.118122729605659060e-08
6.245669148530197390e-08
4.583274704206274919e-08
3.153385919052453801e-08
1.953404682453196983e-08
1.028851237538930263e-08
4.154839139403065928e-09
9.490983554627518970e-10
7.991776129756544833e-10
3.821183147678652858e-09
9.900308794996703909e-09
1.913687053267665306e-08
3.104384527219394840e-08
4.530634523103316269e-08
6.194621338106998110e-08
8.089926040177886080e-08
1.016303208256630342e-07
1.238671445413785932e-07
1.468988659603098768e-07
1.712446010548873687e-07
1.956613631115544649e-07
2.196946575772074084e-07
2.436588184551169434e-07
2.667474940931668925e-07
2.888152751401307228e-07
3.084678080744751583e-07
3.271411904703924733e-07
3.436115891819468970e-07
3.577869988058424155e-07
3.692034495905716085e-07
3.773552141872471566e-07
3.821896081834808001e-07
3.840464462001591528e-07
3.831984414226496938e-07
3.799527403813840465e-07
3.728563868765633060e-07
3.629158306095447983e-07
3.508100874238806455e-07
3.360406503061241779e-07
3.185238619529684456e-07
2.985827934898210856e-07
2.774770522240288528e-07
2.553759270718103380e-07
2.319991827537393192e-07
2.073345610753563051e-07
1.830528790769392344e-07
1.588917416528445870e-07
1.351968805796133211e-07
1.122327808467105115e-07
9.058193028987915341e-08
7.087596787247463226e-08
5.295373406433157015e-08
3.723453800841269867e-08
2.408775634510362806e-08
1.361682100409211671e-08
6.227430793259713937e-09
1.695771745247043327e-09
0.000000000000000000e+00
