0.000000000000000000e+00
9.032601694936026604e-06
1.681316311874514469e-05
2.301274507288120219e-05
2.788148573007465103e-05
3.166010068411662104e-05
3.457102640214149147e-05
3.683203195836703969e-05
3.857382569760758884e-05
3.993483629916028121e-05
4.099679743041484414e-05
4.183880626551506055e-05
4.250773004987884462e-05
4.302777880382802067e-05
4.345234171654333011e-05
4.379062976256342665e-05
4.405846553001691035e-05
4.427178455768121523e-05
4.444617180043852755e-05
4.458438299115297099e-05
4.469756577762939997e-05
4.479061502782322179e-05
4.486449358576116708e-05
4.492286354040864182e-05
4.496985247048890244e-05
4.500710534849350353e-05
4.503523943821807762e-05
4.506013443839052002e-05
4.508233091260471781e-05
4.509417725562236967e-05
4.510793136724977614e-05
4.511339441082284907e-05
4.511503739657030110e-05
4.511671900364611076e-05
4.512181727189812364e-05
4.512397218026098500e-05
4.512759236408037111e-05
4.512911035270406046e-05
4.513097255898212978e-05
4.512252611077460784e-05
4.512427416747399889e-05
4.512485352681228079e-05
4.512664360012408338e-05
4.512850662219403119e-05
4.513024878849414279e-05
4.513004212691740236e-05
4.512785100307947772e-05
4.512707856318964872e-05
4.512777557719171995e-05
4.512912493992438101e-05
4.512522163901966366e-05
4.512288605762471150e-05
4.512200117268161392e-05
4.511637341564345149e-05
4.510908589405726588e-05
4.510195860074617258e-05
4.508687537396749434e-05
4.507126198083355462e-05
4.505833661905267462e-05
4.503116149146002556e-05
4.500146987207465088e-05
4.496323487779285699e-05
4.491552539631626928e-05
4.485873937587481208e-05
4.477875338948500428e-05
4.468236576471440458e-05
4.457184324657692542e-05
4.443160872669160710e-05
4.425583319045411912e-05
4.403167503830296425e-05
4.375544511470152997e-05
4.341030679433366402e-05
4.298060995178154542e-05
4.244830879707173210e-05
4.175913183335211443e-05
4.089304813736927002e-05
3.979418303579063121e-05
3.838326042993056575e-05
3.658616752866272748e-05
3.426066887712853060e-05
3.126472254577628007e-05
2.736404806269465695e-05
2.233734079259974692e-05
1.590344167323731739e-05
7.885713772415314793e-06
1.522806973408563636e-06
1.102005415642981490e-05
1.720398747795393035e-05
1.215833816181621785e-05
1.712356144112359146e-05
7.900703496843686224e-05
1.539260114775675703e-04
1.885545645156083694e-04
1.520800884616813065e-04
7.760380698496049945e-05
1.745354683113653493e-05
1.052976643367564691e-05
1.524997459734223071e-05
9.271379726949469102e-06
2.109423746787797427e-15
