0.000000000000000000e+00
2.004832111435206343e-07
3.089193326699657405e-07
3.732058762029311083e-07
4.192317197837525100e-07
4.564833827602754468e-07
4.903612806916868294e-07
5.223771146756206463e-07
5.525187171118162155e-07
5.807645846456210847e-07
6.097845357544429135e-07
6.345562753029554415e-07
6.582829592538530505e-07
6.802055065868728434e-07
7.003548397888081922e-07
7.196876296022836073e-07
7.377777295758392029e-07
7.541562576651728023e-07
7.692650419999225164e-07
7.835608319961551160e-07
7.966216768462430764e-07
8.082646640872326316e-07
8.198503429479586657e-07
8.296061548840327760e-07
8.387232879325523527e-07
8.472704202677761032e-07
8.551029929693143572e-07
8.627629766166933223e-07
8.686877235319911961e-07
8.751353476332823789e-07
8.807658393727990642e-07
8.856375824928264251e-07
8.897917656014442400e-07
8.933561216339924727e-07
8.965686133510786249e-07
8.991233171329326979e-07
9.026325815675306785e-07
9.035490916575739107e-07
9.053080947118985478e-07
9.067607065205152139e-07
9.077642899590898651e-07
9.084627802247169370e-07
9.108949792224763087e-07
9.083449270530508102e-07
9.076767636395643990e-07
9.097444397809795191e-07
9.085045766799026978e-07
9.068007819079682008e-07
9.027280130080583831e-07
9.009104222634789494e-07
8.987177508856802888e-07
8.959281613263314625e-07
8.927425191318505426e-07
8.898396541834330264e-07
8.851336814608146142e-07
8.793398759143755683e-07
8.736026561040333149e-07
8.681459533477209334e-07
8.606478028028163862e-07
8.535137290266447962e-07
8.460363386531000174e-07
8.369989719092529867e-07
8.281989968272895908e-07
8.176908112833558562e-07
8.066714399790342327e-07
7.945478214255174976e-07
7.806910633512131881e-07
7.667382218023988116e-07
7.511317170472153748e-07
7.347037409566326005e-07
7.164065192188928677e-07
6.972560473439415318e-07
6.763626081429663373e-07
6.541897989986722450e-07
6.294774284043569423e-07
6.040773556925671528e-07
5.768651345494646421e-07
5.482385245780818650e-07
5.184417236625549208e-07
4.861736474515154782e-07
4.503816853906883466e-07
4.117281773297065683e-07
3.639404474453655780e-07
2.967383180285665389e-07
1.872536723457329799e-07
2.197959125815884818e-08
4.517546653426407488e-07
1.335922988676685463e-06
3.123679162220227568e-06
6.391228305036023016e-06
1.135201121571505212e-05
1.657539571486843499e-05
1.879604421861635899e-05
1.617344397475406481e-05
1.086251921100789275e-05
6.028422563808533141e-06
2.927697964727471458e-06
1.229697316529332340e-06
3.965371704328646274e-07
2.220446049250313081e-16
