0.000000000000000000e+00
7.456490980217722608e-11
3.276501292504008234e-10
7.658714773484120997e-10
1.378427150200423057e-09
2.135000287672994546e-09
3.020417027599364701e-09
4.036395884199350803e-09
5.186533091894318659e-09
6.430363241882730563e-09
7.731791207277183275e-09
9.080593388333113580e-09
1.047016540134393381e-08
1.186427467381179213e-08
1.325592968726141407e-08
1.459012866078523984e-08
1.588598308455146935e-08
1.708541763623117049e-08
1.822977857557361858e-08
1.921535031090826351e-08
2.004447252623720033e-08
2.076921590266067597e-08
2.134066978687343408e-08
2.175276059279696028e-08
2.195838255669713135e-08
2.201610782570639913e-08
2.191401393680791898e-08
2.156716538692649010e-08
2.108137153733480318e-08
2.047415159633914072e-08
1.969669238821580848e-08
1.873016652886860811e-08
1.765561719047070710e-08
1.650486880500068310e-08
1.529468485195195626e-08
1.396251048113583693e-08
1.257183634972847130e-08
1.118574666225669034e-08
9.797998412608421859e-09
8.402959217335137510e-09
7.069856033936616768e-09
5.807274439106890895e-09
4.634116979040925344e-09
3.553477512241443037e-09
2.583627534136212489e-09
1.769672852702797172e-09
1.088525825032604644e-09
5.749309917035816397e-10
2.271205445936175238e-10
4.212341586651291436e-11
3.026756623114579270e-11
2.007742860854477840e-10
5.422063908966379131e-10
1.067580024383119053e-09
1.758543755059349678e-09
2.581525437861387218e-09
3.526602787573551723e-09
4.611849124813716116e-09
5.807697434079273080e-09
7.083806097263334323e-09
8.411236374072927902e-09
9.785822485675055304e-09
1.117051162680127163e-08
1.254278791940066640e-08
1.392273429878798652e-08
1.525588722017801047e-08
1.649754177712736691e-08
1.765673507403420217e-08
1.874253130473846340e-08
1.965723461783142056e-08
2.042811708680147831e-08
2.105822793918576963e-08
2.157951028980420460e-08
2.187693903810128404e-08
2.200516835415555761e-08
2.194431225621684689e-08
2.174284263745107637e-08
2.133973175943992828e-08
2.078607241884355972e-08
2.008883814852424621e-08
1.920124936827249940e-08
1.820430073351531064e-08
1.707665808758918047e-08
1.587762066268538774e-08
1.462149645803378917e-08
1.327466081502137740e-08
1.185902609446287670e-08
1.046282249728136549e-08
9.078003904150477865e-09
7.737655960404765665e-09
6.432372634534999634e-09
5.198586894294976446e-09
4.059808267342646104e-09
3.031126905028713736e-09
2.131943843686201490e-09
1.377480685071930111e-09
7.761983278342654557e-10
3.558393579794483230e-10
9.752676444207963868e-11
0.000000000000000000e+00
