0.000000000000000000e+00
4.905187367398866627e-12
2.155808864756636467e-11
5.038813810642750468e-11
9.069323070320933766e-11
1.404736327259570317e-10
1.987283670956685455e-10
2.655723418953925830e-10
3.412474747221949656e-10
4.230851224917842046e-10
5.087128496228388030e-10
5.974577499401334535e-10
6.888840609065027820e-10
7.806066903981445648e-10
8.721713351533821879e-10
9.599554484651662278e-10
1.045217468131909300e-09
1.124130455387728489e-09
1.199422339226430267e-09
1.264273574719254611e-09
1.318822717699674740e-09
1.366507462741139989e-09
1.404108718183749716e-09
1.431220253422793576e-09
1.444748543022456033e-09
1.448546282922791306e-09
1.441828434423086946e-09
1.419010353664873492e-09
1.387046477674402922e-09
1.347091993508797714e-09
1.295940244006033026e-09
1.232349222668460698e-09
1.161648555125793791e-09
1.085932677113987666e-09
1.006310701434642851e-09
9.186621463541655430e-10
8.271637819134980418e-10
7.359627351988251576e-10
6.446547740068808707e-10
5.528709712265822418e-10
4.651604657013308497e-10
3.820878058391485865e-10
3.049039909441830787e-10
2.338007565327870907e-10
1.699895779694315934e-10
1.164369711759150050e-10
7.162070936317377345e-11
3.782640867200370849e-11
1.494593337980631986e-11
2.769229290322527959e-12
1.991407039270143287e-12
1.321098785922458774e-11
3.567646178481709285e-11
7.024092418816962891e-11
1.157021145559156139e-10
1.698517992920756114e-10
2.320301728531148910e-10
3.034386075739803346e-10
3.821174487939060782e-10
4.660798413880229418e-10
5.534158686870682686e-10
6.438569677413852332e-10
7.349623132313354290e-10
8.252533101327230725e-10
9.160450176182166615e-10
1.003756411321887754e-09
1.085452727700442210e-09
1.161723162113048602e-09
1.233161239788671537e-09
1.293344542574459410e-09
1.344062861008410437e-09
1.385520365104753182e-09
1.419823369985806494e-09
1.439389052393380553e-09
1.447823749778365254e-09
1.443821284752289102e-09
1.430569218641153384e-09
1.404044436270623919e-09
1.367617796788067608e-09
1.321742160165229052e-09
1.263345206226063056e-09
1.197750121306739857e-09
1.123558357463139146e-09
1.044665798310973059e-09
9.620184648895246937e-10
8.734027945322964115e-10
7.802603008144615160e-10
6.884010028684883764e-10
5.972886629734830422e-10
5.091012056368526828e-10
4.232187933439490735e-10
3.420419503186167276e-10
2.671165511003437132e-10
1.994338028055153700e-10
1.402700178232407779e-10
9.063116923613279141e-11
5.107314571262122627e-11
2.341404847783223886e-11
6.417533171543254866e-12
2.220446049250313081e-16
