0.000000000000000000e+00
2.008854394164316659e-06
2.205474413097263664e-06
2.250562005867706716e-06
2.264615131863934039e-06
2.269861723025456968e-06
2.271961784594545009e-06
2.272831370775385551e-06
2.273158054011403806e-06
2.273241145767102012e-06
2.273205677694178917e-06
2.273114109829776908e-06
2.273007344899546922e-06
2.272890158749873990e-06
2.272772136713285818e-06
2.272665153624231493e-06
2.272560154725766779e-06
2.272471337771975186e-06
2.272388367363653572e-06
2.272312708884172139e-06
2.272239455924918161e-06
2.272171349626539438e-06
2.272111386147912526e-06
2.272059870245257684e-06
2.272007031400846699e-06
2.271964613220767149e-06
2.271918934537708878e-06
2.271883741800095891e-06
2.271851061608209932e-06
2.271823532074002117e-06
2.271791735841688364e-06
2.271767918005096476e-06
2.271744370507811084e-06
2.271723867464103819e-06
2.271704115042183503e-06
2.271686475152634443e-06
2.271670763498434553e-06
2.271655615282419660e-06
2.271640844431210837e-06
2.271633574579823289e-06
2.271623466554295590e-06
2.271611986071064848e-06
2.271606104442547291e-06
2.271597219549725821e-06
2.271592093872065732e-06
2.271590867519712731e-06
2.271587678737141403e-06
2.271584258473069440e-06
2.271583666169085802e-06
2.271585882951399071e-06
2.271582139834471548e-06
2.271587997260127167e-06
2.271591095892588896e-06
2.271590763269770719e-06
2.271600379577520812e-06
2.271605959336397973e-06
2.271613807613981351e-06
2.271621130867096383e-06
2.271631155736919538e-06
2.271642536411100366e-06
2.271651781238226420e-06
2.271670646702972363e-06
2.271686305288511676e-06
2.271700771605544844e-06
2.271722999380720864e-06
2.271742831405632046e-06
2.271766940342700991e-06
2.271791011865254006e-06
2.271818489996135781e-06
2.271844686707602534e-06
2.271879722126612933e-06
2.271915736873353353e-06
2.271954400834275134e-06
2.272001145997570859e-06
2.272050371843192806e-06
2.272105811607083581e-06
2.272164704497647847e-06
2.272229354671750912e-06
2.272302692785110878e-06
2.272378031964450429e-06
2.272461462227148843e-06
2.272549644577459560e-06
2.272647723677856391e-06
2.272755391885539211e-06
2.272869946029487664e-06
2.272988869789216437e-06
2.273101199268268147e-06
2.273192879820307155e-06
2.273239673722393661e-06
2.273192792223710512e-06
2.272912942524740743e-06
2.272155402827102932e-06
2.270312666308171856e-06
2.265762462316800452e-06
2.253741659741237413e-06
2.216464247251082043e-06
2.063201795965419194e-06
1.013087961077019372e-06
7.204833112450792498e-06
2.410452479978397733e-16
