0.000000000000000000e+00
2.292050643393217513e-06
2.516371957028695761e-06
2.567811662301799913e-06
2.583844652792599561e-06
2.589830401911186186e-06
2.592226330921931776e-06
2.593218424218335372e-06
2.593591134192330117e-06
2.593685934471068322e-06
2.593645465176486198e-06
2.593541000184274026e-06
2.593419191621038067e-06
2.593285494012498305e-06
2.593150846719183278e-06
2.593028792130525062e-06
2.592908996623677353e-06
2.592807670120933494e-06
2.592713008064961855e-06
2.592626690889332508e-06
2.592543118296042337e-06
2.592465418338463223e-06
2.592397003953195167e-06
2.592338231965918283e-06
2.592277949187149488e-06
2.592229551456881609e-06
2.592177437144016494e-06
2.592137286483442438e-06
2.592100004750186315e-06
2.592068594209351318e-06
2.592032319892467740e-06
2.592005143853270965e-06
2.591978277344253456e-06
2.591954886721481444e-06
2.591932353412929046e-06
2.591912229399362388e-06
2.591894302961250673e-06
2.591877021007604753e-06
2.591860166045734104e-06
2.591851874567119296e-06
2.591840341348294885e-06
2.591827245934652524e-06
2.591820536301803202e-06
2.591810397301053115e-06
2.591804546203668735e-06
2.591803148321858430e-06
2.591799509454872918e-06
2.591795605022539917e-06
2.591794934669877648e-06
2.591797463535883139e-06
2.591793196948799505e-06
2.591799878159939396e-06
2.591803410445514544e-06
2.591803030083106307e-06
2.591814004748727029e-06
2.591820366215635829e-06
2.591829323717043110e-06
2.591837682586195513e-06
2.591849113553479356e-06
2.591862093948016366e-06
2.591872645396620101e-06
2.591894171288799953e-06
2.591912036886689918e-06
2.591928538131504922e-06
2.591953898400944922e-06
2.591976520860406197e-06
2.592004030077532661e-06
2.592031493109381302e-06
2.592062840034436988e-06
2.592092731235062786e-06
2.592132700041105409e-06
2.592173784732310082e-06
2.592217901886684217e-06
2.592271232226828204e-06
2.592327394079774194e-06
2.592390641931174855e-06
2.592457831185335237e-06
2.592531589518110025e-06
2.592615263141695436e-06
2.592701215942128101e-06
2.592796401024166641e-06
2.592897005437855285e-06
2.593008904705484952e-06
2.593131738781728757e-06
2.593262435901522167e-06
2.593398114703049373e-06
2.593526273186874676e-06
2.593630861413842581e-06
2.593684255591810484e-06
2.593630767488974698e-06
2.593311486998040039e-06
2.592447219451621265e-06
2.590344870379013287e-06
2.585153610068502417e-06
2.571439243981288314e-06
2.528909973986692705e-06
2.354054315034659339e-06
1.164013663013108157e-06
8.219365149719770614e-06
2.410723530521519109e-16
