0.000000000000000000e+00
4.325316233248499564e-04
5.940133106198119961e-04
6.365583889247350413e-04
6.458126027031330096e-04
6.666816588405399813e-04
7.198957600952349267e-04
7.831841284792195879e-04
8.417589601241726172e-04
8.959144191367229837e-04
9.458314250561095093e-04
9.917301730540950544e-04
1.034038377083268401e-03
1.072251568056792337e-03
1.107074872842561675e-03
1.138746678982172078e-03
1.167411703493992370e-03
1.193178617211798631e-03
1.216440557219478080e-03
1.237374041387573342e-03
1.256083270886443337e-03
1.272957651838102500e-03
1.288094469130141029e-03
1.301443464522322735e-03
1.313134661180992424e-03
1.323398480867710170e-03
1.332283085924479415e-03
1.340069432428481200e-03
1.346398369843959664e-03
1.352101351823509212e-03
1.356298169755021377e-03
1.359704359488178582e-03
1.362586178817015714e-03
1.363842659793834677e-03
1.364255745098463812e-03
1.364019061521504206e-03
1.362575436786750416e-03
1.359830864106514881e-03
1.356503086213045606e-03
1.352204369782228355e-03
1.346861373956009800e-03
1.340207205167698312e-03
1.332595915971790390e-03
1.323873718943602285e-03
1.313499614150837047e-03
1.302228024639306980e-03
1.288962528364634430e-03
1.273619789716962103e-03
1.256636100464003647e-03
1.238132507045186514e-03
1.217632816330360690e-03
1.194058569618849930e-03
1.168390617509840190e-03
1.139801546306773439e-03
1.109205919917588545e-03
1.073258479984406932e-03
1.035171621776243001e-03
9.928634017848381177e-04
9.466314894992500228e-04
8.967296312616390708e-04
8.421601671005918277e-04
7.834710083927109991e-04
7.198831682819761824e-04
6.882555841429827126e-04
7.617450478423215543e-04
9.163810560754992451e-04
1.077333903121036052e-03
1.104725843180887068e-03
7.365337206238359302e-04
1.048238358975273066e-03
1.090618173598345564e-03
8.850743848786701840e-04
6.028711221955918020e-04
3.657082351404827847e-04
2.988685033958882187e-04
4.188741233308590495e-04
5.943305373926621726e-04
8.203400019904938389e-04
1.085028389651077063e-03
1.370705059515087143e-03
1.654835746169647237e-03
1.905180908579051646e-03
2.097771718026941734e-03
2.207521929525002591e-03
2.221372095256302082e-03
2.136781276525390183e-03
1.969503534700156600e-03
1.734473973182826256e-03
1.460560403567900956e-03
1.176060271918411004e-03
9.078380656688533890e-04
6.755131190018248688e-04
4.888388155245282363e-04
3.509197267663743958e-04
3.011793764711168109e-04
3.392980953988988801e-04
4.028056754723507993e-04
4.283433113715373608e-04
3.292763046927327242e-04
0.000000000000000000e+00
