0.000000000000000000e+00
5.805872471675854740e-08
5.954103854399761531e-08
6.201862956523029879e-08
6.534662611024089074e-08
6.956524867263169654e-08
7.462571083305391539e-08
8.036008070089195598e-08
8.674038154410368406e-08
9.361426711596010364e-08
1.008700881710566932e-07
1.084716109156502739e-07
1.162565457235587019e-07
1.240462486062909875e-07
1.317870629291562068e-07
1.393329763788031528e-07
1.465088362850863746e-07
1.532765682155101672e-07
1.595139692556202249e-07
1.650771819239338356e-07
1.699348899375507926e-07
1.739544118750657731e-07
1.770508736287368379e-07
1.793283453954686024e-07
1.805082699979365657e-07
1.808087256582879832e-07
1.800405761143153427e-07
1.783401463173461821e-07
1.755954762705513872e-07
1.721186803083085692e-07
1.676150122031927481e-07
1.624311346537510303e-07
1.564854557045691763e-07
1.500053665726142071e-07
1.430296664439723031e-07
1.356725188861318543e-07
1.279915056162650444e-07
1.202233089747650752e-07
1.124058807144834304e-07
1.047227135009265453e-07
9.729907690658734509e-08
9.020364177825257457e-08
8.357605019160274651e-08
7.750881270141007917e-08
7.206618402033626580e-08
6.740998115262186730e-08
6.364189875096570859e-08
6.074444047765581445e-08
5.873882147344744453e-08
6.579695710495769845e-08
6.466889868050884616e-08
5.874918806991757947e-08
6.073572644815783406e-08
6.363160920397348264e-08
6.740726954390652281e-08
7.207871399739218532e-08
7.747159147530879864e-08
8.354712499603067499e-08
9.017589330806430326e-08
9.725432315033089026e-08
1.046878733701461783e-07
1.123956677728799036e-07
1.201894296309902188e-07
1.279629796568926281e-07
1.356277091746349583e-07
1.430031303373269225e-07
1.499554750372666945e-07
1.564867021519589230e-07
1.624131854560673105e-07
1.675848847471073100e-07
1.720873409327694503e-07
1.755782256251947615e-07
1.783198261273710727e-07
1.800166368193245603e-07
1.807605610748552749e-07
1.805037028734801652e-07
1.792950568013651491e-07
1.770295291469992094e-07
1.739403591161092777e-07
1.699202456517667770e-07
1.650823702181725139e-07
1.594834055929084116e-07
1.532693416628205796e-07
1.464942385176470907e-07
1.393281350292596699e-07
1.317772707620790129e-07
1.240460758555883558e-07
1.162425755651952386e-07
1.084625688152485168e-07
1.008833196980418734e-07
9.362316244487800532e-08
8.674483253923170878e-08
8.037953524997476507e-08
7.462207285424682368e-08
6.953904496675988867e-08
6.534671748159581739e-08
6.201696012286816995e-08
5.953963444493837187e-08
5.804552660748640847e-08
0.000000000000000000e+00
