0.000000000000000000e+00
5.705459438232196590e-10
6.505170846438090848e-10
7.835588844429253186e-10
9.621645702395653643e-10
1.187799636426234429e-09
1.460234599903742492e-09
1.768813207014829914e-09
2.110864039117643642e-09
2.479912941666384540e-09
2.869421256157522748e-09
3.276699689358508749e-09
3.694407002541311158e-09
4.112864493421852785e-09
4.528003083592579969e-09
4.933133235240916292e-09
5.317777440616566764e-09
5.681157211334664225e-09
6.015135167736218591e-09
6.314713751898182181e-09
6.574765065714416323e-09
6.790417117485958443e-09
6.956180631512154378e-09
7.077967212332225699e-09
7.142191615905346680e-09
7.156837678046201745e-09
7.116205069657155491e-09
7.024859249860071486e-09
6.877538871741251114e-09
6.690475506943016626e-09
6.448576117534798868e-09
6.170642552483229792e-09
5.852020867891383205e-09
5.502420408198815949e-09
5.128777735841083540e-09
4.733265113188167561e-09
4.321318747280145089e-09
3.904112699792960939e-09
3.485124744351253412e-09
3.071830012579823688e-09
2.672980836671001725e-09
2.292636969158934335e-09
1.936706239824559361e-09
1.610659050577112339e-09
1.319910181152295081e-09
1.069358046557056241e-09
8.668670226086305775e-10
7.113279965054175591e-10
6.042281119889025831e-10
5.512622580639003900e-10
5.512059697565518945e-10
6.042475408918335233e-10
7.116078837299255611e-10
8.672392803887873924e-10
1.069728861047281043e-09
1.320211273636573424e-09
1.611500488607475745e-09
1.937543014918219342e-09
2.293524148377912297e-09
2.674099941479823883e-09
3.072913035140345528e-09
3.486037014610587903e-09
3.905303413986871419e-09
4.322512681120826983e-09
4.734658665128677058e-09
5.130049829382699045e-09
5.503947186902280464e-09
5.853110551790052796e-09
6.171943067734275701e-09
6.450013856351688446e-09
6.691950882320440996e-09
6.878898228812602156e-09
7.026265791409969097e-09
7.117650580035217445e-09
7.158516557304039907e-09
7.143458380376443984e-09
7.079499986240023190e-09
6.957588394307379076e-09
6.791740725375916554e-09
6.576075461950381396e-09
6.315813982915585711e-09
6.016539599862369414e-09
5.682311399191064538e-09
5.318958495870163006e-09
4.934175179549527002e-09
4.529047581414147317e-09
4.113764662250218862e-09
3.695383998802981296e-09
3.277580429283943886e-09
2.870025550549826221e-09
2.480489702527677309e-09
2.111426367079616284e-09
1.769159374553908037e-09
1.460719212253991373e-09
1.188427245502055030e-09
9.624722130396889952e-10
7.838067972443241160e-10
6.506889471680210590e-10
5.707482264583063625e-10
0.000000000000000000e+00
