0.000000000000000000e+00
1.046099762369578912e-09
4.198759118168027271e-09
9.357524977104958452e-09
1.649477787690756259e-08
2.544699440054642992e-08
3.614104715499166787e-08
4.833627653688665760e-08
6.187577838989710699e-08
7.654523848099614725e-08
9.209015472411152814e-08
1.082561102982992907e-07
1.247648504509868417e-07
1.414123526055632851e-07
1.578347162967119743e-07
1.739413437729098177e-07
1.891912287943497972e-07
2.036825910156636610e-07
2.168835081528541764e-07
2.286142755103526270e-07
2.390661000273297532e-07
2.475680865865470537e-07
2.541721909610217267e-07
2.588854834950637951e-07
2.615621277346491524e-07
2.620548437137770748e-07
2.604172861797593441e-07
2.567146590859437083e-07
2.511783807612744113e-07
2.436172890085686049e-07
2.340611935380820796e-07
2.230154493298996954e-07
2.105455471079764607e-07
1.966094255179129391e-07
1.818293386968150571e-07
1.660509454382008698e-07
1.497718654652757664e-07
1.332358008365730484e-07
1.166356078385888395e-07
1.002588776444213181e-07
8.437896592550231389e-08
6.921351436428579973e-08
5.512854506228848095e-08
4.223994820584664467e-08
3.078226651354043497e-08
2.097837759063025942e-08
1.286327333538395123e-08
6.699275134636195617e-09
2.500303630803557553e-09
4.125796371212686608e-10
4.484399518389636796e-10
2.533765974810364696e-09
6.640119232237395863e-09
1.281986428125492239e-08
2.086340022966481911e-08
3.075695698129266020e-08
4.225084515585564304e-08
5.513392575817732677e-08
6.923206907760715012e-08
8.432378229006332049e-08
1.001930703958819890e-07
1.164866230141115011e-07
1.331955272743101659e-07
1.498161370516726265e-07
1.659496269290627879e-07
1.816340308158359562e-07
1.965496300160296528e-07
2.103664912267433351e-07
2.228985316321541177e-07
2.339827678277117684e-07
2.433782175792487124e-07
2.510073149331049081e-07
2.568145293091461667e-07
2.603366388020944555e-07
2.619538620463046641e-07
2.613394743944397192e-07
2.587726537495171897e-07
2.540987175114750585e-07
2.474131213237029669e-07
2.388909723372023564e-07
2.285990483574806831e-07
2.167682702225448566e-07
2.035204806904999941e-07
1.891473286885769767e-07
1.737828634329474653e-07
1.579128757756009804e-07
1.414254940934611682e-07
1.247284333594222971e-07
1.081828417959229682e-07
9.206904660885584235e-08
7.651670330677262655e-08
6.188816903396343605e-08
4.836763345394956559e-08
3.618195232313325960e-08
2.545705779510853972e-08
1.645394864802085522e-08
9.320898497477969613e-09
4.158955180244561234e-09
1.033382712734010056e-09
0.000000000000000000e+00
