0.000000000000000000e+00
3.305712747980749100e-08
3.769149925503256782e-08
4.549325849367846786e-08
5.596921792694331543e-08
6.933827934041403296e-08
8.521105354653002451e-08
1.032133678524616016e-07
1.233625175345309799e-07
1.450106823508434672e-07
1.678456187370613861e-07
1.918808325562793016e-07
2.163995294068854491e-07
2.409174089113008677e-07
2.653299275845455441e-07
2.890876886763038556e-07
3.117248936757022193e-07
3.330382751798310892e-07
3.527436078787360429e-07
3.702028152918757087e-07
3.855399273167137153e-07
3.982086835829790061e-07
4.079619893015973275e-07
4.151525168083480821e-07
4.188249893566364790e-07
4.198388414700104931e-07
4.173755294711867236e-07
4.119994858609032917e-07
4.033286897797694337e-07
3.923891849222371775e-07
3.781822484061336809e-07
3.618073540767596796e-07
3.430381330105092275e-07
3.226853864113365944e-07
3.006752642420451593e-07
2.775106455743525657e-07
2.532576677261033637e-07
2.287879985463092680e-07
2.040850137774441464e-07
1.799355673348657092e-07
1.565837111083823174e-07
1.341586353120760577e-07
1.132874081211099337e-07
9.419622992723475363e-08
7.689149028600184010e-08
6.225913273816274796e-08
5.042142237066116195e-08
4.128627706379006668e-08
3.491344924277939299e-08
4.838349521030238520e-08
4.898150507415266475e-08
3.503162693263561778e-08
4.124765662361085106e-08
5.037681227726409361e-08
6.231012084079168289e-08
7.708902782788129571e-08
9.394913536020510492e-08
1.131392777242723469e-07
1.340579440789468890e-07
1.563071063692689222e-07
1.797834854322388765e-07
2.041558053722525301e-07
2.286705063081484468e-07
2.531947183026517223e-07
2.773322742566364241e-07
3.006105242508994024e-07
3.225001794504578356e-07
3.431828285993532290e-07
3.618522932402612469e-07
3.781296067373318692e-07
3.923390763382883506e-07
4.033669622760527318e-07
4.120071437352379462e-07
4.173595999912294019e-07
4.196843363946101135e-07
4.189507789575941388e-07
4.150997501284336977e-07
4.079742152995891047e-07
3.982523795187375981e-07
3.855847658940092515e-07
3.703663811194246591e-07
3.526560390376687337e-07
3.331176845478012183e-07
3.117541138575319337e-07
2.892079020710980330e-07
2.653873776292670073e-07
2.410381785278303823e-07
2.164213483979438024e-07
1.918832301939232821e-07
1.680798338288269633e-07
1.451786832973311903e-07
1.234936273242226434e-07
1.034730701121588936e-07
8.525352335198022047e-08
6.915283767838786844e-08
5.601271713118194384e-08
4.551902632599080789e-08
3.769718537327548802e-08
3.294599904002382118e-08
0.000000000000000000e+00
