0.000000000000000000e+00
1.336556820774603693e-08
1.522983716917281072e-08
1.836826246659484241e-08
2.258243891883893184e-08
2.796042775088380949e-08
3.434558892845274158e-08
4.158741007120880795e-08
4.969283673439406357e-08
5.840127448308862768e-08
6.758712201015981691e-08
7.725580741801962859e-08
8.711898158431097272e-08
9.698183311979136079e-08
1.068022992267714244e-07
1.163593801312146070e-07
1.254656902816009278e-07
1.340394701898617313e-07
1.419663748780664037e-07
1.489897260009698243e-07
1.551594152049418085e-07
1.602557020419226319e-07
1.641791873563391846e-07
1.670717341140104395e-07
1.685490624847574281e-07
1.689569033569426892e-07
1.679659809017408634e-07
1.658033420559590354e-07
1.623153207397365350e-07
1.579146535757303127e-07
1.521996009223869351e-07
1.456124330001529188e-07
1.380620936464183046e-07
1.298747507316733163e-07
1.210206933555113551e-07
1.117022125907141117e-07
1.019459250350962520e-07
9.210245976998265860e-08
8.216514857384282777e-08
7.245050825943621930e-08
6.305671518269662101e-08
5.403574154794199558e-08
4.563983957428519034e-08
3.796000336286908805e-08
3.099880074852734424e-08
2.511262464643948533e-08
2.035065038707983831e-08
1.667584703657354339e-08
1.411223893299506926e-08
1.773928870463237217e-08
1.827413931287935611e-08
1.415977890495412339e-08
1.666031435032522268e-08
2.033270929402419824e-08
2.513313868135469420e-08
3.107826751502784646e-08
3.786061097965642830e-08
4.558025912260177392e-08
5.399524294347202158e-08
6.294545107365934200e-08
7.238933308340023132e-08
8.219362701566979013e-08
9.205520157262725434e-08
1.019206029573282990e-07
1.116304664261491553e-07
1.209946540736694942e-07
1.298002577643231348e-07
1.381203134087627404e-07
1.456305166458449207e-07
1.521784306346418703e-07
1.578945071356585572e-07
1.623307261944262336e-07
1.658064304743689377e-07
1.679595778014686402e-07
1.688947575129162715e-07
1.685996690037327994e-07
1.670505068718242114e-07
1.641841005373123608e-07
1.602732757621794235e-07
1.551774483354861900e-07
1.490555169292306914e-07
1.419311437267367637e-07
1.340714067543657961e-07
1.254774435466288196e-07
1.164077387816320197e-07
1.068254097402743241e-07
9.703041192743455667e-08
8.712775956265517152e-08
7.725676431924455301e-08
6.768133564705181016e-08
5.846885486882058558e-08
4.974557699100046193e-08
4.169187706182242437e-08
3.436267359546718581e-08
2.788583197688154769e-08
2.259993925335379572e-08
1.837862950715418719e-08
1.523212533882656317e-08
1.332085897143286957e-08
0.000000000000000000e+00
