0.000000000000000000e+00
4.043446688584140247e-10
7.100626753242522682e-10
9.414367063698136917e-10
1.120716186520098745e-09
1.259771842399004527e-09
1.370721314231104770e-09
1.460830678645663738e-09
1.533133620057469670e-09
1.593704723745759111e-09
1.643698066544629910e-09
1.684734574070034796e-09
1.721342512972512395e-09
1.751769618252296823e-09
1.777944680370069364e-09
1.800146254282708469e-09
1.820323003443036214e-09
1.837578533780970247e-09
1.852327846663115452e-09
1.866135690420378523e-09
1.877993982546399820e-09
1.888529110871672856e-09
1.897528023597772062e-09
1.905580582217680785e-09
1.913085023730332068e-09
1.920507419761463552e-09
1.926152015663262773e-09
1.931921955744542174e-09
1.936753535325408393e-09
1.941082072853816953e-09
1.944950978050030699e-09
1.948087358094596766e-09
1.951460992799525229e-09
1.954160389061598835e-09
1.956526718416284893e-09
1.958586515193871946e-09
1.959691964259491215e-09
1.961178663911766762e-09
1.962397355725897796e-09
1.964004292531740248e-09
1.964719609226506236e-09
1.965183127339287239e-09
1.965065998810189285e-09
1.965400620029811307e-09
1.965149265537036172e-09
1.964659546160874015e-09
1.963623486034293819e-09
1.962942586253291211e-09
1.961700801800247973e-09
1.959885698177288305e-09
1.958095907639290090e-09
1.955967832145688590e-09
1.953917361241508388e-09
1.951181660686529540e-09
1.948083916403220428e-09
1.944239547135850898e-09
1.940688831858494723e-09
1.935950399989394555e-09
1.931060644722037978e-09
1.925608450470406297e-09
1.919900460833900979e-09
1.912732416897711119e-09
1.905538615787349954e-09
1.897069390466299410e-09
1.887235256958774698e-09
1.876924171639871020e-09
1.864515430938240570e-09
1.850960940075196959e-09
1.835225749147184615e-09
1.818172279399732361e-09
1.798575066658258947e-09
1.775610658505399897e-09
1.748641120791205594e-09
1.717744280149702263e-09
1.682004535652481536e-09
1.639296698385805939e-09
1.587933895486060010e-09
1.526778703464515274e-09
1.453080655799965371e-09
1.361149415401996521e-09
1.248488534777436598e-09
1.104621838443620163e-09
9.218943386457567613e-10
6.855339629296963722e-10
3.730655784295322519e-10
4.536082620631987083e-11
6.055131951399062018e-10
1.361000645516696750e-09
2.357007922171305836e-09
3.600216680332835040e-09
4.954659793554583302e-09
6.079580061602030128e-09
6.505066041384566233e-09
5.989961970875867792e-09
4.832970912360678994e-09
3.469380560616741604e-09
2.253987774203380923e-09
1.279086503380710838e-09
5.443530071147506533e-10
1.366573521011105186e-12
