0.000000000000000000e+00
7.243683430857572603e-11
1.400358717873473324e-10
1.998333720720779638e-10
2.551416855567367747e-10
3.037494700208753784e-10
3.499497358561143301e-10
3.911811985446433937e-10
4.286594412761246531e-10
4.631328653914579263e-10
4.930242880618607160e-10
5.219159548985885522e-10
5.469036334915244879e-10
5.712865736029471009e-10
5.925305801568470088e-10
6.114981854210554957e-10
6.290853393764450630e-10
6.450775469346581303e-10
6.595997081859650280e-10
6.731163404438689213e-10
6.841284205805209240e-10
6.954604669928698968e-10
7.054967721131788494e-10
7.133048596230651128e-10
7.219318476359148917e-10
7.284601810653157372e-10
7.348225361525351218e-10
7.400509094424023715e-10
7.445243310755245147e-10
7.470876139947790762e-10
7.509711741349178737e-10
7.536457014012398758e-10
7.553194736331647618e-10
7.563391024589805056e-10
7.567039217448723321e-10
7.564177062491239667e-10
7.554796788156181719e-10
7.538815127716702591e-10
7.516173239352497149e-10
7.486636866005369484e-10
7.450087213811684705e-10
7.403010426898504193e-10
7.354880038334954406e-10
7.286954373242338079e-10
7.227997089742643766e-10
7.151633729662876249e-10
7.065902307701321661e-10
6.970204413647707042e-10
6.854803391576069771e-10
6.746107006350143820e-10
6.606633018435559279e-10
6.472489211262200115e-10
6.310866274006343701e-10
6.137005348350044187e-10
5.939482239369908712e-10
5.735728558775576857e-10
5.504908751063908312e-10
5.244441547702649586e-10
4.961606681064267832e-10
4.666125263952380919e-10
4.321772939519519241e-10
3.958727790021043802e-10
3.555320482462320797e-10
3.089962730129514057e-10
2.596193260373524936e-10
2.071544047410611711e-10
1.475665145633797692e-10
8.219303015977175164e-11
1.059807797076928182e-11
6.811129438233365363e-11
1.531783588859525480e-10
2.446632896280220848e-10
3.435615125724211794e-10
4.509019824183724268e-10
5.604486874588587852e-10
6.748703818004742061e-10
7.943606883387133166e-10
9.109476506452551803e-10
1.023338969119436115e-09
1.127424265057186403e-09
1.219484957459826546e-09
1.292583262646473941e-09
1.345886180281752331e-09
1.370063396066711903e-09
1.374557467848092074e-09
1.346877498420440133e-09
1.300910934531884777e-09
1.226605483850562450e-09
1.136476357466165155e-09
1.036359997819147338e-09
9.222735908309687147e-10
8.068059553778539339e-10
6.917786343763054902e-10
5.755588228240071658e-10
4.625562155524676200e-10
3.558811023651742289e-10
2.585639480301438198e-10
1.633108093201940392e-10
7.743017338412983008e-11
0.000000000000000000e+00
