0.000000000000000000e+00
1.528896264035850550e-07
2.679384374371096555e-07
3.551367789844661615e-07
4.229827361701410382e-07
4.761702494526787177e-07
5.178897353186329156e-07
5.516494464563592715e-07
5.792404850213372924e-07
6.021424546753806339e-07
6.210396734651624229e-07
6.367476983459852136e-07
6.503877741925734313e-07
6.618891892351541628e-07
6.716265753548000816e-07
6.803458117987659648e-07
6.876299849523093144e-07
6.941799887139055159e-07
7.000560925396470680e-07
7.051159214288560406e-07
7.095975669280107923e-07
7.134474897529941018e-07
7.169969817866217454e-07
7.202944849460379828e-07
7.229819014575866731e-07
7.256649240394708045e-07
7.277968079311136762e-07
7.299780401259781115e-07
7.316835229920215511e-07
7.334412230886044881e-07
7.347831129100867997e-07
7.360694227465103268e-07
7.373625793283267171e-07
7.381306571518919668e-07
7.391615267637874354e-07
7.400564436821355230e-07
7.406057929149056918e-07
7.411666749224110617e-07
7.416100816781678873e-07
7.421053961342849448e-07
7.422579249016791891e-07
7.424179269133190928e-07
7.423879634371743919e-07
7.426315018488338637e-07
7.425372021696574620e-07
7.423521550808942493e-07
7.419588713419855708e-07
7.417031857581690701e-07
7.412340423673668965e-07
7.405468025467598636e-07
7.398531673974417799e-07
7.391988507965407962e-07
7.381737603395777114e-07
7.372581660725074926e-07
7.360881324469659148e-07
7.346505538352587905e-07
7.331541937993790725e-07
7.315175377664573375e-07
7.297928688032584432e-07
7.276085105534235709e-07
7.254345201213041605e-07
7.227436310541790476e-07
7.200071845403499537e-07
7.168055531359129873e-07
7.132190866787624373e-07
7.091924081326084206e-07
7.046591818937741891e-07
6.995394782327579719e-07
6.937363603576329751e-07
6.868135165039035428e-07
6.795792483194063038e-07
6.707428901187029169e-07
6.606761014937845289e-07
6.490247260737547208e-07
6.355196582319422305e-07
6.191905859154189784e-07
5.997245358102532009e-07
5.770488314960076082e-07
5.489873057262784073e-07
5.145169796882953506e-07
4.716458528175593301e-07
4.173021675990540302e-07
3.480876320516301803e-07
2.587659719832657856e-07
1.400965384812380421e-07
1.783834591151389759e-08
2.297066029610661531e-07
5.165449997734938847e-07
8.929623311892953552e-07
1.363255713759947696e-06
1.871990909840803852e-06
2.296809810120592488e-06
2.459056043346841136e-06
2.265082295505038701e-06
1.824143315287685141e-06
1.313815526371442388e-06
8.527730803731259357e-07
4.849545738316862753e-07
2.073023644966198731e-07
8.881784197001252323e-16
