0.000000000000000000e+00
1.825492490503677345e-08
1.907128488465303917e-08
2.042723767914367272e-08
2.224820416785178168e-08
2.454529679507544415e-08
2.732439052799406909e-08
3.047228980257443709e-08
3.395714343046307704e-08
3.771976453403880214e-08
4.169105671802952884e-08
4.584049229094944167e-08
5.009814330048101283e-08
5.436575545303412582e-08
5.859699303556453742e-08
6.272781349903056025e-08
6.664877638673516458e-08
7.035454596682200190e-08
7.375727595348990917e-08
7.681589109242992208e-08
7.946518132406765744e-08
8.166451181956801975e-08
8.335445078611058989e-08
8.459531375404338860e-08
8.525328687447597531e-08
8.539852180966533979e-08
8.498755421637582685e-08
8.405760576479792689e-08
8.255641892329634857e-08
8.064800582907594162e-08
7.818283231930678312e-08
7.535118806689666826e-08
7.210543595537188821e-08
6.853660095007541031e-08
6.473011482377444281e-08
6.069648816886541454e-08
5.649952405928360122e-08
5.224636501210966344e-08
4.797838404346776997e-08
4.376318629706332786e-08
3.969685424820568187e-08
3.582178809136138398e-08
3.219423272415866677e-08
2.887025452036340312e-08
2.591265857443403320e-08
2.335759230476242010e-08
2.129286524876761177e-08
1.970787155691766657e-08
1.861837739536298386e-08
1.796045068225282648e-08
1.834645735332429695e-08
1.861578657891271860e-08
1.971168417380653182e-08
2.129760934277413753e-08
2.336038751327151886e-08
2.591110781491323678e-08
2.888463268568841613e-08
3.220642208479063129e-08
3.583396068762567666e-08
3.971473117037049860e-08
4.377829421198242699e-08
4.798614183787464071e-08
5.226183941164919133e-08
5.651362255942871116e-08
6.071594726986262458e-08
6.474411973211857685e-08
6.855809786543431983e-08
7.211122565742300594e-08
7.536311841249698773e-08
7.819871550296397800e-08
8.066441503640220390e-08
8.256852479515686127e-08
8.407076257377354978e-08
8.500188330984315144e-08
8.542043794523834777e-08
8.526157169175263562e-08
8.461255240899134833e-08
8.336789103502439957e-08
8.167557574711992174e-08
7.947635072280689883e-08
7.682070324310785736e-08
7.377306798783678232e-08
7.036286542305703051e-08
6.665919738413350615e-08
6.273491826025434648e-08
5.860539031843359226e-08
5.437084238391065583e-08
5.010726622511896267e-08
4.584776847060823002e-08
4.169100731310493302e-08
3.772069234742048138e-08
3.395911352122027438e-08
3.046917185223207980e-08
2.732807924399338617e-08
2.455562553294043937e-08
2.224989659183052026e-08
2.042905855592636044e-08
1.907257962674435703e-08
1.825947804068306368e-08
0.000000000000000000e+00
