0.000000000000000000e+00
2.209803673380861255e-09
9.182164695253902664e-09
2.064062931683707802e-08
3.652980706814190626e-08
5.619371246101678707e-08
7.971504034642862280e-08
1.066778949621038919e-07
1.364704336204169977e-07
1.690696995737539510e-07
2.042418457692818379e-07
2.402404526424817277e-07
2.764664209786715787e-07
3.126291692190363847e-07
3.493412215060942572e-07
3.848029876962755225e-07
4.183433824911375609e-07
4.499988042194758009e-07
4.793726453566904411e-07
5.055534215703261225e-07
5.276332154524610019e-07
5.459535121765668464e-07
5.612115115960492062e-07
5.717775843905315014e-07
5.765808079871703740e-07
5.778619627250236590e-07
5.750216522937279251e-07
5.678779960716084929e-07
5.554689431752635187e-07
5.384201273717081904e-07
5.168907081243290236e-07
4.917986000663177037e-07
4.642960120815331493e-07
4.342362615039618845e-07
4.012094858563131083e-07
3.665105193784157223e-07
3.302052465903315692e-07
2.938452960954407445e-07
2.572452580951178902e-07
2.208880169884963607e-07
1.859281748561869563e-07
1.523871941966348231e-07
1.214283238404334497e-07
9.290651381554937416e-08
6.766395743706965504e-08
4.618004967316124976e-08
2.838489931988874559e-08
1.460483445292481974e-08
5.345553777402756168e-09
7.081096820016341553e-10
8.678228136105303747e-10
5.533989932970939662e-09
1.462417720254904907e-08
2.858253045356917710e-08
4.662955066514484770e-08
6.831255872086217096e-08
9.317386284735107438e-08
1.212195693822692988e-07
1.527330035777652029e-07
1.863218217490469897e-07
2.213321640409660063e-07
2.573735181643499459e-07
2.937910197342574747e-07
3.304483595645280047e-07
3.667990511324603631e-07
4.016085228819576969e-07
4.341470630775390305e-07
4.639974360287624222e-07
4.926310088748664384e-07
5.175956384606550387e-07
5.382863537128912412e-07
5.543612158209754170e-07
5.678889278826204645e-07
5.775480071967820095e-07
5.805756593257882514e-07
5.789236466879899012e-07
5.731228236438568047e-07
5.622149588102587359e-07
5.469287949200207777e-07
5.284502826441439538e-07
5.057694760779440912e-07
4.796324709621657689e-07
4.505421127287689842e-07
4.184097703863187689e-07
3.842018352351317390e-07
3.491012373624258203e-07
3.127029573057882317e-07
2.757828742039336589e-07
2.390270203989075526e-07
2.036427910745430836e-07
1.698510490033555698e-07
1.369243340931802777e-07
1.066347051770222265e-07
7.974666349497283591e-08
5.609231823466842570e-08
3.609390031300563351e-08
2.018953926263833409e-08
8.914589511022086299e-09
2.313748304061391536e-09
0.000000000000000000e+00
