0.000000000000000000e+00
6.265463925458902850e-09
2.603504878351259322e-08
5.852464035616122828e-08
1.035768565360584148e-07
1.593314969960957228e-07
2.260234581719089419e-07
3.024734753775959462e-07
3.869464364480990071e-07
4.793771024580451012e-07
5.791031092439169470e-07
6.811718881172268425e-07
7.838844476859563315e-07
8.864174004807878759e-07
9.905076985283756130e-07
1.091053098090100093e-06
1.186150446752520793e-06
1.275903140030010263e-06
1.359186697191816506e-06
1.433417006424519968e-06
1.496020094804428879e-06
1.547964223691522534e-06
1.591226524211286630e-06
1.621186256017814742e-06
1.634806999106785952e-06
1.638442140960982840e-06
1.630392285623116777e-06
1.610142025376681829e-06
1.574962611439190141e-06
1.526628714443312163e-06
1.465590946159167629e-06
1.394452461389583675e-06
1.316479948831883462e-06
1.231256254285995055e-06
1.137620075253309437e-06
1.039242306433152407e-06
9.363097819292676149e-07
8.332219053608369563e-07
7.294527993861876780e-07
6.263713190346464899e-07
5.272511386378297971e-07
4.321534308182606310e-07
3.443766605215614618e-07
2.635089960678627108e-07
1.919386247717369542e-07
1.310254170716618205e-07
8.057062661492864208e-08
4.149961463362217273e-08
1.524636572547422020e-08
2.097690132707441535e-09
2.550751276864104966e-09
1.578079666941789583e-08
4.155403987571304469e-08
8.113057092806741366e-08
1.322997893460353680e-07
1.937778334459849816e-07
2.642667420449384963e-07
3.437842192033357946e-07
4.331339737984052363e-07
5.283673008005251859e-07
6.276303073926570164e-07
7.298160754620752755e-07
8.330679563961496115e-07
9.369992098884338816e-07
1.040060408130649705e-06
1.138751288598527367e-06
1.231003061930024955e-06
1.315632823351009506e-06
1.396812529641522360e-06
1.467589606507502253e-06
1.526249187810968522e-06
1.571821786061633475e-06
1.610172868926618150e-06
1.637555573918980656e-06
1.646136667532438480e-06
1.641450480871498030e-06
1.625001040950202480e-06
1.594071812327513271e-06
1.550729755273039245e-06
1.498337124705706458e-06
1.434029595737129625e-06
1.359923067045798462e-06
1.277443246405773891e-06
1.186338469905123816e-06
1.089348370952869516e-06
9.898273277686442384e-07
8.866267301455010852e-07
7.819461522728943237e-07
6.777308370065071585e-07
5.774043653206106796e-07
4.815931540225193430e-07
3.882336254701357348e-07
3.023510868338519231e-07
2.261132896475004372e-07
1.590440465992770669e-07
1.023405101774343962e-07
5.724513718607937562e-08
2.527641018712500909e-08
6.560663456944837435e-09
0.000000000000000000e+00
