0.000000000000000000e+00
3.347077104365325795e-08
5.869982644401972038e-08
7.793620404594747697e-08
9.271443013325608717e-08
1.042879085311199105e-07
1.134292901827649303e-07
1.207775708333969078e-07
1.269154199512456671e-07
1.318376847692093179e-07
1.360277769313356089e-07
1.394634219220591831e-07
1.424580067244107795e-07
1.449372579731544874e-07
1.471456732016207525e-07
1.489512959640393319e-07
1.506553581887004611e-07
1.520175876290608130e-07
1.533103909379107677e-07
1.544150586285653048e-07
1.554313516782812599e-07
1.562751767991699126e-07
1.570486362068024278e-07
1.577751891357337399e-07
1.583368132163087694e-07
1.589519336153699669e-07
1.594233045576487484e-07
1.598702998872880698e-07
1.602670522959925847e-07
1.605994657261078373e-07
1.609500720478607150e-07
1.612319743271584116e-07
1.614892681800483842e-07
1.617388557528798287e-07
1.619058029866948800e-07
1.621053571376762648e-07
1.622259074851584160e-07
1.623452157151206166e-07
1.624748763306982369e-07
1.625255099391154090e-07
1.625879155753295890e-07
1.626517661668103187e-07
1.626166286072816547e-07
1.626695997902771751e-07
1.626489372075212714e-07
1.625831750340367421e-07
1.625188249532172335e-07
1.624661911669988967e-07
1.623633907321675451e-07
1.621839564869276273e-07
1.620646681299575675e-07
1.619174442302195871e-07
1.616893390288254295e-07
1.614663767135482431e-07
1.612358310199013545e-07
1.609471520502836484e-07
1.605669048831970258e-07
1.602345395257387395e-07
1.598564289828630081e-07
1.593780192266081031e-07
1.588741993518993922e-07
1.582803965671786273e-07
1.577122354934346049e-07
1.569781470367459519e-07
1.561630502688871047e-07
1.553425738043401338e-07
1.542851593150373901e-07
1.531971332013881693e-07
1.519559791329783138e-07
1.505087866560117504e-07
1.488159131479704911e-07
1.469521635488746369e-07
1.446777664337872693e-07
1.421963162773209888e-07
1.391175160625479634e-07
1.356633514415506170e-07
1.314517573680618057e-07
1.263894802150389296e-07
1.201926969063293882e-07
1.126262711981240727e-07
1.032385432697680017e-07
9.137972001305172398e-08
7.623034692372243626e-08
5.666986402363960451e-08
3.078842858439401198e-08
3.755706301511452239e-09
5.044867745773728984e-08
1.128564406371879159e-07
1.956007874559517745e-07
2.984283427043266101e-07
4.103515042208627506e-07
5.038276171820399441e-07
5.393398581077235576e-07
4.964658282258227473e-07
4.002142399706087872e-07
2.875715601202699645e-07
1.870742649678902580e-07
1.060703668231965935e-07
4.520491814208327241e-08
1.166275964692431444e-10
