0.000000000000000000e+00
9.493800168236532500e-08
1.664974164095056608e-07
2.210584726380915299e-07
2.629742515969368810e-07
2.958000705488572635e-07
3.217275671429931094e-07
3.425692371994415453e-07
3.599776837726054168e-07
3.739384155654335018e-07
3.858224892905326442e-07
3.955667589039535414e-07
4.040600507515534900e-07
4.110917443123085491e-07
4.173552776709499312e-07
4.224764027505045760e-07
4.273094602602611758e-07
4.311730371631128378e-07
4.348396733799830827e-07
4.379727248648990212e-07
4.408551187440323815e-07
4.432483785565821677e-07
4.454420622357346815e-07
4.475026967876161166e-07
4.490955695102272216e-07
4.508401612035584094e-07
4.521770594623220063e-07
4.534448325710371819e-07
4.545700877933711581e-07
4.555128816363662736e-07
4.565072537765502148e-07
4.573067894364513108e-07
4.580365191575452855e-07
4.587443891423959030e-07
4.592178846074546072e-07
4.597838563213940688e-07
4.601257593828123049e-07
4.604641479222237876e-07
4.608318751042617123e-07
4.609754946649502472e-07
4.611524797581978419e-07
4.613335669034768216e-07
4.612339197240800104e-07
4.613841519951478176e-07
4.613255514263059354e-07
4.611390398423509396e-07
4.609565223967493353e-07
4.608072383671668604e-07
4.605156839199153751e-07
4.600067909921179421e-07
4.596684675117757024e-07
4.592508973111364412e-07
4.586039570320110670e-07
4.579715939811990211e-07
4.573177121436344805e-07
4.564989668498498077e-07
4.554205352835793974e-07
4.544778676729421818e-07
4.534054866001113737e-07
4.520486238668297574e-07
4.506196950027074877e-07
4.489355702741448795e-07
4.473241522751081334e-07
4.452421400458206335e-07
4.429303738229251053e-07
4.406033351500582285e-07
4.376043146736563472e-07
4.345184487775100024e-07
4.309982855055238815e-07
4.268937561224817046e-07
4.220924219033861391e-07
4.168064380305480654e-07
4.103557824652881436e-07
4.033178477858001543e-07
3.945857076637082628e-07
3.847888947472455357e-07
3.728438289218871660e-07
3.584859867844514270e-07
3.409103727092244185e-07
3.194499929026761720e-07
2.928237741173234099e-07
2.591886402170118231e-07
2.162201432343024976e-07
1.607396523661819288e-07
8.732969236646681566e-08
1.065297283719957022e-08
1.430984429839909922e-07
3.201256939533436707e-07
5.548504465879844361e-07
8.465633476451017714e-07
1.164102246486997672e-06
1.429320640400355558e-06
1.530081876977007482e-06
1.408433421001831221e-06
1.135340121249939216e-06
8.157632573890793992e-07
5.306619038636384289e-07
3.008758410194545263e-07
1.282243662359405789e-07
3.307412121955621842e-10
