0.000000000000000000e+00
1.305296504217068332e-08
1.907266489187264824e-08
1.936922744416591513e-08
1.466250387771594887e-08
9.034611281322213472e-09
1.279679806565070521e-09
7.646824062845780645e-09
1.668826565826009301e-08
2.548903865751128706e-08
3.435217910130461405e-08
4.234678518955092841e-08
4.975007339425019381e-08
5.693189120137276404e-08
6.310681588406197307e-08
6.855071066347306896e-08
7.389216760689265584e-08
7.807077595511913159e-08
8.238003856853026718e-08
8.594917155768655448e-08
8.891949943024002323e-08
9.162481573454783756e-08
9.382515253619772011e-08
9.559436831008127911e-08
9.724246119446888770e-08
9.853990068364737454e-08
9.983467275098689697e-08
1.000738155676472729e-07
1.010950646529451546e-07
1.025768417983741188e-07
1.027627634098138287e-07
1.029637869409683049e-07
1.028862895990911852e-07
1.028627143462301774e-07
1.047806073017909512e-07
1.034264285326713662e-07
1.029462242119194570e-07
1.033889083235095541e-07
1.025913366481390199e-07
1.021049622629277565e-07
1.018751575321275027e-07
1.007831977872797324e-07
9.998077932227289466e-08
9.891500185599255701e-08
9.730149552744649100e-08
9.553789492855457866e-08
9.354801833172388115e-08
9.104153408934223535e-08
8.876558976744775009e-08
8.589552114024456841e-08
8.268122253518583875e-08
7.880623953404608528e-08
7.453697803416758916e-08
6.908485006285047803e-08
6.398684360142681271e-08
5.791295953905262195e-08
5.138450931418958589e-08
4.389077923327988628e-08
3.541181003985371945e-08
2.661796505432079130e-08
1.794571224955632260e-08
8.922564020963363873e-09
2.414624056257252960e-12
8.040270560449869208e-09
1.438788121976841694e-08
1.814038275149698620e-08
1.887580458603821398e-08
1.462629395376779939e-08
2.045949187845508277e-09
2.063641102445501474e-08
5.594338048364733140e-08
1.092165268223865837e-07
1.828553716221037462e-07
2.817336733906827817e-07
4.096225186822621822e-07
5.698218129568388690e-07
7.590245076904977850e-07
9.779962459877111769e-07
1.218583706830145275e-06
1.463199891027500144e-06
1.699030139912238724e-06
1.902661931563187636e-06
2.059030643652981496e-06
2.142321035458749634e-06
2.145727935332075731e-06
2.071731397323972601e-06
1.926950055963772002e-06
1.725213103154210614e-06
1.492155116245008628e-06
1.248156453748094918e-06
1.005704431289444756e-06
7.839433444623011837e-07
5.910671805331446649e-07
4.268398543505469434e-07
2.955370523860523235e-07
1.934866757924424974e-07
1.161699447749242609e-07
6.045427269896208600e-08
2.359416950703518978e-08
0.000000000000000000e+00
