0.000000000000000000e+00
3.338283935394592561e-06
3.893240491215088639e-06
4.069010170471010213e-06
4.145491121376743138e-06
4.185328500883045422e-06
4.208692834462013366e-06
4.223554245341709645e-06
4.233592934110852468e-06
4.240744054251344153e-06
4.246006553132453121e-06
4.249996585214965705e-06
4.253119871733268553e-06
4.255577802259047360e-06
4.257542633778754748e-06
4.259199371969835113e-06
4.260548937762287380e-06
4.261671339600425767e-06
4.262642826602380808e-06
4.263464669529426487e-06
4.264173070755994388e-06
4.264753802551979334e-06
4.265324667018788318e-06
4.265763010935508248e-06
4.266211434678091052e-06
4.266579473166665082e-06
4.266906592831354317e-06
4.267198239871206056e-06
4.267458958984171602e-06
4.267692523929333959e-06
4.267902119159394658e-06
4.268090420533887652e-06
4.268259717443712020e-06
4.268411942232042122e-06
4.268548761676704828e-06
4.268671594420681004e-06
4.268781655158981891e-06
4.268859809974934194e-06
4.268958602504646649e-06
4.269045025817597150e-06
4.269113142885139212e-06
4.269152549363219862e-06
4.269194715744717428e-06
4.269246697052864192e-06
4.269282220192849309e-06
4.269330172612662011e-06
4.269322673389197575e-06
4.269365379339085109e-06
4.269372669951643218e-06
4.269353460428781943e-06
4.269366901343829568e-06
4.269334062168006483e-06
4.269333769513217192e-06
4.269306669524297604e-06
4.269272291468340086e-06
4.269210524765476578e-06
4.269180590932286634e-06
4.269122551914250607e-06
4.269055780881103601e-06
4.268959631459345871e-06
4.268893744829860282e-06
4.268797067719098948e-06
4.268688819641930365e-06
4.268567966536629399e-06
4.268433322462961144e-06
4.268283498531921794e-06
4.268116867600646458e-06
4.267922364298293303e-06
4.267725287276924462e-06
4.267486209186266422e-06
4.267239057220706400e-06
4.266952296494430641e-06
4.266630798110959688e-06
4.266259684748696657e-06
4.265828489335987683e-06
4.265398958369637228e-06
4.264848633805939926e-06
4.264270439202633156e-06
4.263551863115111473e-06
4.262747660188637155e-06
4.261835588770246375e-06
4.260730739891194219e-06
4.259387552996152237e-06
4.257837024179700336e-06
4.255868349956060115e-06
4.253535610510006393e-06
4.250533570560044438e-06
4.246713725897244274e-06
4.241631659351874362e-06
4.234868461128193928e-06
4.225305605620732763e-06
4.211334978188041589e-06
4.189496567108541569e-06
4.153043512755694167e-06
4.084164374362764249e-06
3.931410722302075555e-06
3.477392358175457332e-06
1.088534220428094557e-06
2.419754932225792743e-05
1.078264033615994322e-09
