0.000000000000000000e+00
5.023084906907726577e-07
5.514133175621438454e-07
5.626877630504623085e-07
5.662025199804077147e-07
5.675125047677198609e-07
5.680392675122547530e-07
5.682557069341953593e-07
5.683390965627310720e-07
5.683587220861596734e-07
5.683485603258375818e-07
5.683269521661316048e-07
5.683002600731512644e-07
5.682701202935902529e-07
5.682412798080349603e-07
5.682141602791901391e-07
5.681888562980574875e-07
5.681661711109953217e-07
5.681455147454883559e-07
5.681262016388188840e-07
5.681076633567982981e-07
5.680919920036942017e-07
5.680768010440928606e-07
5.680633861082640124e-07
5.680505255067913595e-07
5.680395706031404757e-07
5.680289144605055185e-07
5.680195820367828219e-07
5.680107278971391338e-07
5.680032958421676881e-07
5.679963523963493799e-07
5.679903983812906176e-07
5.679851268203250925e-07
5.679798518176681910e-07
5.679744388142893285e-07
5.679700395555542514e-07
5.679660097790417694e-07
5.679623250598453410e-07
5.679586324580654377e-07
5.679561737581551029e-07
5.679542852687902155e-07
5.679510591827252597e-07
5.679501617894544552e-07
5.679477269593391497e-07
5.679464442076564978e-07
5.679454962992380729e-07
5.679448455975233401e-07
5.679441145156616244e-07
5.679443384476456913e-07
5.679448920048457694e-07
5.679442628414577143e-07
5.679454195828270713e-07
5.679450583162548583e-07
5.679461111407491103e-07
5.679484126330791582e-07
5.679488287446687877e-07
5.679516480450175209e-07
5.679537067315720833e-07
5.679564819560667388e-07
5.679590527885025608e-07
5.679624862642285166e-07
5.679657699708684504e-07
5.679696468696704414e-07
5.679743341202581064e-07
5.679788590562395711e-07
5.679841252881345781e-07
5.679898514854286873e-07
5.679961735394201128e-07
5.680022562293274291e-07
5.680095934712525718e-07
5.680177469491454190e-07
5.680273476027508650e-07
5.680374447480929234e-07
5.680487032977410422e-07
5.680610132285934810e-07
5.680752945824707467e-07
5.680895927007156843e-07
5.681052918093953963e-07
5.681237482679790674e-07
5.681432880821901676e-07
5.681627223141916261e-07
5.681861356965356435e-07
5.682111338112250110e-07
5.682385396665878829e-07
5.682672989948400755e-07
5.682961455866220035e-07
5.683245032361838867e-07
5.683474602058424807e-07
5.683583582660745037e-07
5.683451714810772160e-07
5.682763961623038540e-07
5.680874137770075549e-07
5.676267385013034072e-07
5.664878047761945368e-07
5.634844578716879937e-07
5.541659525709619061e-07
5.158674990513034686e-07
2.575319345554660799e-07
1.800747361668797453e-06
4.525388382168454848e-10
