0.000000000000000000e+00
9.764317746796535857e-06
1.695267000867417551e-05
2.241363086685765893e-05
2.661931843062070868e-05
2.993252895078235554e-05
3.256020575637119663e-05
3.467554155200947008e-05
3.639957342294053433e-05
3.781903883304238434e-05
3.900297195691404539e-05
3.998243225256103983e-05
4.084508880342063719e-05
4.157283650074727888e-05
4.216637507692411191e-05
4.268359220493955775e-05
4.316711358920422015e-05
4.357502099838761467e-05
4.395232110787627988e-05
4.426766277032534447e-05
4.453086736722067229e-05
4.479507159449447329e-05
4.501610737717154365e-05
4.519808047354079150e-05
4.537476988009103707e-05
4.551507800254483982e-05
4.568313319097683234e-05
4.580134638998423213e-05
4.592405854286774058e-05
4.601727654895970687e-05
4.611709101753902473e-05
4.619827047980251677e-05
4.627033295512283928e-05
4.633482434079905232e-05
4.639060210775980408e-05
4.643008776628043677e-05
4.648052843458927441e-05
4.649049278193650991e-05
4.653521182285125235e-05
4.654181418872749276e-05
4.658339447638493169e-05
4.659437925180753837e-05
4.659971693665720949e-05
4.658349264774486187e-05
4.658472951479808444e-05
4.657319460199538241e-05
4.656477491171706617e-05
4.653274079913227723e-05
4.648742844037823119e-05
4.646074260461485750e-05
4.643471160004075671e-05
4.637662638462547449e-05
4.631279560385337390e-05
4.626382723826871768e-05
4.619092555757653429e-05
4.610016363626456837e-05
4.601674889770368537e-05
4.590493557798946966e-05
4.579865303300234558e-05
4.566133360739410563e-05
4.551863559687507887e-05
4.535873310584914719e-05
4.517776576229426411e-05
4.498047585177467056e-05
4.477261127200371504e-05
4.452169861302035514e-05
4.422012457916402184e-05
4.392012259213373682e-05
4.355841746983557528e-05
4.310774670912564943e-05
4.267579138161892160e-05
4.211456968217230923e-05
4.150899554689058135e-05
4.074946174659199727e-05
3.991685105619868779e-05
3.889582210991893163e-05
3.769743678194714676e-05
3.624938739776872865e-05
3.449700103419495179e-05
3.233487625009523470e-05
2.964897039059444239e-05
2.625401769906776650e-05
2.194080106021623067e-05
1.634715853238155603e-05
8.950940564744769290e-06
1.107597329408349651e-06
1.446626578816001540e-05
3.259933696364569755e-05
5.649588321809950742e-05
8.651153219441098940e-05
1.194817380851809219e-04
1.470479509473321400e-04
1.572363250880171037e-04
1.450060279226672577e-04
1.165468433221850120e-04
8.349097533011384797e-05
5.410236375569255074e-05
3.062616413906926738e-05
1.297415610457264279e-05
3.617793653543088794e-08
