0.000000000000000000e+00
1.358025474196278282e-05
1.731720978070949712e-05
2.060930921965464790e-05
2.317290118247772313e-05
2.517115965838812031e-05
2.671316543878532457e-05
2.790918704465017441e-05
2.883704764178318669e-05
2.957204256603951364e-05
3.015375135706488408e-05
3.061971832096777035e-05
3.098518531774452356e-05
3.128303508848073733e-05
3.152490990532275106e-05
3.172271255535985546e-05
3.188273367793481583e-05
3.201367919203335077e-05
3.211952065340639706e-05
3.221045148404932945e-05
3.228540737698626373e-05
3.234594645296073878e-05
3.239691366541119777e-05
3.244018373649293352e-05
3.247738388201248938e-05
3.250541379362648087e-05
3.253085639343122892e-05
3.255050860395680701e-05
3.256916621374728038e-05
3.258431488772917106e-05
3.259545046685463632e-05
3.260569518104272646e-05
3.261366539797361241e-05
3.262071929843735063e-05
3.262774752010866308e-05
3.263197134384387965e-05
3.263591813484900683e-05
3.263937331543509401e-05
3.264311446382617277e-05
3.264554487880655387e-05
3.264873455244288181e-05
3.264781928935533983e-05
3.265011414665952572e-05
3.264915374523447156e-05
3.264874647912474614e-05
3.264772080791011888e-05
3.264515375911436479e-05
3.264331143570942118e-05
3.263830290700653336e-05
3.263457377455925013e-05
3.263188388069604429e-05
3.262749226162764415e-05
3.261903297546719926e-05
3.261247344954476546e-05
3.260571882546248190e-05
3.259352580708974045e-05
3.258190235144731162e-05
3.256731723488837105e-05
3.254854933787409976e-05
3.252770249795311486e-05
3.250392113907096814e-05
3.247412486662160092e-05
3.243700718924547033e-05
3.239289632495090387e-05
3.234115299899364970e-05
3.227814330974965173e-05
3.220076991383713505e-05
3.210949164833554192e-05
3.199986268553889346e-05
3.186841561464426320e-05
3.170487126635812558e-05
3.150248593064564062e-05
3.125602395914750531e-05
3.095170766098664927e-05
3.057626260194457046e-05
3.010160827987551357e-05
2.950526423806110188e-05
2.875173614358406127e-05
2.779301898248043301e-05
2.655857525812876929e-05
2.497896129971532986e-05
2.292255395419662278e-05
2.028903195228082268e-05
1.843791715228082495e-05
2.198791224011786838e-05
1.860001179020132067e-05
1.344775856421120963e-05
1.286283003332222563e-06
2.070874724036109171e-06
8.402908684090881763e-06
3.362839470411049803e-05
6.554228046817822673e-05
8.043496656051640770e-05
6.420860827693886108e-05
3.236805145279131324e-05
8.101586761233292577e-06
1.609237265332019717e-06
8.091276230137722791e-07
3.631332268771991778e-06
3.044439700339296451e-15
