0.000000000000000000e+00
1.340287880680079979e-09
2.074849181354920802e-09
2.658758657680948545e-09
3.115722235769169401e-09
3.469762921426422508e-09
3.743644949594227000e-09
3.956762584245154812e-09
4.123256402976949175e-09
4.253236984830266465e-09
4.356935368043934886e-09
4.439320799853874178e-09
4.505004480570562464e-09
4.557593191734099491e-09
4.600722469660922798e-09
4.635341221970179504e-09
4.663809893834525155e-09
4.687340959819152886e-09
4.705968614793221150e-09
4.721657065331896774e-09
4.735340786155006754e-09
4.746210091610691961e-09
4.755346560969542224e-09
4.762666594437803269e-09
4.769038830509941818e-09
4.774299622312128122e-09
4.778653028836288286e-09
4.782670259828591952e-09
4.786077756335771483e-09
4.788674345945764799e-09
4.790886354300027961e-09
4.792480967630297073e-09
4.793705987715668471e-09
4.794958430309748110e-09
4.796303132437174099e-09
4.797151453850290181e-09
4.797895636343696424e-09
4.798742514466880493e-09
4.798751285228775032e-09
4.799249553322226802e-09
4.799422748114068327e-09
4.800017272543755098e-09
4.799891928364274918e-09
4.799747266304166260e-09
4.800009167915675334e-09
4.799339481387221440e-09
4.799476926997670034e-09
4.799134423194573174e-09
4.798522690308004712e-09
4.798086372659327026e-09
4.797312436188860829e-09
4.796055108613472839e-09
4.794612817882182298e-09
4.793625496546383147e-09
4.792389152186160572e-09
4.790652652353344365e-09
4.788565100000141683e-09
4.785544849283951407e-09
4.781968154787819003e-09
4.778631712554215483e-09
4.774213135938509822e-09
4.768898054230419348e-09
4.762044314432500869e-09
4.754210691793048227e-09
4.745203785461171719e-09
4.733867964290539021e-09
4.720334234598055900e-09
4.704347800199570884e-09
4.685364318746110257e-09
4.661375951897639425e-09
4.632487060618473151e-09
4.596752312124863238e-09
4.553349919333982143e-09
4.499061567742046464e-09
4.432099798279409697e-09
4.348168936019192188e-09
4.242498241602277176e-09
4.109322992995600998e-09
3.939050197132587527e-09
3.721261077060944444e-09
3.440714713143222525e-09
3.077353261105031379e-09
2.608642080126344354e-09
2.012161326447881038e-09
1.262221327458235010e-09
3.852739238752178608e-10
5.775795397511274132e-10
1.315712983007699677e-09
1.228323998070379730e-09
6.709639510660281303e-10
5.124592528105154088e-09
1.072811250946159589e-08
1.326943854795814559e-08
1.024220863676816862e-08
4.602963232791523751e-09
3.811785331819805833e-10
1.297135399092042007e-09
1.270608174230858367e-09
4.907513284635456330e-10
4.819278656698067209e-16
