0.000000000000000000e+00
3.794964786862919937e-09
5.878264319747472655e-09
7.534309842682773706e-09
8.830311482022068503e-09
9.834420500176577207e-09
1.061117460565697002e-08
1.121560655459319378e-08
1.168780938698432692e-08
1.205645017154921561e-08
1.235054547521485802e-08
1.258420234684365369e-08
1.277049688219733525e-08
1.291963758198733103e-08
1.304196062257290123e-08
1.314014630438009590e-08
1.322088771793517026e-08
1.328761967123170962e-08
1.334044652523402874e-08
1.338493893499048681e-08
1.342375122170835766e-08
1.345458200407989580e-08
1.348049560867536911e-08
1.350124789745166254e-08
1.351932688020696105e-08
1.353424239347589264e-08
1.354659429075866228e-08
1.355798695534815579e-08
1.356765588766961628e-08
1.357501400178762196e-08
1.358128420836379746e-08
1.358581647181722474e-08
1.358929324624114088e-08
1.359284163005014534e-08
1.359665602329584999e-08
1.359904877595852213e-08
1.360116297366431581e-08
1.360357815283208538e-08
1.360359103141917103e-08
1.360500545555254348e-08
1.360549439777258840e-08
1.360718582255060483e-08
1.360683632434245283e-08
1.360641244119165094e-08
1.360716050946564337e-08
1.360525758720143585e-08
1.360565937691404770e-08
1.360468870892361792e-08
1.360294710206488844e-08
1.360170776010249938e-08
1.359951395940584007e-08
1.359594170580180617e-08
1.359185908267335208e-08
1.358905099557716767e-08
1.358555190567045656e-08
1.358062240441881841e-08
1.357469825435941857e-08
1.356613199554601579e-08
1.355599488217507087e-08
1.354653655916138177e-08
1.353399592396442586e-08
1.351893053058716987e-08
1.349948208773099623e-08
1.347727629497086355e-08
1.345171818378787520e-08
1.341957978073793356e-08
1.338118982285863012e-08
1.333585930574088252e-08
1.328200904815446393e-08
1.321398401810114365e-08
1.313204156527802979e-08
1.303069852021110364e-08
1.290760909267163470e-08
1.275363326058709390e-08
1.256372483826595499e-08
1.232568669351508106e-08
1.202599109184632198e-08
1.164828777877602306e-08
1.116537862166921968e-08
1.054769227515350849e-08
9.752033958143613290e-09
8.721489863638964835e-09
7.392178202891841465e-09
5.700482974546616788e-09
3.573561002667702269e-09
9.858528438044800168e-10
1.644340552608980488e-09
3.737775089440731335e-09
3.489911248877319849e-09
1.896724666217153299e-09
1.452777875776689598e-08
3.042007779008315538e-08
3.762758948866462561e-08
2.904199492004266858e-08
1.304837715654372232e-08
1.074848654525339953e-09
3.685079130733015518e-09
3.609856746855655274e-09
1.398083093739899141e-09
2.409097227262790852e-16
