0.000000000000000000e+00
6.748958947255800922e-09
7.694765824517446617e-09
9.268364964398756456e-09
1.138073735251765584e-08
1.404959382167447757e-08
1.727175569232741736e-08
2.092183626345445191e-08
2.496762341319680445e-08
2.933306197938634341e-08
3.394056813377233084e-08
3.875837217837130311e-08
4.369978456875145412e-08
4.865007385834729803e-08
5.356138865764137336e-08
5.835429994771601514e-08
6.290508636208613780e-08
6.720431622309064323e-08
7.115591416084754428e-08
7.470044049995294699e-08
7.777715949064401002e-08
8.032911202882075941e-08
8.229038894747020549e-08
8.373161908270532194e-08
8.449117128161987011e-08
8.466467937839894375e-08
8.418378893981781630e-08
8.310325050331357488e-08
8.135986451218713000e-08
7.914641575457181943e-08
7.628422715733051973e-08
7.299588256071132264e-08
6.922590234381686969e-08
6.508961636342291968e-08
6.066893754042013143e-08
5.598969221587424272e-08
5.111614120867358224e-08
4.618053750515827005e-08
4.122396812800133148e-08
3.633480039066938616e-08
3.161693162834211535e-08
2.711763313900661387e-08
2.290773870594620121e-08
1.905099711319024891e-08
1.561210261069589933e-08
1.264855853388979767e-08
1.025363760565056737e-08
8.414034580184193146e-09
7.147233915816286753e-09
6.916375139276453865e-09
7.006416224974998386e-09
7.147468839008297437e-09
8.417305852326251170e-09
1.025799312159847432e-08
1.265296933894433096e-08
1.561569629160430850e-08
1.906097690795860444e-08
2.291763478989850000e-08
2.712820179606723059e-08
3.163017159302228265e-08
3.634768341864713648e-08
4.123482122420085716e-08
4.619469817779275900e-08
5.113032808257145234e-08
5.600627317470241451e-08
6.068402635950320700e-08
6.510778283175255865e-08
6.923883066889402471e-08
7.301132698422918565e-08
7.630135090419543076e-08
7.916395738938319937e-08
8.137605111979695494e-08
8.311994526000177075e-08
8.420098418504551319e-08
8.468461065724852688e-08
8.450624211508994676e-08
8.374981474990050856e-08
8.230712511547721988e-08
8.034484400010200034e-08
7.779271815611110696e-08
7.471349150467432310e-08
7.117257394551046445e-08
6.721797107811511296e-08
6.291910603639649935e-08
5.836671002068527514e-08
5.357379706527609642e-08
4.866080038912201644e-08
4.371139905590126773e-08
3.876875542818680742e-08
3.394774461540350785e-08
2.933995502107933362e-08
2.497422013636452220e-08
2.092594109104339850e-08
1.727757414915487288e-08
1.405705407631074877e-08
1.138438987524637014e-08
9.271309386882364834e-09
7.696762671649537424e-09
6.751346481870257321e-09
0.000000000000000000e+00
