0.000000000000000000e+00
5.586400453339024352e-09
5.731707330980384540e-09
5.970833494295391120e-09
6.292337206836862151e-09
6.694463983158982501e-09
7.187074935188775271e-09
7.744479280091809414e-09
8.357253444835066603e-09
9.020895697098296750e-09
9.721909832727249068e-09
1.045050013193105087e-08
1.120134762722102550e-08
1.195470356041283821e-08
1.269976013240636803e-08
1.342855049379920729e-08
1.411873096213156487e-08
1.477243427583374569e-08
1.537032390253045833e-08
1.591211062912378793e-08
1.637776170237970064e-08
1.676536454109367469e-08
1.706304930682023269e-08
1.728098997233473710e-08
1.739890742591398975e-08
1.742157917927755761e-08
1.735086307963484842e-08
1.718736253319974594e-08
1.692333440050930449e-08
1.658612014399096779e-08
1.615195777127098609e-08
1.565405705061806430e-08
1.508321589849259681e-08
1.445108421815888278e-08
1.378137615137831062e-08
1.306936936451563724e-08
1.233113566811994133e-08
1.158096452069656834e-08
1.083096490273049994e-08
1.008557881654326138e-08
9.367267517212951589e-09
8.686453667472449069e-09
8.046367017122690868e-09
7.459313722257832069e-09
6.943371544387844096e-09
6.491247206419359372e-09
6.126122165106551165e-09
5.846758410754659963e-09
5.656587753755104586e-09
5.561279659005435860e-09
5.558192239796255762e-09
5.653130186189514461e-09
5.848026618515689279e-09
6.127496732233339571e-09
6.490042170348431227e-09
6.937611818358391247e-09
7.466837703695716755e-09
8.050953015370510002e-09
8.689511665771476601e-09
9.375669463018709848e-09
1.009030781151665224e-08
1.082923339890129455e-08
1.158475670948178049e-08
1.233338287054408511e-08
1.307497876634755585e-08
1.378364378190610751e-08
1.445694852719725532e-08
1.507944369372182791e-08
1.565328944241883846e-08
1.615393252496488685e-08
1.658812365246120635e-08
1.692269624431474995e-08
1.718755704427366027e-08
1.735169730121555176e-08
1.742673738647226855e-08
1.739573518566572830e-08
1.728322163163653613e-08
1.706321461902859937e-08
1.676445948728400026e-08
1.637698410217325318e-08
1.590771658843692649e-08
1.537321436817506992e-08
1.477052347098606333e-08
1.411833083775348996e-08
1.342552147232112247e-08
1.269849025931080178e-08
1.195152909971852750e-08
1.120109371921529373e-08
1.045086872597522643e-08
9.715348192607109468e-09
9.016347446433314872e-09
8.353632119373344267e-09
7.737006590957662411e-09
7.186024886252084798e-09
6.700175747553771544e-09
6.291035137273581768e-09
5.970310468228490208e-09
5.731499608252477174e-09
5.589685492246587728e-09
0.000000000000000000e+00
