0.000000000000000000e+00
7.299973958652117290e-10
1.406361138656109233e-09
2.004264421096024762e-09
2.557313583118059341e-09
3.077594956657492276e-09
3.530023384712421830e-09
3.961242667216424707e-09
4.337680215016348484e-09
4.687794041835502412e-09
5.002456671121535692e-09
5.288703142092288090e-09
5.538546510308606230e-09
5.772056943520453842e-09
5.991775298141988060e-09
6.198277335833779489e-09
6.373240379886624396e-09
6.529561225043778450e-09
6.683124165185461152e-09
6.811028963049636786e-09
6.932220908417718874e-09
7.047368133505926835e-09
7.140194546728650948e-09
7.225108289432569109e-09
7.316196981577149927e-09
7.382527256183379905e-09
7.438336391274447124e-09
7.491506970325190196e-09
7.542290125783779331e-09
7.583615957429401533e-09
7.614429198277150590e-09
7.638277010890703878e-09
7.646739241806699283e-09
7.657084633017063879e-09
7.657477651967781185e-09
7.666444368226166262e-09
7.656909217779173105e-09
7.637358967471641336e-09
7.617655506386711295e-09
7.587685590948467507e-09
7.550580494175562762e-09
7.502735654973946566e-09
7.450541295028756394e-09
7.393694434476572042e-09
7.321636408263998419e-09
7.244028377151323639e-09
7.160374293491145181e-09
7.050594552637790002e-09
6.942477259741508533e-09
6.826225917855310854e-09
6.703432475774206978e-09
6.557681508922996727e-09
6.397182228390363434e-09
6.210651992688553946e-09
6.016353082394232388e-09
5.799073887757799639e-09
5.564406713176595076e-09
5.321281859593796071e-09
5.027142480074076047e-09
4.727158664508124275e-09
4.385085183855608193e-09
4.008866238969233109e-09
3.582463325990659087e-09
3.139655868622526214e-09
2.620778705164639177e-09
2.088004436018309207e-09
1.468281385363923164e-09
8.138875129404254949e-10
9.171430281895709413e-11
7.023431836117310922e-10
1.566097918015429968e-09
2.500771811853041982e-09
3.505225443234394334e-09
4.575057444000663054e-09
5.708026828976642264e-09
6.870073843145974024e-09
8.059972689267169699e-09
9.250354482404077316e-09
1.040956154607641793e-08
1.143943029191518690e-08
1.236540203564118201e-08
1.315257003309255879e-08
1.368559809922231807e-08
1.393937698601632746e-08
1.398532956109477254e-08
1.370382241017154001e-08
1.322038012396831164e-08
1.250208714331790816e-08
1.155837558997063752e-08
1.052319875682883321e-08
9.382825849613141145e-09
8.227040493302695268e-09
7.042063376871965374e-09
5.846457096225776695e-09
4.728148761401484990e-09
3.630322709113897872e-09
2.617707606233921069e-09
1.674546501462259585e-09
8.023013364777398237e-10
8.881784197001252323e-16
