0.000000000000000000e+00
1.486576417519813731e-09
6.486504222635858241e-09
1.510687164252288994e-08
2.719254965644068989e-08
4.213773863170899858e-08
5.957583737448146621e-08
7.960068160173250362e-08
1.022847193610232353e-07
1.268006766252938178e-07
1.524673269859277980e-07
1.790898577214150578e-07
2.064961499570472370e-07
2.339200478873593170e-07
2.613187737310340708e-07
2.877009860347001791e-07
3.132882129275316174e-07
3.369200396452498580e-07
3.594480870727778665e-07
3.789494409378590944e-07
3.953706932957601339e-07
4.095477885712739408e-07
4.208673081151914630e-07
4.290082263880279356e-07
4.330985423628419539e-07
4.340841334160572274e-07
4.320127460211153902e-07
4.253290859512759425e-07
4.157478884492249449e-07
4.036943775931334244e-07
3.883162343898405311e-07
3.693514840641398678e-07
3.482113627439886727e-07
3.253821845294879722e-07
3.014906019283003502e-07
2.753360608398480736e-07
2.478675762418447448e-07
2.204467505206864075e-07
1.930536840388796804e-07
1.656592936161160878e-07
1.394114763630938114e-07
1.144532256747154975e-07
9.126845734730437698e-08
6.991857393057188119e-08
5.081320497701824479e-08
3.470629517110523921e-08
2.126434184290815210e-08
1.114560299608768901e-08
4.332110448146408999e-09
7.116180977817521125e-10
4.662510377784201410e-10
3.793597880275001444e-09
1.054129317168417401e-08
2.093023243610048212e-08
3.455104946592513215e-08
5.075163422851858286e-08
6.941984231900732993e-08
9.082820073835762287e-08
1.144384936813125364e-07
1.396375558515572379e-07
1.657846653291272787e-07
1.928888009317120122e-07
2.202455556821192317e-07
2.473926480339727618e-07
2.745464475761849599e-07
3.007887504624662256e-07
3.253449809559327832e-07
3.482221235806548520e-07
3.696913741801921560e-07
3.875913310302792070e-07
4.028195199623496592e-07
4.153303466702951141e-07
4.255777953376949085e-07
4.314466535149108495e-07
4.339748957971067966e-07
4.329258329605067956e-07
4.288939288166204733e-07
4.208397506033634272e-07
4.099985707606279561e-07
3.963003225582184541e-07
3.787645475039624898e-07
3.589943978754561726e-07
3.368120009561437200e-07
3.132325777643885090e-07
2.883890577454195636e-07
2.617625189937911045e-07
2.339234035364512465e-07
2.064415670632868682e-07
1.790644084120884827e-07
1.524996423585278649e-07
1.268107469032386803e-07
1.025224324324724989e-07
8.011243746164353752e-08
5.981119688414082702e-08
4.209264903298759464e-08
2.724151992872236860e-08
1.539705785091882717e-08
7.072365248994572084e-09
1.950892447588614687e-09
0.000000000000000000e+00
