0.000000000000000000e+00
1.597853792612013990e-07
1.859579236151986947e-07
2.245737831252370142e-07
2.763728759180850147e-07
3.412428232207886936e-07
4.207220627439056670e-07
5.106805739396591548e-07
6.095277811368760013e-07
7.165992527147224678e-07
8.296918782013662508e-07
9.472519023612235856e-07
1.068439239859664269e-06
1.190016515328906621e-06
1.310302506052352101e-06
1.427972457834769671e-06
1.539364410274579598e-06
1.644912366982609342e-06
1.741457277715241503e-06
1.828968756334425905e-06
1.904171024302847570e-06
1.966773086281570215e-06
2.014816440909505957e-06
2.050043924950450958e-06
2.069053079645222226e-06
2.072690979071367678e-06
2.061196186398106533e-06
2.034757101809780977e-06
1.992041788412279857e-06
1.937545911046001379e-06
1.867317901305121097e-06
1.786893494948316174e-06
1.694641945437780350e-06
1.592441899900265412e-06
1.484296948572882968e-06
1.369298661568763009e-06
1.250062380608873980e-06
1.128926436444466219e-06
1.007844872003005321e-06
8.874718026019579042e-07
7.715493685056529216e-07
6.616732651787415875e-07
5.583969157063606303e-07
4.636467306751157480e-07
3.804130442874864571e-07
3.074499917987694175e-07
2.485442819333272269e-07
2.034792770944093832e-07
1.727885182711830225e-07
5.331006096009893724e-07
5.180535772031369390e-07
1.722072220378123575e-07
2.036653099501961606e-07
2.487586084898296690e-07
3.071930699816149968e-07
3.794325731387715450e-07
4.648640389293134945e-07
5.591250502590128235e-07
6.621782746574211842e-07
7.729126200173297434e-07
8.882320791103737179e-07
1.007500939786964977e-06
1.129506422725690129e-06
1.250372507866082117e-06
1.370181700544037540e-06
1.484618131208925718e-06
1.593371018571154707e-06
1.693922114354151631e-06
1.786679102999677582e-06
1.867588143356080366e-06
1.937793840167678638e-06
1.991856904526301264e-06
2.034714635557044460e-06
2.061273955633602384e-06
2.073452275208609308e-06
2.068437248481380664e-06
2.050296816880070594e-06
2.014753294199422839e-06
1.966561691824075808e-06
1.903937133285182881e-06
1.828158917360767077e-06
1.741890251927280531e-06
1.644520494670231869e-06
1.539211602064050055e-06
1.427384109686791192e-06
1.310018331035500694e-06
1.189431111492389448e-06
1.068321728858734332e-06
9.472240123375996745e-07
8.285323090939655799e-07
7.157759288611842408e-07
6.088728183861746857e-07
5.093989353666117381e-07
4.205152610570195293e-07
3.421595019537093663e-07
2.761589665833952267e-07
2.244464366585319226e-07
1.859359518574521530e-07
1.587460386476280405e-07
0.000000000000000000e+00
