0.000000000000000000e+00
1.609924416001717873e-10
2.296399737033993915e-10
2.320085235041347005e-10
1.823324824457017712e-10
1.073027222631139921e-10
1.374667046860622577e-11
8.449119182074582568e-11
1.951104833253225479e-10
3.054113628664367752e-10
4.081648352638467259e-10
5.022701143886365571e-10
5.886845455549405415e-10
6.740065172650133718e-10
7.465884577229076058e-10
8.085473401919784919e-10
8.727727429658216352e-10
9.336998951781083633e-10
9.728503558292800335e-10
1.015460271425183691e-09
1.043613306883628411e-09
1.075989297660839838e-09
1.108654834602873507e-09
1.139209282463582440e-09
1.156976736638171133e-09
1.165692764537595849e-09
1.181802100624906871e-09
1.195830656719465424e-09
1.203095290058797673e-09
1.210225142322940428e-09
1.218467660102362515e-09
1.223770085267972263e-09
1.228017798560188112e-09
1.228334878256021057e-09
1.229110480061024191e-09
1.231321156147657803e-09
1.225787915615228485e-09
1.227980939155770557e-09
1.221854728505888943e-09
1.209714439731612856e-09
1.199992660794180210e-09
1.198715016137441580e-09
1.191245768694670915e-09
1.168700025644398011e-09
1.157002826879249824e-09
1.133092619731712603e-09
1.110849190411045129e-09
1.083082734609774889e-09
1.048757081179019224e-09
1.018742534775185504e-09
9.782291643389839919e-10
9.321466931666577693e-10
8.786497085466749013e-10
8.255524042155570896e-10
7.549837421905181145e-10
6.843177136062195132e-10
6.036495747707704140e-10
5.143284687036953073e-10
4.206237580461902326e-10
3.197476727834214216e-10
2.141634647401247094e-10
1.060561638510648663e-10
2.278732758043133799e-12
9.456380123396002091e-11
1.707732844025144914e-10
2.187928727082066871e-10
2.306760338299795876e-10
1.632793900085971472e-10
2.133637710954872091e-11
2.504795260094283549e-10
6.658070761389467407e-10
1.293059326279433208e-09
2.179995850504212740e-09
3.349418187248431877e-09
4.872704684188988722e-09
6.773116401070922166e-09
9.032290915200746895e-09
1.163669705039893643e-08
1.446643327351893049e-08
1.740089061730287767e-08
2.017832878564718158e-08
2.262572584843525192e-08
2.442115976108993891e-08
2.545522026498048263e-08
2.548362543208781972e-08
2.459417269840002973e-08
2.287804867773246542e-08
2.049816449911645577e-08
1.771915292270165310e-08
1.481328892882771697e-08
1.195840160228556215e-08
9.318438354277702729e-09
7.022222026087376889e-09
5.081345455515418053e-09
3.509459944872617143e-09
2.296154488767854218e-09
1.378810399188523661e-09
7.248938116433123469e-10
2.877814653245991394e-10
0.000000000000000000e+00
