0.000000000000000000e+00
1.208533273455714152e-11
1.723809983644741806e-11
1.741851107794900599e-11
1.368727353678877989e-11
8.058109735031848686e-12
1.029953899944757723e-12
6.338818359097331268e-12
1.464239840487380206e-11
2.292521728008978243e-11
3.063926889979029511e-11
3.769939915798659058e-11
4.418920784843294314e-11
5.059375141058808367e-11
5.604150477012126430e-11
6.069078573034403234e-11
6.551525988385265009e-11
7.008860158919105743e-11
7.302403126629997132e-11
7.622336095636228492e-11
7.833900195208798323e-11
8.076450619398656272e-11
8.321932032373524635e-11
8.551559460556745762e-11
8.685008268116689578e-11
8.750333790885633789e-11
8.870948420280910796e-11
8.976075438482666868e-11
9.030654002373239564e-11
9.084422103455835895e-11
9.146106094704009593e-11
9.186063021360268976e-11
9.218059648929965988e-11
9.220035845913798767e-11
9.226275299312192146e-11
9.242684395616151960e-11
9.201184258955663609e-11
9.217471230726914655e-11
9.171363668514231904e-11
9.080292073804230313e-11
9.007561363461036308e-11
8.997869116456058691e-11
8.941858364863719544e-11
8.772471637996659410e-11
8.684752916821025792e-11
8.505340876041600495e-11
8.338496559900931970e-11
8.129930062494850063e-11
7.872413831933045003e-11
7.646938637861921961e-11
7.342970675949800352e-11
6.997213919390787851e-11
6.595513024620913711e-11
6.196843038708266249e-11
5.667166735889850315e-11
5.136435721198040483e-11
4.531208741553882646e-11
3.860800568133981869e-11
3.157296646350005176e-11
2.399891396720477132e-11
1.607536326275749161e-11
7.957523529000809503e-12
1.726396803292118420e-13
7.103539978459139093e-12
1.282229877830332043e-11
1.642508351551441592e-11
1.731592647047364153e-11
1.225919366021344104e-11
1.602384891441488435e-12
1.879985056518762576e-11
4.997580127508172154e-11
9.706180303936662312e-11
1.636389912462732354e-10
2.514197738889834000e-10
3.657620872843381221e-10
5.084198617666402242e-10
6.780020989083368477e-10
8.734997170023461877e-10
1.085916023768618288e-09
1.306188268657137996e-09
1.514674052849329655e-09
1.698389873183714371e-09
1.833160290232171974e-09
1.910783753444889044e-09
1.912917158009008745e-09
1.846148900419564143e-09
1.717327280381653054e-09
1.538683069846058515e-09
1.330077714634114727e-09
1.111950198584565896e-09
8.976490661893876677e-10
6.994840262564139266e-10
5.271187930588894233e-10
3.814250026934473681e-10
2.634339413276620689e-10
1.723585718593767524e-10
1.034984320469334307e-10
5.441136430306414695e-11
2.159816769875533282e-11
0.000000000000000000e+00
