0.000000000000000000e+00
2.302713575375037180e-10
9.310031634512938581e-10
2.093318074436467668e-09
3.699660355849232474e-09
5.715836026709553153e-09
8.102363224793407426e-09
1.083105860555377831e-08
1.385848991120042228e-08
1.713304298434081829e-08
2.062244086609155147e-08
2.423996692257901486e-08
2.794013898022029707e-08
3.166125928100171905e-08
3.535419113021021076e-08
3.892525590742934583e-08
4.236211914587784122e-08
4.557048938202967747e-08
4.854616864058414194e-08
5.119493495797655669e-08
5.350205145582265231e-08
5.540976744100589713e-08
5.689543536302466009e-08
5.793481683280532479e-08
5.853085316420703066e-08
5.865691199424816205e-08
5.829714844196587364e-08
5.748283471440629455e-08
5.620184084786927770e-08
5.449595907869309031e-08
5.237735778429453148e-08
4.990117419279016531e-08
4.710776480010281375e-08
4.399916320174668272e-08
4.066853909190371041e-08
3.714439111845990737e-08
3.351948441032703840e-08
2.980191238233231843e-08
2.606448368247527014e-08
2.241324614793427372e-08
1.885795786193966705e-08
1.547702144222284915e-08
1.231193624828819111e-08
9.430635605767179186e-09
6.850862654950162778e-09
4.643308848528704402e-09
2.842146296089254065e-09
1.467153287748601542e-09
5.404556802091065038e-10
6.994060886000852406e-11
6.378253480932016828e-11
5.284587212273095247e-10
1.464560250852287027e-09
2.845576663190740874e-09
4.665863806430081695e-09
6.869946167498142131e-09
9.433418046711494753e-09
1.231863788753173594e-08
1.546792927076268143e-08
1.886686940011372826e-08
2.242167695953867224e-08
2.608662408309925240e-08
2.980400304330999006e-08
3.352109312348972026e-08
3.716241903095607313e-08
4.067651504513492000e-08
4.399918018815895948e-08
4.710598766610729626e-08
4.991213820026985104e-08
5.239085831831857831e-08
5.452519580284587164e-08
5.621618848206111352e-08
5.747012687962183008e-08
5.827919358214472823e-08
5.865315322317599112e-08
5.853440609993043608e-08
5.795293689381253444e-08
5.689907189854181979e-08
5.540014025307016254e-08
5.349998033477021409e-08
5.117010948296751849e-08
4.854459134673305698e-08
4.559313848684354298e-08
4.234520123436169570e-08
3.892410838091109326e-08
3.534052128717490859e-08
3.166755990768876927e-08
2.792321707190126290e-08
2.422275535707285599e-08
2.061223391969235763e-08
1.713946384818143542e-08
1.385826031707892980e-08
1.082922662654084434e-08
8.093119507890378372e-09
5.688515880564182225e-09
3.685115101959013373e-09
2.094010742581531304e-09
9.423124502916380152e-10
2.417935851539709802e-10
0.000000000000000000e+00
