0.000000000000000000e+00
2.627141837407975800e-10
1.062169685539515740e-09
2.388243047768412453e-09
4.220900295948126768e-09
6.521134632286873511e-09
9.243892984400758905e-09
1.235703095403550833e-08
1.581099096092941636e-08
1.954688710892327208e-08
2.352789341131256151e-08
2.765508211322043053e-08
3.187655972514136238e-08
3.612193755220260982e-08
4.033514588996922612e-08
4.440931922200519466e-08
4.833038547147339159e-08
5.199076535955526879e-08
5.538567104945713027e-08
5.840760586295346002e-08
6.103975536131400759e-08
6.321623458038772014e-08
6.491121584684123036e-08
6.609702341009437987e-08
6.677703034974058482e-08
6.692085319226492857e-08
6.651040085348114417e-08
6.558136322887264669e-08
6.411990094434827370e-08
6.217368375693865801e-08
5.975660899437684748e-08
5.693157201225318431e-08
5.374461886642478703e-08
5.019806192940734491e-08
4.639820461171950683e-08
4.237755912850360573e-08
3.824194960699855983e-08
3.400062376091028682e-08
2.973664647853979659e-08
2.557099643141214074e-08
2.151481082179884652e-08
1.765754364946303667e-08
1.404653371395170325e-08
1.075929734195568699e-08
7.816061464716028695e-09
5.297489114042264191e-09
3.242565327354895999e-09
1.673844951532998948e-09
6.165944421709923517e-10
7.978817606613120006e-11
7.275702262887762117e-11
6.029011734298705960e-10
1.670889426819144319e-09
3.246477975338279975e-09
5.323217977526439881e-09
7.837833937429650177e-09
1.076247069242697307e-08
1.405418359468058043e-08
1.764716484053963086e-08
2.152497569074540706e-08
2.558061507063058571e-08
2.976190438541692629e-08
3.400300607747652748e-08
3.824378236316761104e-08
4.239811901562973162e-08
4.640730166816098290e-08
5.019807358674910347e-08
5.374258515988827867e-08
5.694408222733926550e-08
5.977201222862049690e-08
6.220704495962792180e-08
6.413627162693558148e-08
6.556686771297393079e-08
6.648991890401134697e-08
6.691655951573949324e-08
6.678108821489558977e-08
6.611769909348197416e-08
6.491535997632524868e-08
6.320525247627273302e-08
6.103739380591832742e-08
5.837928795937585846e-08
5.538387548575940400e-08
5.201660502329730207e-08
4.831108446623488817e-08
4.440801171234909361e-08
4.031954436989337864e-08
3.612912424788561339e-08
3.185725971910358112e-08
2.763544337813783613e-08
2.351624905916338548e-08
1.955421780053256953e-08
1.581072894829560482e-08
1.235494040408013916e-08
9.233350306558918419e-09
6.489964565759009929e-09
4.204309678179640741e-09
2.389036635186414514e-09
1.075071587308684684e-09
2.758601125307791335e-10
0.000000000000000000e+00
