0.000000000000000000e+00
1.275757499641372306e-09
2.357747330705706190e-09
3.226996003746762653e-09
3.908108281436284415e-09
4.434798972496878378e-09
4.841197442928546479e-09
5.155332272188672960e-09
5.399134805905703161e-09
5.588927542987676134e-09
5.737180952536391487e-09
5.854495555013272678e-09
5.947236481063100655e-09
6.021145360080026876e-09
6.079609704556787619e-09
6.125899454367811359e-09
6.163588084362459085e-09
6.193823010036680898e-09
6.217264036934011529e-09
6.236762328803990840e-09
6.252355744251758551e-09
6.264862961735673252e-09
6.276380082326227239e-09
6.284527120925531563e-09
6.290557408306085563e-09
6.295820753621228505e-09
6.299376797969102881e-09
6.302728561280446229e-09
6.305842514819914868e-09
6.308098265961348261e-09
6.309974542872964776e-09
6.310685085608724876e-09
6.311540623471501021e-09
6.312436240385466135e-09
6.311877909226382144e-09
6.312280587117413688e-09
6.312505074212992895e-09
6.312361855442816250e-09
6.313432443505462288e-09
6.313491063281162496e-09
6.313304101723815620e-09
6.312464551072594077e-09
6.313705225302612689e-09
6.312676825714902407e-09
6.313418898784561861e-09
6.312290579124635315e-09
6.312911637884610627e-09
6.313311873284987996e-09
6.312905642680277651e-09
6.312744216252497154e-09
6.312422806686868171e-09
6.312326883417540557e-09
6.311808187220435684e-09
6.311210443143977500e-09
6.309820999028659116e-09
6.308886524308832122e-09
6.308608746508070908e-09
6.305503896797404195e-09
6.303253030637279153e-09
6.300077570742246280e-09
6.295089338692605452e-09
6.290702625477706533e-09
6.283959796959948108e-09
6.275747255202190900e-09
6.265818752737573050e-09
6.251499762299772556e-09
6.235478355876011847e-09
6.215456260783014386e-09
6.191861912085983022e-09
6.161218757405606539e-09
6.121964934990842266e-09
6.075006275807481870e-09
6.015419828919732481e-09
5.940545722005197149e-09
5.846201744930112909e-09
5.726670249117660205e-09
5.574724015744436656e-09
5.379796830240479721e-09
5.130419755694504147e-09
4.809195597310633730e-09
4.392961883148416291e-09
3.853430796674217618e-09
3.158876049624836924e-09
2.268636278834890163e-09
1.165128438174178882e-09
1.223969814390102329e-10
1.428976936779235984e-09
2.263495613163968301e-09
1.546162753385260658e-09
2.416781441638704564e-09
1.083315270822282628e-08
2.107459917688458972e-08
2.565693502099009038e-08
2.018635403278068452e-08
9.840388948134659586e-09
1.842153096731635742e-09
1.738293731179396673e-09
2.237944496386035098e-09
1.319456766069038167e-09
6.661338147750939243e-16
