0.000000000000000000e+00
2.492020124367222422e-06
2.821928925422767520e-06
2.890841891867168556e-06
2.909479537072101607e-06
2.914832247569165702e-06
2.915999235963973035e-06
2.915783237522617810e-06
2.915102086831211636e-06
2.914275968546320428e-06
2.913507926249891966e-06
2.912764383022903303e-06
2.912127302634459625e-06
2.911541447270238336e-06
2.911033071484325774e-06
2.910591587634847599e-06
2.910204819239758933e-06
2.909863112687816056e-06
2.909556454988582175e-06
2.909287221908307686e-06
2.909033792963811038e-06
2.908815205371340085e-06
2.908627990683143594e-06
2.908452973238162542e-06
2.908303541326873187e-06
2.908153141523150964e-06
2.908026381365225177e-06
2.907908961735650166e-06
2.907807076790724921e-06
2.907705192178866582e-06
2.907614453984130876e-06
2.907536203133886943e-06
2.907464064838549689e-06
2.907400538654236755e-06
2.907349785474799830e-06
2.907293265574928398e-06
2.907249327055438926e-06
2.907201106960854986e-06
2.907151337439017880e-06
2.907122030659792244e-06
2.907103059168747450e-06
2.907067748969538457e-06
2.907056744883007582e-06
2.907029887477818875e-06
2.907011718455976279e-06
2.907001812268994456e-06
2.906998353258138934e-06
2.906986233508490614e-06
2.906988912809715941e-06
2.906983286754538653e-06
2.906977516703435072e-06
2.906988654238773506e-06
2.907006779961918141e-06
2.907013450292872392e-06
2.907016830810960073e-06
2.907053859191321976e-06
2.907063562762601805e-06
2.907082524483683983e-06
2.907119637240995758e-06
2.907153421882746613e-06
2.907185309930504502e-06
2.907241743121957711e-06
2.907289647247068842e-06
2.907335364343843764e-06
2.907394028972554167e-06
2.907459118794974984e-06
2.907531801099594304e-06
2.907603191326657566e-06
2.907691444065108044e-06
2.907793138495762264e-06
2.907887346026427622e-06
2.908005307000749440e-06
2.908139092983041962e-06
2.908283055269578199e-06
2.908427895742526914e-06
2.908604665008418522e-06
2.908797832046339238e-06
2.909016942553854790e-06
2.909241560544728600e-06
2.909521903737832815e-06
2.909805475459492641e-06
2.910158963698172840e-06
2.910532796773779296e-06
2.910977583758800336e-06
2.911473804267927790e-06
2.912028998047766493e-06
2.912681693278962314e-06
2.913396548231972361e-06
2.914162538836251315e-06
2.914987176749761488e-06
2.915705162864767885e-06
2.916063946645230942e-06
2.915190062791062076e-06
2.910827495927748032e-06
2.895361308596910987e-06
2.839317892355808226e-06
2.585020109968638735e-06
7.844623859387667153e-07
1.697050802307309425e-05
1.110223024625156540e-16
