0.000000000000000000e+00
5.216715948108685552e-12
7.452927164308675856e-12
7.381872890732665837e-12
5.709988037949642603e-12
3.450129071325136465e-12
4.978240042419201927e-13
2.827738043720273708e-12
6.188494161563085072e-12
9.647616039387685305e-12
1.296140972328885255e-11
1.592836973429712089e-11
1.874400634704898039e-11
2.140365662484100540e-11
2.353961470191734406e-11
2.583344649309537999e-11
2.769251494783020462e-11
2.933298048901633592e-11
3.088085342994872917e-11
3.212030641464025393e-11
3.330280495816850816e-11
3.431455120050941332e-11
3.517841573597024762e-11
3.587008468031172015e-11
3.661182468306378723e-11
3.726485786614830431e-11
3.751843280497269006e-11
3.775468826461292338e-11
3.822520078244906472e-11
3.842015594557324221e-11
3.876421406090457822e-11
3.890898714331569863e-11
3.895872513481890564e-11
3.901423628605016347e-11
3.899225387016258537e-11
3.902689282853089026e-11
3.907740797615133488e-11
3.892375310954321321e-11
3.870970211039548303e-11
3.844469187441745817e-11
3.811995163971459988e-11
3.779276891435756625e-11
3.780020740862255479e-11
3.711708718157069598e-11
3.670341808259536265e-11
3.604017084768429413e-11
3.532485415291830577e-11
3.441058549213948936e-11
3.340905330162513565e-11
3.242628388022694708e-11
3.104738688364250265e-11
2.974664958799166925e-11
2.791278319591583568e-11
2.609545912690691694e-11
2.382327668470907156e-11
2.156574918643627825e-11
1.902689117372347027e-11
1.633604362893947837e-11
1.327349341551098405e-11
1.009003991470081019e-11
6.632694393715610204e-12
3.385292046687027323e-12
1.073585664812526375e-13
2.981281888025932858e-12
5.498712596363475313e-12
7.049583139462356485e-12
7.279954417072076467e-12
5.269784608685768035e-12
7.502887200416807900e-13
7.667311230363793584e-12
2.108757612973022333e-11
4.124700581087381579e-11
6.905320759642563644e-11
1.066270405303271218e-10
1.546531791518646060e-10
2.152215072825924835e-10
2.869796622562148514e-10
3.691843497577451672e-10
4.602677128318077848e-10
5.526732405058965014e-10
6.413224395984684634e-10
7.186680139881218565e-10
7.761569165154469374e-10
8.082878810711235928e-10
8.103651083501972607e-10
7.816562952456251878e-10
7.271055979529705837e-10
6.520854967106970435e-10
5.638074451752572713e-10
4.711564471904239326e-10
3.796014613755005485e-10
2.963520540077979604e-10
2.230485796061998371e-10
1.615061417936658472e-10
1.116767789355321838e-10
7.302336513248519623e-11
4.407874065748274006e-11
2.329092474440130900e-11
9.168332759657005226e-12
0.000000000000000000e+00
