0.000000000000000000e+00
5.952127679620389245e-12
8.503198145604073943e-12
8.423706177040912735e-12
6.513012351661018329e-12
3.936406756110955030e-12
5.713207684721055557e-13
3.225197886536079750e-12
7.058020834449507674e-12
1.100652902152887691e-11
1.478750455419231002e-11
1.817457295771873760e-11
2.138400567730514013e-11
2.441746804748845534e-11
2.685385247502836137e-11
2.947064814406985533e-11
3.159383865636300470e-11
3.346900534495489410e-11
3.523248359726949275e-11
3.664424319538284180e-11
3.799416337102456964e-11
3.915090474038152024e-11
4.013189780494030856e-11
4.092770566899162077e-11
4.177358459145352754e-11
4.251232699203910670e-11
4.280509280363276048e-11
4.307043610651817289e-11
4.361111471951062413e-11
4.383338136904058047e-11
4.422728849817758601e-11
4.439248968424180930e-11
4.444966617001000486e-11
4.451239377090132621e-11
4.448552637370539742e-11
4.452671564791899073e-11
4.458478031210688641e-11
4.441069734184566187e-11
4.416267351814440190e-11
4.386035978853897177e-11
4.349276494508558244e-11
4.311784262966966708e-11
4.312261658867555525e-11
4.234013140091974492e-11
4.187428181978702924e-11
4.111877505152961021e-11
4.029832023633161953e-11
3.925570979390613502e-11
3.811895243899243724e-11
3.699229811360282838e-11
3.542544035894934495e-11
3.393429981457529721e-11
3.184652541676769033e-11
2.977318391828021049e-11
2.717726044210166947e-11
2.460320835950824403e-11
2.170408297530457276e-11
1.863753595898742788e-11
1.514710579186839823e-11
1.151378992148011093e-11
7.568390358869692136e-12
3.861577724251219479e-12
1.226796442210797977e-13
3.398170633772679139e-12
6.274314401366609673e-12
8.043898880316646682e-12
8.305023335708483501e-12
6.011857678345222666e-12
8.542055951465954422e-13
8.747447211021608382e-12
2.405897703283699229e-11
4.705658085413233493e-11
7.878164787200603314e-11
1.216480249865981023e-10
1.764406398763185280e-10
2.455424752412227463e-10
3.274127635677359649e-10
4.211987425506436011e-10
5.251141743656262406e-10
6.305379551818646178e-10
7.316776073906794409e-10
8.199222412130779958e-10
8.855070010582721807e-10
9.221627905731111241e-10
9.245340049091055334e-10
8.917774296790526023e-10
8.295446551898066900e-10
7.439575622214533723e-10
6.432432364533724467e-10
5.375375700111817423e-10
4.330811265162992640e-10
3.381082080977648729e-10
2.544715549390730303e-10
1.842591634826362679e-10
1.274136351980814652e-10
8.331024758945204667e-11
5.028921723493340323e-11
2.657252196058834670e-11
1.045818986966651210e-11
0.000000000000000000e+00
