0.000000000000000000e+00
3.917292712429798485e-08
8.295776610101057713e-08
1.287960039730862150e-07
1.751186118337244579e-07
2.207956539823641151e-07
2.645727701366951123e-07
3.063538934755527521e-07
3.456948214353161575e-07
3.823161859317636413e-07
4.161649900247255118e-07
4.473066845811501935e-07
4.756565976649085314e-07
5.019214018853190851e-07
5.253990196241176136e-07
5.470352189007599009e-07
5.663488110707604051e-07
5.837376498840640693e-07
5.995906151579077914e-07
6.138663789512222024e-07
6.262602438855680020e-07
6.377951300429174353e-07
6.480519048057686859e-07
6.566545663888589957e-07
6.644176402392787395e-07
6.714813257646667921e-07
6.778206647073403701e-07
6.828131881020382821e-07
6.870798301417124776e-07
6.906041396526063636e-07
6.936015854996924190e-07
6.959191354294347320e-07
6.973334140125686531e-07
6.982435665214836717e-07
6.988899888815680583e-07
6.983432281337798031e-07
6.975189505986634231e-07
6.959490611579965957e-07
6.939137957573393578e-07
6.911057958136623824e-07
6.877523366366489199e-07
6.834864128002493544e-07
6.780334281808464425e-07
6.722676000325833456e-07
6.654887082513383234e-07
6.578304250215438742e-07
6.491874735559122200e-07
6.387835320698087571e-07
6.277350350636368148e-07
6.153998441948971276e-07
6.011797999416756966e-07
5.859018438192364897e-07
5.688321358388037652e-07
5.497035175938691509e-07
5.283115266374593944e-07
5.051790608057160625e-07
4.794493484450157439e-07
4.512736170303455197e-07
4.204341571556469148e-07
3.868440987542243192e-07
3.506076472481467476e-07
3.117116105233463941e-07
2.702508318241925167e-07
2.262013369946913599e-07
1.810525802614648683e-07
1.345006175323959496e-07
8.848637489400346112e-08
4.431050992792506804e-08
4.565140043766291456e-09
2.846534363776243026e-08
5.061219621182999617e-08
5.792521995395816248e-08
4.528512298485054544e-08
7.797840373413578163e-09
5.988083817687339661e-08
1.614920233095062940e-07
2.986778754321406382e-07
4.700481803787681656e-07
6.687683890005402532e-07
8.832374298606282537e-07
1.093334410118274036e-06
1.279934139786220726e-06
1.420432956034112237e-06
1.499759424872237901e-06
1.504863568091430182e-06
1.434268863897969482e-06
1.301083881299902600e-06
1.117019586494016892e-06
9.077425139336625648e-07
6.936821173031404442e-07
4.924106611348122442e-07
3.173303004810890116e-07
1.758972970611338837e-07
6.999079560365828456e-08
1.541555993966881033e-09
4.250099761016201683e-08
5.783478040921607999e-08
5.247056777957226359e-08
3.192585618094767597e-08
0.000000000000000000e+00
