0.000000000000000000e+00
4.379931613840426508e-06
6.731562132822332956e-06
8.223971445731059760e-06
9.213408239228115804e-06
1.002003485472968691e-05
1.068133135317950178e-05
1.125178263317039296e-05
1.178859264694409603e-05
1.230294604126491720e-05
1.278284101080551238e-05
1.321473174831222508e-05
1.358824533570501814e-05
1.393307948804878293e-05
1.429929175322808277e-05
1.461169222194413919e-05
1.493359996551646418e-05
1.519536030958335004e-05
1.544553130294890053e-05
1.568141504448838930e-05
1.589820107072981159e-05
1.610463895862501715e-05
1.627838879392218274e-05
1.644351139684641083e-05
1.660360033117758150e-05
1.674426785980287491e-05
1.687099836256145124e-05
1.698225555979426815e-05
1.709483153733426519e-05
1.719286144563625385e-05
1.728723959470990224e-05
1.735889061815765189e-05
1.743731608305765235e-05
1.750447208981320557e-05
1.755487073051842373e-05
1.760701081998661266e-05
1.764025776840316695e-05
1.768301469062816267e-05
1.770547662882648865e-05
1.774357932937675741e-05
1.776010881449074930e-05
1.775794713076983555e-05
1.775906258960624484e-05
1.775463941888766328e-05
1.775904357292912294e-05
1.773894868972725192e-05
1.772619023276966743e-05
1.770310990834023102e-05
1.767798951224364146e-05
1.764731028230936971e-05
1.760864061328692998e-05
1.755941929104665178e-05
1.750407037570678170e-05
1.743371586138131590e-05
1.736320607492736201e-05
1.727579470789386562e-05
1.717871040374241431e-05
1.707267873951590076e-05
1.696563592745725657e-05
1.683893398785052398e-05
1.670705385459214654e-05
1.660802870040445356e-05
1.642828874615087642e-05
1.628786550667005173e-05
1.608250692664014991e-05
1.590940101059423739e-05
1.567821342873809698e-05
1.545406737746279902e-05
1.519851491971202506e-05
1.492817253856415505e-05
1.465216432849913986e-05
1.433626703428725335e-05
1.399055246020797227e-05
1.361882380213064181e-05
1.323240422335114630e-05
1.279508550366958985e-05
1.232591705480068356e-05
1.186445087963949874e-05
1.135014950193191652e-05
1.083544646252043719e-05
1.020512453164812428e-05
9.520355633174659715e-06
8.637632013641649564e-06
7.456208932832275593e-06
5.524169726989214269e-06
1.907451918081726205e-06
5.257403469238752791e-06
2.007705156648054157e-05
4.885974126112024862e-05
1.032595522947321598e-04
1.830321659352929231e-04
2.685138866458380846e-04
3.146700844118832663e-04
2.883083956137788562e-04
2.050581237666992962e-04
1.180251387393749241e-04
5.857640294371080358e-05
2.521773892771861370e-05
8.409344583903965997e-06
4.440892098500626162e-16
