0.000000000000000000e+00
3.961504013716421468e-09
5.820486981278349958e-09
5.834405958360378008e-09
4.629304606318385140e-09
2.760811468327517559e-09
3.709116347394569857e-10
2.162170553710041077e-09
5.075803666265699121e-09
7.747793628887222894e-09
1.041710917526472713e-08
1.277319128245579805e-08
1.500183188785086941e-08
1.714382380502144088e-08
1.899999380050587661e-08
2.058826731321516945e-08
2.230350337750763856e-08
2.352540673378200609e-08
2.474845650635160155e-08
2.579068936192641104e-08
2.669748566663798783e-08
2.743674532013073986e-08
2.821343147996202561e-08
2.894312256529474325e-08
2.918118136019387521e-08
2.965036915991703381e-08
2.994887371432497503e-08
3.029222372941120511e-08
3.060768327678431433e-08
3.078111243670633712e-08
3.104321710800661549e-08
3.117052016499144429e-08
3.118304914284664164e-08
3.123595893050890027e-08
3.119251845706827453e-08
3.127162473415268096e-08
3.136950221804823968e-08
3.115087643390523908e-08
3.100133982858466197e-08
3.082087618455631173e-08
3.048633490099206256e-08
3.050260022341433341e-08
3.027391237697685256e-08
2.974592394622277425e-08
2.944909061053380128e-08
2.888225392183585427e-08
2.823699363219134284e-08
2.755280192889841828e-08
2.675758203896094756e-08
2.587855862934418383e-08
2.510280694423272507e-08
2.387405495518635234e-08
2.231556373022414164e-08
2.100803120352878750e-08
1.937643168137270777e-08
1.750148725943034833e-08
1.539505811720687234e-08
1.303426311327626763e-08
1.071381117156988694e-08
8.128509199067934787e-09
5.485935261617669312e-09
2.656566855385733561e-09
1.607116661972440852e-10
2.295503231941609101e-09
4.172789780376717772e-09
5.451256446242780385e-09
5.619850917959468006e-09
4.307440071293910933e-09
5.197332564321754944e-10
6.230206128776671903e-09
1.688802553356794078e-08
3.315120178370989379e-08
5.537022096380184166e-08
8.510897497870928419e-08
1.238811151438312663e-07
1.718227823355178430e-07
2.294878119757370882e-07
2.956752415128605094e-07
3.672951672806235024e-07
4.421144713662172876e-07
5.130344049586454958e-07
5.754169429827982185e-07
6.205384416313464158e-07
6.469343145631967218e-07
6.475041774978151921e-07
6.248472538272764609e-07
5.808807473917099173e-07
5.207888663649740124e-07
4.506367362600016691e-07
3.768937250070436562e-07
3.036083423557656147e-07
2.366730571523589788e-07
1.785080072647104998e-07
1.290741983295262685e-07
8.925217331867685289e-08
5.825486470989460486e-08
3.500278678014723255e-08
1.841239238853376037e-08
7.287546677225975600e-09
0.000000000000000000e+00
