0.000000000000000000e+00
3.384274083195748517e-09
1.364806800907558682e-08
3.052169483819255902e-08
5.387874513207435712e-08
8.297570308624102609e-08
1.177901368665246196e-07
1.576229020638919565e-07
2.017704804346820424e-07
2.498024272989951555e-07
3.009524131014629234e-07
3.537049541035841571e-07
4.075186395002816653e-07
4.616850350913637158e-07
5.163957168541344345e-07
5.684374685399617988e-07
6.186494410087561846e-07
6.653662681932459577e-07
7.081370158035227291e-07
7.460465710762420599e-07
7.797511980545124288e-07
8.082322938696151482e-07
8.323232805196312256e-07
8.473211209336639627e-07
8.538618959663679675e-07
8.551389860667057974e-07
8.510817184337327035e-07
8.414970357195628026e-07
8.211102692223803956e-07
7.949496364512143032e-07
7.630397228508556395e-07
7.278133515864482206e-07
6.873626919867703577e-07
6.430254267941748481e-07
5.942266650960092988e-07
5.428182189293195847e-07
4.888814907344496419e-07
4.347958588724054607e-07
3.807495571050978356e-07
3.269578537912209981e-07
2.751198860950765379e-07
2.256060099847800871e-07
1.794539253863192130e-07
1.372563249724123580e-07
9.987165849878465451e-08
6.801717133964046980e-08
4.166605993560779098e-08
2.146162392246964146e-08
7.804746293693654025e-09
9.836039760457992998e-10
9.887656249318865775e-10
7.696605464069250502e-09
2.094959017373554389e-08
4.127485331295588367e-08
6.777683136949264053e-08
9.998304439928773490e-08
1.370374292930520710e-07
1.790799141199173050e-07
2.258209781391684601e-07
2.756554907668018473e-07
3.273482831467333654e-07
3.807395109189926075e-07
4.345661933635724949e-07
4.885723650094320192e-07
5.423210689414759145e-07
5.945579952815194247e-07
6.430463863615898390e-07
6.874348554841702708e-07
7.290348726929352097e-07
7.660778259532818879e-07
7.965762790496100365e-07
8.206734066762422231e-07
8.400804197838951382e-07
8.526553992860286257e-07
8.569924586643296038e-07
8.552659185312450063e-07
8.472910801859967478e-07
8.310529288069190557e-07
8.095118525508482321e-07
7.820093410604300743e-07
7.481602163350586920e-07
7.089104562263415232e-07
6.661338121105586652e-07
6.190595892574535242e-07
5.685706332414497410e-07
5.156517951521166765e-07
4.616642248489455369e-07
4.074793604758042420e-07
3.535892925121686403e-07
3.008687530225984119e-07
2.506063763174637415e-07
2.018465171671479652e-07
1.572866177301790458e-07
1.176617056009021667e-07
8.294856901347458233e-08
5.348109988201343867e-08
3.001269488489555215e-08
1.323660825391925755e-08
3.404362680647921025e-09
0.000000000000000000e+00
