0.000000000000000000e+00
7.891909348245462752e-12
3.188915798091329634e-11
7.170930516053886095e-11
1.267254079451163307e-10
1.957888295933685185e-10
2.775262242238341059e-10
3.709943463547915599e-10
4.746913973008304310e-10
5.868430186239947943e-10
7.063486462399737320e-10
8.302460940967648639e-10
9.569685044397147067e-10
1.084405787388220688e-09
1.210867406342686081e-09
1.333172683359862276e-09
1.450856990103943644e-09
1.560717666215793997e-09
1.662624149467717416e-09
1.753317491193229216e-09
1.832315632555037155e-09
1.897642709636215841e-09
1.948505135018763212e-09
1.984108433106257507e-09
2.004512111852818634e-09
2.008823996035857817e-09
1.996502962953172755e-09
1.968635809923569013e-09
1.924756132254401564e-09
1.866349963464131179e-09
1.793814319306363814e-09
1.709025920781925834e-09
1.613364108976611533e-09
1.506918367866205699e-09
1.392864490412648593e-09
1.272182470479776839e-09
1.148050543520184874e-09
1.020731832390708860e-09
8.927334427255573246e-10
7.676865809713717681e-10
6.459197621211387741e-10
5.301296068793703853e-10
4.217166615916312367e-10
3.230237188844853335e-10
2.346662864027848627e-10
1.590516607308245511e-10
9.735112715958393892e-11
5.026268290464486199e-11
1.852351605435842430e-11
2.399191956214963284e-12
2.192357406727296620e-12
1.810462890716735274e-11
5.016775883603941111e-11
9.747325169229270614e-11
1.598321475171360362e-10
2.353166550506102794e-10
3.231185319307883219e-10
4.219515847836419198e-10
5.298090854921611026e-10
6.462296253673116553e-10
7.679691327311388704e-10
8.934893935830245937e-10
1.020805995288753820e-09
1.148095396530379730e-09
1.272796867901604401e-09
1.393140380834267944e-09
1.506908375858984073e-09
1.613305933290121175e-09
1.709392516424657060e-09
1.794262072252195139e-09
1.867350274409318445e-09
1.925252735013316396e-09
1.968189167200762313e-09
1.995896781181727420e-09
2.008694321986581599e-09
2.004625465623632863e-09
1.984724162795714619e-09
1.948640027116255169e-09
1.897305645925939643e-09
1.832246909749812858e-09
1.752474720895236260e-09
1.662568638316486158e-09
1.561496487667568545e-09
1.450282338666397663e-09
1.333120946966914744e-09
1.210408773211213429e-09
1.084624279279466919e-09
9.563860814409963496e-10
8.296615616742997190e-10
7.060001472325438954e-10
5.870632868720804254e-10
4.746801840482817170e-10
3.709289542186411381e-10
2.772104767956307114e-10
1.948514682936774989e-10
1.262279170077817980e-10
7.172851201886487615e-11
3.228628475682171484e-11
8.290701458690818981e-12
2.220446049250313081e-16
