0.000000000000000000e+00
2.725597303410154382e-09
2.794752984591752920e-09
2.911215268852629379e-09
3.067621823227284494e-09
3.267152992592059491e-09
3.504089352013295411e-09
3.772781420607884684e-09
4.073497539280879209e-09
4.396677799611836690e-09
4.737561898338071842e-09
5.096251198821732942e-09
5.462108099152374052e-09
5.828067362045885602e-09
6.192336421406707814e-09
6.546877262536554554e-09
6.884736780676803392e-09
7.202780927251239973e-09
7.496686937891183788e-09
7.757341879965906628e-09
7.986188821362816270e-09
8.175135124410815024e-09
8.320828359664744767e-09
8.428114650627094306e-09
8.482984981128538493e-09
8.498102554987951862e-09
8.461511047386238715e-09
8.381463745266160004e-09
8.252305838674089955e-09
8.089145131506825237e-09
7.877410612699975445e-09
7.633267462558990246e-09
7.353432640577750590e-09
7.049863914865284187e-09
6.721521339514424653e-09
6.375933225832852713e-09
6.014286402233892659e-09
5.649207546198908858e-09
5.280763160087076358e-09
4.920416740716859749e-09
4.571907852302103947e-09
4.237292627884414742e-09
3.925888392153353834e-09
3.641037027435345408e-09
3.382944369079154967e-09
3.164679962530669854e-09
2.987876390747601363e-09
2.851584746110802371e-09
2.756535000258963919e-09
2.710241253645051529e-09
2.711744939709603841e-09
2.758224315613233557e-09
2.850962133038592583e-09
2.987199376747184942e-09
3.165267825622208875e-09
3.385753455376061538e-09
3.637367074205144490e-09
3.923652069914851381e-09
4.235805706187534270e-09
4.567814015921101145e-09
4.918114360208392100e-09
5.281613368879334303e-09
5.647359690996722748e-09
6.013189723930167929e-09
6.373198635500898490e-09
6.720415335337293072e-09
7.047007311022923659e-09
7.355271280928832311e-09
7.633646381677294812e-09
7.876452379207421473e-09
8.088172798181858525e-09
8.252616368054077611e-09
8.381367821996832390e-09
8.461107148249880083e-09
8.495587122681058645e-09
8.484532632024865961e-09
8.427027187174473966e-09
8.320750422008416081e-09
8.175580434865992174e-09
7.986562078343695248e-09
7.759487163916389818e-09
7.495280618385891103e-09
7.203717400372511293e-09
6.884930181527693094e-09
6.548356079605355262e-09
6.192952484163072313e-09
5.829620342012731271e-09
5.462230667774292669e-09
5.096067789978064866e-09
4.740764003585695718e-09
4.398901687352463341e-09
4.075259907310169183e-09
3.776427837109963548e-09
3.504603718340604246e-09
3.264367776090182360e-09
3.068262310890190747e-09
2.911471619349015327e-09
2.794855347154623360e-09
2.723992698072663643e-09
2.410181429435276357e-16
