0.000000000000000000e+00
2.330810532358285059e-07
3.050015930927685304e-07
3.621725608304871002e-07
4.069682408847086208e-07
4.416401568896333174e-07
4.685072712007354312e-07
4.893254103022215418e-07
5.055709492163273922e-07
5.184286122617010051e-07
5.285693331913421389e-07
5.366171056397917027e-07
5.430468776879138204e-07
5.482474547680027399e-07
5.524308234194919009e-07
5.558678757289214900e-07
5.586414133507133783e-07
5.609437569997766104e-07
5.627728718593516533e-07
5.643180143177772834e-07
5.656214691063254918e-07
5.667125829722508001e-07
5.676132601717398529e-07
5.683695952773959448e-07
5.689919515550201368e-07
5.694986429105597381e-07
5.699235477996111854e-07
5.702890631953394518e-07
5.705871410910390296e-07
5.708804584614313171e-07
5.710973758343840245e-07
5.712342086017230258e-07
5.713571616938750708e-07
5.714695721081852753e-07
5.716050011095319405e-07
5.717144313521771437e-07
5.717902840096655837e-07
5.718472457783008167e-07
5.718901892048933178e-07
5.719002144077833805e-07
5.719307802909412430e-07
5.719871385423402899e-07
5.719817813831795661e-07
5.720083023907918118e-07
5.719484708066602252e-07
5.719239009049914557e-07
5.719388275204906336e-07
5.718948048460958944e-07
5.718243918373389079e-07
5.717930325888076482e-07
5.717151638773287914e-07
5.716200861538567324e-07
5.714827362446328607e-07
5.713697877052226204e-07
5.712645521072090560e-07
5.710774726441769644e-07
5.708861399167375339e-07
5.706003834982098510e-07
5.702263657925144003e-07
5.698628446904052680e-07
5.694312690263103605e-07
5.689364679373198896e-07
5.682788897232171621e-07
5.675115983816425569e-07
5.666301560180997399e-07
5.655136485760436926e-07
5.641874060158258430e-07
5.626483571274931705e-07
5.607345914260264408e-07
5.584605674568976497e-07
5.556301995168766439e-07
5.520871745323674418e-07
5.478344979881200061e-07
5.425068085873618884e-07
5.359786185987758245e-07
5.277146651883057871e-07
5.173550503556612057e-07
5.043096239498723321e-07
4.876905908002271417e-07
4.663342876298770534e-07
4.388593753956726573e-07
4.032754123972637217e-07
3.573536340173433246e-07
2.989516454388052580e-07
2.255722001409665722e-07
3.351001041096424160e-07
4.539692155525187900e-08
2.705659873925014836e-08
1.832122320521989423e-08
1.678446991393300891e-07
6.033441790620486245e-07
1.153983940627156812e-06
1.401916718268836348e-06
1.104926231398906111e-06
5.518824178762926635e-07
1.385231849226897793e-07
2.544065513809812273e-08
2.272342181086628443e-08
5.370234346102620293e-08
4.909858156978627597e-10
