0.000000000000000000e+00
4.938690845168736132e-08
9.135919343261633685e-08
1.250828464138820095e-07
1.514228876731138485e-07
1.718372620862496092e-07
1.875783547378162552e-07
1.997564414990549153e-07
2.092063063896532071e-07
2.165346266735923564e-07
2.222891676284532991e-07
2.268485246315066206e-07
2.304409688624886599e-07
2.332813742178529992e-07
2.355399247866429846e-07
2.373401699617971872e-07
2.387700044348406436e-07
2.399751043435927045e-07
2.409046938600667431e-07
2.416542230765372778e-07
2.422850063910075846e-07
2.428046718128129555e-07
2.431737452512905406e-07
2.434741274148777279e-07
2.437226959139948690e-07
2.439242364760119131e-07
2.440720986429667505e-07
2.442089874765684954e-07
2.443487122638643427e-07
2.443792240791609061e-07
2.444350668540096194e-07
2.444997044825925059e-07
2.445560559616311025e-07
2.445595909117415090e-07
2.445820275198684612e-07
2.445834239583888348e-07
2.445701190456617269e-07
2.445667465211798230e-07
2.446094954366984098e-07
2.445943972917419273e-07
2.445996575284326013e-07
2.445916370552581043e-07
2.445967185460418136e-07
2.446201818884219392e-07
2.446042779435941839e-07
2.446245637166555298e-07
2.445853641841466697e-07
2.445842337550629964e-07
2.446056431848475654e-07
2.445776020598700029e-07
2.445794436978232511e-07
2.445740249212846606e-07
2.445706323017660111e-07
2.445578674015180809e-07
2.445245833593290286e-07
2.444717821514785783e-07
2.444323520256475035e-07
2.442876267938487445e-07
2.442110363931604411e-07
2.440819885096701114e-07
2.439199381365497743e-07
2.437273104449744210e-07
2.434617435431718491e-07
2.431671054514694674e-07
2.427298774199115883e-07
2.422043222649605809e-07
2.415991037230114102e-07
2.408441909240721657e-07
2.398521588009572270e-07
2.386890173289302197e-07
2.371902171338646781e-07
2.353707760915924041e-07
2.330643079639926896e-07
2.301483534861148428e-07
2.264925184070065711e-07
2.218580862356489547e-07
2.159714348470842538e-07
2.084176146111005323e-07
1.987624136390309104e-07
1.862894077886423361e-07
1.701723297831136961e-07
1.492611043651947966e-07
1.222321031058015706e-07
8.783017813041027466e-08
4.513131857120100676e-08
4.839765588293687415e-09
5.547442338826868991e-08
8.765677861344300936e-08
6.015256415192737904e-08
9.348714191670381979e-08
4.191173437195772067e-07
8.160757031250298610e-07
9.942915732974455523e-07
7.822012525471322419e-07
3.813144342501573192e-07
7.144503422207293397e-08
6.741169356061504914e-08
8.670528051091253019e-08
5.120848423079138456e-08
3.330669073875469621e-16
