0.000000000000000000e+00
2.004980292902303063e-09
3.502756085183023060e-09
4.637205841540037454e-09
5.520036205908240845e-09
6.204742497573079163e-09
6.754727222002543385e-09
7.194782325470328033e-09
7.553434544504966652e-09
7.846124416843736071e-09
8.095220493942179019e-09
8.302143750249513232e-09
8.477545665463992464e-09
8.627381919978915903e-09
8.756267488863045401e-09
8.865896461429656483e-09
8.964943454259355349e-09
9.049920590697979605e-09
9.124611954902661637e-09
9.190532779257409857e-09
9.248922627769218252e-09
9.300799130862458242e-09
9.343419593577095839e-09
9.388283483957593489e-09
9.423565372479458802e-09
9.456403438079519219e-09
9.487883811942765533e-09
9.514446341896132253e-09
9.536459288916887544e-09
9.556224145335079356e-09
9.578613235916577651e-09
9.593828842469065421e-09
9.609127604726097616e-09
9.622440844125890180e-09
9.634109732203910426e-09
9.644029796973541124e-09
9.652927901449004366e-09
9.661737188082497596e-09
9.666227596127896504e-09
9.672448619824081106e-09
9.675944934173230649e-09
9.676752288356738063e-09
9.677868506585696196e-09
9.679304024956536523e-09
9.676582979345482727e-09
9.674169909601459949e-09
9.668847944510616799e-09
9.667210920660807005e-09
9.659592903332736569e-09
9.653665422604262858e-09
9.643127296676823335e-09
9.631333952597742609e-09
9.622765917427500426e-09
9.609298023960377577e-09
9.594052108319317540e-09
9.575113368853749307e-09
9.557631797108001592e-09
9.532724942751258368e-09
9.512035492598158726e-09
9.483359875162022945e-09
9.455251248624563232e-09
9.418338442479523565e-09
9.380989651752713598e-09
9.342826068348131230e-09
9.296103775646713530e-09
9.243643184220218245e-09
9.182550497754959906e-09
9.115804111559100420e-09
9.042274928816596002e-09
8.954045616071937275e-09
8.857840461118371422e-09
8.742764068259134547e-09
8.614041924204229872e-09
8.461987111019197982e-09
8.283852492851906391e-09
8.073552715259779688e-09
7.823146463969976594e-09
7.522163780748769568e-09
7.156623738069356477e-09
6.707611688305803455e-09
6.149182274484132904e-09
5.445296880068895007e-09
4.540983922218799762e-09
3.377129353943075785e-09
1.832743956597937540e-09
2.234139540036039762e-10
2.980173663402752027e-09
6.700371701917617884e-09
1.162100360385664999e-08
1.772334434768652045e-08
2.440143065385314003e-08
2.993649572680112669e-08
3.200205300757374971e-08
2.949484545489156062e-08
2.375363117312900840e-08
1.709876251698716487e-08
1.109778402508254658e-08
6.297002363986337059e-09
2.679012012229975426e-09
4.440892098500626162e-16
