0.000000000000000000e+00
4.164848196319681506e-07
4.856418650556193484e-07
5.075897470119272725e-07
5.171221280075855020e-07
5.220969160335542369e-07
5.250230331599325950e-07
5.268729095231350357e-07
5.281366938225673380e-07
5.290251806622237041e-07
5.296794490794454191e-07
5.301790004796913536e-07
5.305640480290918504e-07
5.308709121187860092e-07
5.311200165225571368e-07
5.313249474836467812e-07
5.314933383404607525e-07
5.316328287596761015e-07
5.317527632664464932e-07
5.318571463241994479e-07
5.319455346208812330e-07
5.320205128667154781e-07
5.320892242366426217e-07
5.321463354412969693e-07
5.321998719498566288e-07
5.322457912182443351e-07
5.322849803146567638e-07
5.323229982368005153e-07
5.323539277179989426e-07
5.323806279156073629e-07
5.324108263149440745e-07
5.324343184121005379e-07
5.324530496508828037e-07
5.324720556698636642e-07
5.324891413360788306e-07
5.325052928606410774e-07
5.325205664208354506e-07
5.325289736957117270e-07
5.325437603120874996e-07
5.325534279121413306e-07
5.325596178495928257e-07
5.325678132939160037e-07
5.325756905483203241e-07
5.325772615139001687e-07
5.325854905979809928e-07
5.325867236116721415e-07
5.325916355713999906e-07
5.325896069718893955e-07
5.325943107648001273e-07
5.325943696066204325e-07
5.325935886757449111e-07
5.325919568699433171e-07
5.325894550933796268e-07
5.325860762406264826e-07
5.325817873380600531e-07
5.325765553010342046e-07
5.325680411116806567e-07
5.325607911332852495e-07
5.325532473898775265e-07
5.325452796522966992e-07
5.325330196814803685e-07
5.325201504202681235e-07
5.325089836860641412e-07
5.324939047479659848e-07
5.324731727762710420e-07
5.324568465026047193e-07
5.324376201043534707e-07
5.324144937146613188e-07
5.323887618535749766e-07
5.323600863471611433e-07
5.323255904965407126e-07
5.322923112283106661e-07
5.322521970940741198e-07
5.322044877020815079e-07
5.321535414548606013e-07
5.320984951540097541e-07
5.320328290148168549e-07
5.319576860118857553e-07
5.318683129473811277e-07
5.317679870886493632e-07
5.316508336905556575e-07
5.315160217511660790e-07
5.313520854421938111e-07
5.311515142158995673e-07
5.309112658391512696e-07
5.306182581099605500e-07
5.302453517375127490e-07
5.297598556497362665e-07
5.291358665671097583e-07
5.282858578370408509e-07
5.270946140667476243e-07
5.253527012305525545e-07
5.226240384903491076e-07
5.180793990477994271e-07
5.095098943863618501e-07
4.903994009763934514e-07
4.337476308124976754e-07
1.355033903971403220e-07
3.017950309880390591e-06
1.110223024625156540e-16
