0.000000000000000000e+00
5.283827781666916579e-04
5.936421739739516923e-04
6.085867792419152877e-04
6.132562162652899218e-04
6.149966173181198315e-04
6.157003594734478114e-04
6.159870751865081928e-04
6.160964249705136453e-04
6.161239122788320088e-04
6.161104707861353447e-04
6.160819614642321085e-04
6.160463501525548224e-04
6.160065527395230944e-04
6.159692586473752840e-04
6.159318971390437270e-04
6.158990928344376670e-04
6.158684119808022217e-04
6.158414487470453835e-04
6.158148802009044687e-04
6.157912524760167372e-04
6.157696083110009155e-04
6.157487239650816235e-04
6.157308903294023139e-04
6.157144776925971286e-04
6.156999792986672659e-04
6.156848243084045436e-04
6.156725446210264963e-04
6.156621846922227803e-04
6.156522859179780482e-04
6.156431574095844184e-04
6.156345744630087324e-04
6.156267513246493905e-04
6.156197781963523852e-04
6.156127306696790313e-04
6.156083427704128752e-04
6.156024918102520616e-04
6.155967354524172208e-04
6.155928724131953800e-04
6.155896004611527417e-04
6.155857816564358487e-04
6.155833739351912470e-04
6.155798581701787953e-04
6.155791319450987231e-04
6.155760552196687385e-04
6.155747331667571487e-04
6.155749022366263645e-04
6.155740787943120296e-04
6.155733872282853625e-04
6.155742151172649557e-04
6.155745213047847386e-04
6.155748285098239236e-04
6.155760512971397702e-04
6.155772119483815530e-04
6.155775209052416486e-04
6.155794645765766404e-04
6.155830849292609486e-04
6.155858132256275539e-04
6.155895859453197616e-04
6.155929140243543429e-04
6.155970842394165032e-04
6.156013402258686540e-04
6.156069783765927284e-04
6.156123985319172931e-04
6.156192079178612886e-04
6.156251595810235955e-04
6.156333034025296413e-04
6.156421965288760845e-04
6.156513147900222194e-04
6.156610886138835781e-04
6.156723188157631199e-04
6.156843664627542623e-04
6.156978552372960323e-04
6.157127442284471286e-04
6.157277149652085058e-04
6.157473463545004577e-04
6.157662656981477411e-04
6.157878339130284928e-04
6.158107184077721286e-04
6.158362176510445707e-04
6.158634344485269807e-04
6.158944922618481144e-04
6.159263081881860558e-04
6.159640086182971430e-04
6.160004493125370573e-04
6.160411266705745348e-04
6.160771070141679573e-04
6.161086664644432886e-04
6.161241561750685491e-04
6.161053018731710296e-04
6.160132042670740660e-04
6.157617571755924502e-04
6.151474122672029310e-04
6.136359190167528510e-04
6.096331676204158612e-04
5.972561037483892221e-04
5.463100600211490132e-04
4.135516966523034021e-04
2.334101361947227282e-03
7.785438960183910240e-14
