0.000000000000000000e+00
1.415763074108511432e-06
1.747042023270140021e-06
1.894223782494819375e-06
1.971998908056882271e-06
2.017776558171924250e-06
2.047200402977011890e-06
2.067015365092572665e-06
2.081110053508972157e-06
2.091472004472905155e-06
2.099301390057206618e-06
2.105450843226108759e-06
2.110292439905236961e-06
2.114197183322730211e-06
2.117434965032138905e-06
2.120100030422733539e-06
2.122367971368888107e-06
2.124271441306113672e-06
2.125883388215399350e-06
2.127314815192349329e-06
2.128551872648820620e-06
2.129606192835531431e-06
2.130561248758766624e-06
2.131378973979636271e-06
2.132129796605930494e-06
2.132783303521179619e-06
2.133367204226743752e-06
2.133884004829056380e-06
2.134359084249304317e-06
2.134778381956969895e-06
2.135148270854259067e-06
2.135497466415614554e-06
2.135791193791369835e-06
2.136079658487943789e-06
2.136332359681247794e-06
2.136549296150036525e-06
2.136765069993273869e-06
2.136929821094923909e-06
2.137101688282072587e-06
2.137249038747235375e-06
2.137387202338913994e-06
2.137480992203677488e-06
2.137582292838224873e-06
2.137676500368890231e-06
2.137739879781719310e-06
2.137792248557701669e-06
2.137831928483713284e-06
2.137847773364676129e-06
2.137861059736678726e-06
2.137858854167618006e-06
2.137846414562716291e-06
2.137819187564282686e-06
2.137788196687750997e-06
2.137724397499596307e-06
2.137669866342228886e-06
2.137597700513360621e-06
2.137505046184706714e-06
2.137393769419126954e-06
2.137245537658927219e-06
2.137127275370076518e-06
2.136946653297222554e-06
2.136770132610266160e-06
2.136572814559478672e-06
2.136363563831622514e-06
2.136115874296073969e-06
2.135837805505858000e-06
2.135534109326542307e-06
2.135202423314552789e-06
2.134841239342932795e-06
2.134417701471491569e-06
2.133963990513798592e-06
2.133449027219569416e-06
2.132883295535847878e-06
2.132246186503650165e-06
2.131491033896537601e-06
2.130668683042458156e-06
2.129783184479094871e-06
2.128682790814018233e-06
2.127526862349959913e-06
2.126085828502155550e-06
2.124477039622263419e-06
2.122671871163106516e-06
2.120418409190527598e-06
2.117866177209215550e-06
2.114740738523579466e-06
2.110894138374064255e-06
2.106235971632841597e-06
2.100338815091973288e-06
2.092785160390242538e-06
2.082843175932325153e-06
2.069381765168465392e-06
2.050606957126888119e-06
2.022953038638419798e-06
1.980475199059306135e-06
1.908702746522550342e-06
1.775158382066877039e-06
1.487484707074493429e-06
5.344259406125928535e-07
5.161568057743259885e-05
2.220446049250313081e-16
