0.000000000000000000e+00
9.042534449554828768e-06
1.670008859189220374e-05
2.282545378473610498e-05
2.763720300436034449e-05
3.136368456890803458e-05
3.424342669289259788e-05
3.647455938193822078e-05
3.820068784565755493e-05
3.954049202725684609e-05
4.059822715851701957e-05
4.142777880677961377e-05
4.208001804828498393e-05
4.260325629068528741e-05
4.301623825653244637e-05
4.334988179133247854e-05
4.361536941577259796e-05
4.383073458891217911e-05
4.400007993099475101e-05
4.413633651578763306e-05
4.424975390959762223e-05
4.432869608739231637e-05
4.441209972572135456e-05
4.447263426932135388e-05
4.451063532950882973e-05
4.454890032279390510e-05
4.457824929826603721e-05
4.459614180163384844e-05
4.462534179050514638e-05
4.464213893529134225e-05
4.465810860798669069e-05
4.467123408979922772e-05
4.467668367735821988e-05
4.465992020119546879e-05
4.467271541885864394e-05
4.466536489933226051e-05
4.467010227471313044e-05
4.467155795451205336e-05
4.466884985554475662e-05
4.466745136399996596e-05
4.467274764241579987e-05
4.466954617887708423e-05
4.466929726254509347e-05
4.467200525903880504e-05
4.466776521261373034e-05
4.467377434502761702e-05
4.466728518393026093e-05
4.467226733317897214e-05
4.467147781528346684e-05
4.467122298501546851e-05
4.467069513647281553e-05
4.467153893084052640e-05
4.467045194689323040e-05
4.465282320598173982e-05
4.464761582867460277e-05
4.465260074315580141e-05
4.463321256598096198e-05
4.462692019602254589e-05
4.460530243466376277e-05
4.458114609007246543e-05
4.455112643497738389e-05
4.451290178819622412e-05
4.446797833490556684e-05
4.440824230722562049e-05
4.433391169178513280e-05
4.424191229335239228e-05
4.412822548183203963e-05
4.398788839665712658e-05
4.381410779874528316e-05
4.359064178260929623e-05
4.331995587691928051e-05
4.298602327845735260e-05
4.256562692317444885e-05
4.203148394699152135e-05
4.135844195729543316e-05
4.050878490069464988e-05
3.943330729405669643e-05
3.806083079760380627e-05
3.629012564732025936e-05
3.401454620821642294e-05
3.106652916040619772e-05
2.724626982264499730e-05
2.232127560253260867e-05
1.600297613324475066e-05
8.177494691063991183e-06
9.484940463044821968e-07
1.025437161605857739e-05
1.625261961479829154e-05
1.122007259968249571e-05
1.699058307580436633e-05
7.669704590451686954e-05
1.496772497318055173e-04
1.825550162132261178e-04
1.438800614520507892e-04
7.039328131097644103e-05
1.341730327220069796e-05
1.212767488356636392e-05
1.569047556648772712e-05
9.320462853845690177e-06
1.110223024625156540e-16
