0.000000000000000000e+00
6.794098943441184701e-07
1.254622841284636081e-06
1.714689051857121171e-06
2.076045447552132828e-06
2.355877700255248897e-06
2.572111267751253649e-06
2.739641331905851018e-06
2.869244500436352041e-06
2.969842288869095626e-06
3.049258238796426213e-06
3.111543023237572925e-06
3.160513641242701510e-06
3.199799062381103454e-06
3.230805542542292130e-06
3.255856174333437991e-06
3.275790577461634712e-06
3.291959900564300767e-06
3.304675961768310799e-06
3.314906978690856931e-06
3.323422374301721050e-06
3.329353959857783707e-06
3.335613836585871184e-06
3.340158694076222901e-06
3.343013203371825171e-06
3.345885960737149389e-06
3.348090195531838731e-06
3.349439362976269763e-06
3.351628022008057428e-06
3.352889653363000377e-06
3.354089063600795839e-06
3.355074893685028314e-06
3.355483429112737781e-06
3.354231502217253080e-06
3.355187414344484864e-06
3.354639940833514800e-06
3.354991840009979853e-06
3.355100130941757186e-06
3.354898119534155398e-06
3.354798564059180421e-06
3.355194982623821431e-06
3.354955881884613689e-06
3.354937114785627728e-06
3.355134638782786283e-06
3.354821796808238332e-06
3.355266955828994924e-06
3.354784087750140031e-06
3.355153126771703853e-06
3.355093388557328637e-06
3.355073714295109255e-06
3.355033477925317698e-06
3.355094961632332229e-06
3.355012582417771227e-06
3.353695068319950678e-06
3.353303176134581065e-06
3.353669686623206303e-06
3.352218416741159501e-06
3.351739423007593643e-06
3.350115189704183649e-06
3.348301227612537900e-06
3.346045830188160153e-06
3.343174237779855673e-06
3.339803222424109208e-06
3.335316659969222997e-06
3.329734215018476107e-06
3.322826627405461863e-06
3.314287346900535169e-06
3.303749280036960556e-06
3.290699149838260951e-06
3.273918766533157054e-06
3.253591267293742817e-06
3.228514677822147405e-06
3.196946967598535139e-06
3.156835190365470112e-06
3.106294548693711022e-06
3.042489924220959097e-06
2.961725495631561955e-06
2.858655079096550367e-06
2.725682326620848528e-06
2.554775351271132422e-06
2.333350278771462172e-06
2.046346240680563255e-06
1.676375322556822312e-06
1.201666845473958745e-06
6.134971275439937699e-07
7.276076130491304639e-08
7.732428141116187703e-07
1.224553891843171982e-06
8.494143743931203971e-07
1.262614747199464205e-06
5.735701995024378164e-06
1.120460667602962701e-05
1.366332573493611591e-05
1.077410910921283715e-05
5.271249319815929368e-06
1.001618029294881751e-06
9.138093812754988221e-07
1.180408095935447932e-06
7.005879333332742931e-07
3.330669073875469621e-16
