0.000000000000000000e+00
5.586739154628261872e-07
6.512490595689257589e-07
6.783296090384638433e-07
7.146897604837221252e-07
7.608514971391144854e-07
8.161315395716073340e-07
8.788146467209045909e-07
9.487508169092606636e-07
1.024059685716949275e-06
1.103459676743412388e-06
1.186554940191264507e-06
1.271419874382395676e-06
1.356783419836915527e-06
1.441497934462354635e-06
1.524463394408925865e-06
1.602550436130556477e-06
1.676992782639885604e-06
1.744858097119106333e-06
1.806438677975918949e-06
1.859175638330157199e-06
1.902862638569757792e-06
1.937126521633913967e-06
1.961780086157105529e-06
1.975527894160222786e-06
1.977937105768212689e-06
1.970215143698439419e-06
1.950837068664945662e-06
1.921354937151065201e-06
1.882665389585369553e-06
1.833685394747597286e-06
1.776762171945556190e-06
1.711826942862870737e-06
1.640803199753904096e-06
1.564707489798422557e-06
1.484092354453458995e-06
1.399943797331104633e-06
1.314633462867753622e-06
1.229338787545053435e-06
1.145223396004091398e-06
1.063947692725442096e-06
9.863717244096292802e-07
9.138357659477236439e-07
8.474742438924209864e-07
7.879515673270276466e-07
7.370283039431768657e-07
6.958289409109141843e-07
6.641495493564519847e-07
6.333471186392714003e-07
1.180432414316090473e-06
1.161636883184602453e-06
6.431207673074368358e-07
6.641043214239417125e-07
6.957842886290421802e-07
7.370386692073793711e-07
7.881161826484017752e-07
8.471078242200391628e-07
9.135626507505989480e-07
9.862348985256730316e-07
1.063742313789362015e-06
1.145079472797405629e-06
1.229275821135189517e-06
1.314408087038643203e-06
1.399632644227821743e-06
1.483772561039486959e-06
1.564209729965071460e-06
1.640706855043916335e-06
1.711751868027633350e-06
1.776792779573099779e-06
1.833812188656303022e-06
1.882419709886562487e-06
1.921291920670142872e-06
1.950471354428273685e-06
1.970087354474792107e-06
1.977525889040876450e-06
1.975677246690565880e-06
1.961521645332808816e-06
1.937074278091088786e-06
1.903129344782428234e-06
1.858964953638242434e-06
1.805988343983599975e-06
1.744818748927734475e-06
1.676587036536503206e-06
1.602769000741410821e-06
1.524368037575385415e-06
1.441605306240489881e-06
1.356749001035773006e-06
1.271468784591611723e-06
1.186432273092563605e-06
1.103411405245502408e-06
1.023980702896665207e-06
9.487490589821234721e-07
8.791179247902292104e-07
8.161269919870761669e-07
7.605592418080675543e-07
7.147121212636164955e-07
6.783008538180368419e-07
6.512059872454400988e-07
5.612099934770853338e-07
0.000000000000000000e+00
