0.000000000000000000e+00
1.608695504584645164e-06
1.846430575325186396e-06
1.923237034961999825e-06
2.026361971996237799e-06
2.157285758475069315e-06
2.314069756481629270e-06
2.491848826280396167e-06
2.690197302146479785e-06
2.903781369356650544e-06
3.128966081122896981e-06
3.364628645141642949e-06
3.605307485887720986e-06
3.847397977652100565e-06
4.087645452011123837e-06
4.322930377220757237e-06
4.544378088722211828e-06
4.755488117291761796e-06
4.947945030586708981e-06
5.122578077720874035e-06
5.272131346822916953e-06
5.396020117842681429e-06
5.493186551852602406e-06
5.563100470729054337e-06
5.602088235634461455e-06
5.608922870492527579e-06
5.587028115372483228e-06
5.532079480174978414e-06
5.448478046621296755e-06
5.338766390305949017e-06
5.199872532557492377e-06
5.038452312033925296e-06
4.854310201696243610e-06
4.652900375989865722e-06
4.437105435295407574e-06
4.208491418133952777e-06
3.969854181162801865e-06
3.727919777429811177e-06
3.486026941224018572e-06
3.247476015988404185e-06
3.016975954395206827e-06
2.796966093177033486e-06
2.591247920458172871e-06
2.403039272569351681e-06
2.234224753316915724e-06
2.089798518234431413e-06
1.972950234629955446e-06
1.883101642397022601e-06
1.783105660679851212e-06
3.632348224869019759e-06
3.604672021539911952e-06
1.797943510961630409e-06
1.882973425404443901e-06
1.972823675644441721e-06
2.089828110118929771e-06
2.234691908076236189e-06
2.402000016110683589e-06
2.590473394015191388e-06
2.796578175923158938e-06
3.016393574917231035e-06
3.247068029788025001e-06
3.485848680706560287e-06
3.727280832421797641e-06
3.968972041690221886e-06
4.207584751281245872e-06
4.435694006543755563e-06
4.652627454970748033e-06
4.854097599871209923e-06
5.038539454105261939e-06
5.200232303437246628e-06
5.338069952176560662e-06
5.448299515875554277e-06
5.531042571949029707e-06
5.586665739909513206e-06
5.607756965453347675e-06
5.602511953695099578e-06
5.562367818789937246e-06
5.493038479853495915e-06
5.396776433963523800e-06
5.271533911610504219e-06
5.121301004384903877e-06
4.947833364354892183e-06
4.754337443735323632e-06
4.544997948885409755e-06
4.322660020150692617e-06
4.087949957876091389e-06
3.847300395154462649e-06
3.605446238452714169e-06
3.364280679041264932e-06
3.128829252796450078e-06
2.903557383637789258e-06
2.690192396292978572e-06
2.492709189727548846e-06
2.314056854801904706e-06
2.156456716639887361e-06
2.026425357293248908e-06
1.923155491412309459e-06
1.846308370301308344e-06
1.612012268226159506e-06
0.000000000000000000e+00
