0.000000000000000000e+00
8.017408503757650351e-08
1.148757410307510440e-07
1.165111123135886828e-07
9.741650597305806514e-08
6.604128954812438224e-08
2.584276892481085497e-08
2.389986653028586261e-08
7.331183815573183438e-08
1.212659113125624799e-07
1.725073697222967439e-07
2.153962794793073954e-07
2.548793950341021741e-07
2.952704877268175210e-07
3.298862562006732446e-07
3.581444805167421919e-07
3.876842290528870194e-07
4.125233519225446344e-07
4.342033890214480607e-07
4.546616207967701939e-07
4.676251291746424954e-07
4.810027860457921633e-07
4.943789716493895980e-07
5.045174027440424425e-07
5.174655871575950528e-07
5.272154783853011395e-07
5.317316018604856254e-07
5.368379580872328916e-07
5.412875206944889328e-07
5.451092047747962965e-07
5.487143668325700219e-07
5.517551660005892700e-07
5.514616553403683952e-07
5.534129128292875066e-07
5.547572331510153276e-07
5.543397040286279776e-07
5.544233216969729483e-07
5.506068333493985278e-07
5.483499274649972222e-07
5.464050999437475298e-07
5.411000527644205249e-07
5.364266897345260077e-07
5.330729728747485296e-07
5.267693156119079845e-07
5.168657269960519329e-07
5.060647489951719535e-07
4.951225686111726532e-07
4.843392477082986147e-07
4.690742626545230110e-07
4.522766383630028031e-07
4.317885891058637071e-07
4.123543109191274425e-07
3.892637560065637103e-07
3.611479948428808484e-07
3.280298506158629834e-07
2.959803053759202385e-07
2.535369280076693599e-07
2.129935929851001220e-07
1.667028749485766070e-07
1.192827411289343331e-07
6.934615570663993367e-08
1.822929618366941895e-08
3.327418063303611007e-08
7.980262894946577035e-08
1.166514209671731805e-07
1.380511607251833084e-07
1.390259855016395818e-07
1.122516819496155449e-07
4.142133736007025391e-08
8.354972413915362495e-08
2.832882246561752027e-07
5.780811245248429486e-07
9.942783565364265996e-07
1.549770242359471695e-06
2.275010645536035270e-06
3.171548046410066490e-06
4.223140214421050587e-06
5.462161538405396755e-06
6.802217803802967921e-06
8.188263390773720118e-06
9.518899292793037148e-06
1.069636648520777555e-05
1.156068293961531879e-05
1.203578097774826716e-05
1.207979396544711648e-05
1.167048945427406892e-05
1.085890497909414165e-05
9.723513448633980261e-06
8.430308575002598559e-06
7.039131072694715385e-06
5.686931999537847560e-06
4.433519801061436283e-06
3.363037566095350428e-06
2.436142285455744627e-06
1.691336202758186857e-06
1.107181305748383693e-06
6.705229156356296016e-07
3.538413014814167923e-07
1.349732086097787942e-07
0.000000000000000000e+00
