0.000000000000000000e+00
6.246757555672388662e-09
9.582168059019124939e-09
1.159284823692985356e-08
1.306075936291506423e-08
1.429658613716355831e-08
1.535098970162351861e-08
1.636029633989011245e-08
1.733047794161279853e-08
1.825115414355593657e-08
1.909825708690249257e-08
1.992579246046233266e-08
2.068981508340783648e-08
2.139169597015211366e-08
2.205543447875157881e-08
2.266249055082880659e-08
2.324658354702080487e-08
2.376400709547255019e-08
2.424759715236035618e-08
2.469928661597009523e-08
2.510858843063346058e-08
2.549606803459170123e-08
2.585114478037553454e-08
2.615810301698218154e-08
2.646340191425622379e-08
2.673834620381398963e-08
2.697224510406215359e-08
2.723371705926069808e-08
2.744775884355732387e-08
2.764214845907275730e-08
2.781798935647117332e-08
2.797272791177363160e-08
2.811447730177718540e-08
2.823544154040291687e-08
2.834692958142426278e-08
2.843802449081778150e-08
2.851503000389499221e-08
2.859047976144779568e-08
2.864185988382672576e-08
2.870555904088689658e-08
2.873427240590586962e-08
2.875676008429195463e-08
2.877741467344208104e-08
2.877070082174526533e-08
2.875656646139646000e-08
2.873114957058220398e-08
2.870013360301015837e-08
2.864840942251589695e-08
2.857851477688910791e-08
2.850727343073344855e-08
2.842370527833537608e-08
2.832941981001368958e-08
2.822370881450098068e-08
2.809189048047500137e-08
2.793941789036580303e-08
2.780282226666486167e-08
2.759165895760418152e-08
2.738992754824920439e-08
2.717960190246060392e-08
2.697347922797632691e-08
2.669480481110042547e-08
2.644649310656888019e-08
2.612281602143440296e-08
2.581256020040001431e-08
2.546061428354562395e-08
2.508131513589972883e-08
2.467450754828348636e-08
2.418220057531783596e-08
2.371347906926501992e-08
2.318377623211631544e-08
2.260862563829846295e-08
2.200001858465583382e-08
2.135229071331679052e-08
2.061527837327048474e-08
1.984837716406673280e-08
1.902616886262364915e-08
1.816464056947353356e-08
1.722894993338996983e-08
1.626650658614892109e-08
1.524320891732600103e-08
1.415026196216473409e-08
1.292606066627399741e-08
1.139732463961706799e-08
9.291126312760411565e-09
5.761050192454320040e-09
8.650662408626885735e-10
1.445123254395497270e-08
4.272820042228175907e-08
9.942509093807672116e-08
2.033726490546783339e-07
3.610136614096148833e-07
5.270384197952893146e-07
5.970295204882347662e-07
5.132647040717586151e-07
3.442096101480274228e-07
1.909648928988261218e-07
9.233990505563838269e-08
3.898698941462441780e-08
1.270581040380136528e-08
0.000000000000000000e+00
