0.000000000000000000e+00
7.127198053957783941e-09
1.093277079977639232e-08
1.322689380245378743e-08
1.490172951701396187e-08
1.631174872951390853e-08
1.751476153000197655e-08
1.866631393898643410e-08
1.977320507329238808e-08
2.082361783006803080e-08
2.179008773417479006e-08
2.273422239351674534e-08
2.360589512750976837e-08
2.440666402314661809e-08
2.516392516582754979e-08
2.585650560327223957e-08
2.652290109761423764e-08
2.711322111270675350e-08
2.766494555661580534e-08
2.818027489137620023e-08
2.864724868434365135e-08
2.908931551193205678e-08
2.949441402222419129e-08
2.984462355026806790e-08
3.019293559614055766e-08
3.050661590009440260e-08
3.077347376923000866e-08
3.107177803940430749e-08
3.131597470229507962e-08
3.153775707254169447e-08
3.173837115344468884e-08
3.191491004805868670e-08
3.207662324644644514e-08
3.221463218405773432e-08
3.234183565403725424e-08
3.244576196603787821e-08
3.253362135247073184e-08
3.261968861689723553e-08
3.267831338860105461e-08
3.275098037214263513e-08
3.278374838266984170e-08
3.280940430450129952e-08
3.283296179379391333e-08
3.282530891546286966e-08
3.280918081660644248e-08
3.278017979280178906e-08
3.274479176695876959e-08
3.268578374626684990e-08
3.260604919397280810e-08
3.252476388215796987e-08
3.242942336889598209e-08
3.232185308288393344e-08
3.220125033287501992e-08
3.205086596125283904e-08
3.187690700290346513e-08
3.172106854965051070e-08
3.148014837695001233e-08
3.124999847781140261e-08
3.101004275585239611e-08
3.077487731317773978e-08
3.045694751957483959e-08
3.017364480495388079e-08
2.980437230348798039e-08
2.945040145085897620e-08
2.904887430599245590e-08
2.861612891091880329e-08
2.815200306205412062e-08
2.759034389843151303e-08
2.705557278215309225e-08
2.645124530520348571e-08
2.579505453681463223e-08
2.510069729844133235e-08
2.436170998265652088e-08
2.352086048151846853e-08
2.264590348577399936e-08
2.170784418886739786e-08
2.072492555349469967e-08
1.965738205544909079e-08
1.855931652805509202e-08
1.739181687554491873e-08
1.614482958434138027e-08
1.474807287404900080e-08
1.300386021085842003e-08
1.060076693093492395e-08
6.573131372533680405e-09
9.868402761625816311e-10
1.648752823157906278e-08
4.874875714211412969e-08
1.134333638130868849e-07
2.320239357311848494e-07
4.118679904907551759e-07
6.012705254798689225e-07
6.811186455957241037e-07
5.855600538895444629e-07
3.926979270651997922e-07
2.178691691501200012e-07
1.053505908066298957e-07
4.448079848895503119e-08
1.449637221373478724e-08
1.110223024625156540e-16
