0.000000000000000000e+00
9.619914620451197607e-08
1.465255996535574923e-07
1.777269800218306273e-07
2.001062401335573782e-07
2.190435798299361636e-07
2.353023578205437616e-07
2.505455397594502642e-07
2.653013846387608510e-07
2.795408811095967394e-07
2.928008365765677468e-07
3.055298847254306338e-07
3.171513675015447120e-07
3.276745076385978450e-07
3.377169914831057440e-07
3.469662029909059697e-07
3.559775143546772824e-07
3.639555014034456804e-07
3.711586987753534572e-07
3.782144156749822628e-07
3.846723710676513974e-07
3.905262847547774641e-07
3.957820452482607720e-07
4.004999393236730043e-07
4.054674113129763668e-07
4.095920936864061446e-07
4.134397467714379104e-07
4.170987780716117754e-07
4.199445603481066769e-07
4.231995425207912831e-07
4.257342266500430128e-07
4.283152151840496913e-07
4.304354108697339143e-07
4.323880430368021166e-07
4.341023234211149884e-07
4.354296824216064010e-07
4.366364968477753905e-07
4.377465430138727243e-07
4.387204487477092130e-07
4.395072364937746556e-07
4.402505752176821829e-07
4.405773466054085929e-07
4.406092675157680105e-07
4.406352489549902884e-07
4.402464447439413675e-07
4.400456512509975937e-07
4.394880480651508492e-07
4.387138586858796430e-07
4.376102172853890693e-07
4.366251110665686497e-07
4.354015610275041581e-07
4.339860356639135830e-07
4.322794395772433518e-07
4.301812609464050752e-07
4.282440184688596219e-07
4.253005733145798217e-07
4.225382614908568257e-07
4.199277504612908274e-07
4.166820238848956137e-07
4.130819332148760736e-07
4.088228576781816059e-07
4.047856848599096224e-07
4.001656112029294832e-07
3.953321425775868647e-07
3.899323440803570406e-07
3.839070712441383648e-07
3.773731983569561521e-07
3.706368144618110705e-07
3.631007502447047841e-07
3.551811704749496812e-07
3.464262657848493632e-07
3.369902362715393451e-07
3.263609799075695150e-07
3.155336992799462337e-07
3.036149919255493046e-07
2.911283745188342209e-07
2.779923429230279908e-07
2.638141677335781310e-07
2.490598201010385537e-07
2.334539693782389236e-07
2.160657647243269253e-07
1.973713396052900748e-07
1.744580102602810712e-07
1.414296310064955264e-07
8.758147729270859827e-08
1.369639957005119868e-08
2.213265818395981910e-07
6.551598530357694017e-07
1.524705439348572611e-06
3.122601270999503242e-06
5.536292578489643290e-06
8.072554283033994693e-06
9.173245439808574986e-06
7.862859515705977742e-06
5.271981813215198542e-06
2.919770346609951162e-06
1.414445351621829161e-06
5.975800120294749718e-07
1.941940291905197569e-07
0.000000000000000000e+00
