0.000000000000000000e+00
1.584131825715928699e-09
2.926635711553160490e-09
4.005558218445059993e-09
4.850490786800776277e-09
5.503621003377645593e-09
6.008534225721007260e-09
6.398158891585126185e-09
6.701292631916544451e-09
6.936101915044901034e-09
7.121144562916015275e-09
7.265711921000672646e-09
7.380983935156848474e-09
7.472402807628952814e-09
7.544575408857667753e-09
7.602877660772833224e-09
7.648929156722772404e-09
7.687415259916008381e-09
7.715717620371265184e-09
7.740623697571891171e-09
7.760927012157026184e-09
7.776302601847362439e-09
7.788991007728895966e-09
7.798743206777203341e-09
7.807282265126502807e-09
7.812714142296783848e-09
7.817807623489159141e-09
7.822751113550907576e-09
7.826712278280467672e-09
7.828168779866473415e-09
7.830950776721579132e-09
7.831389203794003606e-09
7.831832404825433969e-09
7.833156345782299468e-09
7.834185078436917138e-09
7.833903081788662348e-09
7.834273341167374838e-09
7.834494719638485094e-09
7.834470405754245803e-09
7.834389026406540779e-09
7.833507287280383480e-09
7.835474047368506945e-09
7.834029425168864691e-09
7.834005666396137713e-09
7.835529003408225890e-09
7.833492188247248578e-09
7.834307647058835755e-09
7.834952908680747896e-09
7.833640514043338499e-09
7.834417559138273646e-09
7.833880877328169845e-09
7.834252246929906960e-09
7.834057624833690170e-09
7.832698600829246516e-09
7.831622239606872427e-09
7.830886716853058260e-09
7.829262016478821806e-09
7.826411518863096717e-09
7.822114400646285048e-09
7.817946068300329898e-09
7.812764435399799368e-09
7.806669088950002333e-09
7.798662382541010629e-09
7.786873035264818554e-09
7.774868415744151662e-09
7.759194953216308477e-09
7.737968044096987796e-09
7.713193528324779891e-09
7.684338498847864685e-09
7.644847532795040479e-09
7.597263818048816120e-09
7.538916046989641018e-09
7.464977413995654842e-09
7.371461663296940969e-09
7.253354028513570029e-09
7.105950050600995382e-09
6.916373807008824315e-09
6.675974106862270219e-09
6.365765803373335530e-09
5.966071414675866436e-09
5.449520057432266640e-09
4.779859952286358293e-09
3.913515511655418777e-09
2.811261667901021610e-09
1.442652108885056350e-09
1.576512254075623787e-10
1.780027791831173545e-09
2.818729027964650413e-09
1.930141935169160661e-09
2.999448467377874294e-09
1.344035449601932442e-08
2.613490679426178076e-08
3.185568464569854541e-08
2.506116791867185611e-08
1.221692724762135640e-08
2.293300105371542941e-09
2.154532552367527387e-09
2.770984885991367719e-09
1.639947400100538744e-09
1.110223024625156540e-16
