0.000000000000000000e+00
2.861632708572869888e-09
4.390295127443266665e-09
5.308132156045530792e-09
5.979998385363671787e-09
6.550553544037995835e-09
7.038815419413424479e-09
7.497442666704046133e-09
7.939996771177959545e-09
8.360654168981795920e-09
8.756548375288275565e-09
9.117640087374923041e-09
9.477574391958398792e-09
9.809417389483598981e-09
1.010392114420000098e-08
1.036841057455717419e-08
1.064707066955605796e-08
1.088409851135452300e-08
1.110514813440488524e-08
1.131396654141525460e-08
1.150503103897193569e-08
1.167602270424339395e-08
1.183669262605491213e-08
1.197921339901597548e-08
1.211315936444634644e-08
1.224415302480963419e-08
1.235158830770188843e-08
1.247118752711884326e-08
1.255320880577670550e-08
1.264751026130994660e-08
1.273849425942330527e-08
1.280150996318951684e-08
1.287484074907752074e-08
1.292985785106282037e-08
1.298048690756559154e-08
1.301875529602369852e-08
1.305552943531296251e-08
1.309186592468591925e-08
1.312124242591750090e-08
1.314453579315255638e-08
1.315770115084546887e-08
1.316661635275551134e-08
1.317290698743533994e-08
1.317683606671948837e-08
1.316989906019472301e-08
1.315565911763627582e-08
1.313434516703182453e-08
1.311169695039637872e-08
1.308426333945789111e-08
1.305427843600881488e-08
1.301559793276396704e-08
1.297485263673792133e-08
1.292558737819859971e-08
1.286382511622718994e-08
1.280352301957776717e-08
1.273154770498052812e-08
1.263496096637339861e-08
1.255656234544488825e-08
1.244643443865101062e-08
1.233980684300917119e-08
1.223186629761841004e-08
1.210542199814312880e-08
1.197087995397083660e-08
1.182105913155595545e-08
1.166472940461460439e-08
1.149315098647463174e-08
1.129308346836666033e-08
1.107524849608410022e-08
1.084731371392422261e-08
1.061828869275416309e-08
1.034807539657123243e-08
1.006585359508704869e-08
9.767825881468183979e-09
9.443213655480064972e-09
9.100960096652954689e-09
8.711117938098311697e-09
8.322511568792378966e-09
7.893407816261799326e-09
7.452851003009186570e-09
6.987281309100978888e-09
6.489924930797030811e-09
5.918316614561547340e-09
5.221834187274509986e-09
4.254066321429661457e-09
2.653815278641502573e-09
3.944380377873812904e-10
6.617128622821155659e-09
1.953850181646288320e-08
4.546763432422551432e-08
9.304170822677093611e-08
1.651268616287282498e-07
2.408973303058559168e-07
2.731591096649665928e-07
2.349727812323010312e-07
1.575135673004268710e-07
8.736155066024764437e-08
4.225458394291337072e-08
1.784690262240928860e-08
5.788487578151091384e-09
2.664535259100375697e-15
