0.000000000000000000e+00
3.821467681186518917e-07
5.821095719893421006e-07
7.082316307860381244e-07
7.943466971971346879e-07
8.691250671377659387e-07
9.378809329163573238e-07
9.986507194525984232e-07
1.054604373496026426e-06
1.108690376394605437e-06
1.160274494371726917e-06
1.205842589890870897e-06
1.250151459242232477e-06
1.294661858830536971e-06
1.331939242343871399e-06
1.369987392862981324e-06
1.402929393212737352e-06
1.434703078118104713e-06
1.463456527739381841e-06
1.490367827816641011e-06
1.514925067613859255e-06
1.538413239798863685e-06
1.558860181050114591e-06
1.576956080162617013e-06
1.596118695212922489e-06
1.612154465480131194e-06
1.626191864612103188e-06
1.638149174976177846e-06
1.652097232685001416e-06
1.663923254402455143e-06
1.673497773135856903e-06
1.682640892286535461e-06
1.690658778197295931e-06
1.697507247655494211e-06
1.704233010935141124e-06
1.708667976441091696e-06
1.716401747398066391e-06
1.718592782085082149e-06
1.722586824071115075e-06
1.726775849641981608e-06
1.727941057017012838e-06
1.730461439031216742e-06
1.730399032839891049e-06
1.729878504441728637e-06
1.728804270184625125e-06
1.727522702554828982e-06
1.726306191218718311e-06
1.722242295332243600e-06
1.718645290527121006e-06
1.714305267630500396e-06
1.709342939193447819e-06
1.705422513986754041e-06
1.698371752789640254e-06
1.690107282792396859e-06
1.681702508138371854e-06
1.672024023680052096e-06
1.662066201557621525e-06
1.650986357404349292e-06
1.637666085518851844e-06
1.622887766172809165e-06
1.609221581100328535e-06
1.591498029918092527e-06
1.573484290973148347e-06
1.554878310550122933e-06
1.536290526904515730e-06
1.512533299496965356e-06
1.487447151671261736e-06
1.460566553479480945e-06
1.432463038519848908e-06
1.401190948824293514e-06
1.366808878078273892e-06
1.329093344049070424e-06
1.289531524673037666e-06
1.249121773128081259e-06
1.202736162331241587e-06
1.156157320547634981e-06
1.104306600052673559e-06
1.050018662462903762e-06
9.936690954504001638e-07
9.343661382388290804e-07
8.682131800163972457e-07
8.010336262076478420e-07
7.132435145829063572e-07
5.891625631804231489e-07
3.809105925123290604e-07
8.401764173271430991e-09
7.884526459500662554e-07
2.444533563239481566e-06
5.758798529820197132e-06
1.185790110147522114e-05
2.113201678188847410e-05
3.096544849934268484e-05
3.529943635427468251e-05
3.054384107958885153e-05
2.059251519370697281e-05
1.145255963685976042e-05
5.540019726413270007e-06
2.351662874433557704e-06
7.595863423803805858e-07
1.998401444325281773e-15
