0.000000000000000000e+00
5.316598401194916335e-06
9.870695170444143685e-06
1.348169954229483380e-05
1.630746575365105144e-05
1.849615351812161634e-05
2.018770430300964591e-05
2.149436080522981740e-05
2.251191500535210110e-05
2.329158004543696592e-05
2.391201828166877874e-05
2.440025183780836215e-05
2.478719726151101810e-05
2.508989862060051479e-05
2.533189600939511621e-05
2.552475171457846415e-05
2.568074724751401305e-05
2.581029907189336114e-05
2.590732225671299460e-05
2.599017699134176240e-05
2.605370041819377036e-05
2.610627264232334710e-05
2.615225356672468138e-05
2.618648867847017669e-05
2.621245597256294246e-05
2.623435761828218915e-05
2.624995499367344109e-05
2.626648531223185756e-05
2.627623039785920156e-05
2.628187809949888987e-05
2.629192745196018421e-05
2.629512488416807514e-05
2.629728651604157363e-05
2.629909454243684053e-05
2.630087040123019193e-05
2.630217020427316754e-05
2.630443685858185887e-05
2.630505011513850633e-05
2.630516171475694165e-05
2.630346967702479333e-05
2.630349688315103407e-05
2.630515435586566753e-05
2.630592345764792839e-05
2.630549275739468840e-05
2.630516140800231994e-05
2.630435014205900757e-05
2.630449284279912092e-05
2.630395885516723098e-05
2.630400407177546640e-05
2.630375461709633100e-05
2.630388132840444371e-05
2.629970778444956636e-05
2.629907787621288406e-05
2.629675719900692599e-05
2.629461363679030939e-05
2.628885687017135098e-05
2.628335885745958223e-05
2.627476401773076731e-05
2.626118541271260654e-05
2.624959782793201413e-05
2.623227761100466182e-05
2.620961316102121685e-05
2.618292952294432041e-05
2.614818821300435303e-05
2.610187977714062413e-05
2.604843279063739914e-05
2.598350865734566639e-05
2.590137728952779383e-05
2.579922411427570950e-05
2.566909571932729506e-05
2.550942206103190557e-05
2.531116853010662027e-05
2.506357286780058757e-05
2.474920300532534867e-05
2.435658749944114021e-05
2.385622401013254290e-05
2.321871144539411347e-05
2.241024091775845051e-05
2.137398559376446627e-05
2.002958915592323308e-05
1.830139792258211884e-05
1.604377328123796076e-05
1.313798536706212161e-05
9.409438981644591138e-06
4.769640485235981942e-06
7.095289370484536562e-07
6.305169624964968023e-06
1.000195375988610635e-05
7.314252500667528523e-06
9.294331087095208943e-06
4.467889305903582908e-05
8.706356632637302084e-05
1.061364025581879034e-04
8.477952930052712333e-05
4.214200311691840284e-05
8.128191711032073385e-06
7.257291961271228331e-06
9.429145411798955934e-06
5.567394418926063793e-06
4.329869796038110508e-15
