0.000000000000000000e+00
1.166306649080794955e-05
1.320643296698342795e-05
1.352881412741702150e-05
1.361612951966684193e-05
1.364089669353418799e-05
1.364652641555608170e-05
1.364544405824119622e-05
1.364224327782270763e-05
1.363847823987462959e-05
1.363481675542566052e-05
1.363133081888623366e-05
1.362832503970512477e-05
1.362561999884714936e-05
1.362324091114253122e-05
1.362113125558117588e-05
1.361932446919400519e-05
1.361776109964907278e-05
1.361627920060115571e-05
1.361497404861466975e-05
1.361389301823834330e-05
1.361281290179761072e-05
1.361198215710235360e-05
1.361112372322281772e-05
1.361038608005404882e-05
1.360971587938131222e-05
1.360909013425892766e-05
1.360857338450482956e-05
1.360807487138515626e-05
1.360762074142929379e-05
1.360721318721669348e-05
1.360683211526492187e-05
1.360649489168253012e-05
1.360619820534036961e-05
1.360595747801340849e-05
1.360568873332024253e-05
1.360542056028091196e-05
1.360521348803267472e-05
1.360505548730905900e-05
1.360491184854151214e-05
1.360475903988689339e-05
1.360464632471636293e-05
1.360458732224678613e-05
1.360450166498772262e-05
1.360433930330806618e-05
1.360432502139907740e-05
1.360431394126226934e-05
1.360421738150208171e-05
1.360420748419688408e-05
1.360423939766874923e-05
1.360424925134218199e-05
1.360430813068802536e-05
1.360431696573183302e-05
1.360441678888157924e-05
1.360445047671188235e-05
1.360453335830236199e-05
1.360466870048426813e-05
1.360470609046426915e-05
1.360488525237180113e-05
1.360503410374747091e-05
1.360525347648966488e-05
1.360538903816266298e-05
1.360564248809037480e-05
1.360588718735122882e-05
1.360615818479793404e-05
1.360647785908497553e-05
1.360680877260378452e-05
1.360717604115269097e-05
1.360753957002636128e-05
1.360800850169763265e-05
1.360850638132404811e-05
1.360900672420228830e-05
1.360959733331945642e-05
1.361029489865828168e-05
1.361101877839221430e-05
1.361182505088542882e-05
1.361266731103594196e-05
1.361373830977008481e-05
1.361486006457024445e-05
1.361604524885429157e-05
1.361750516615245488e-05
1.361906666630385843e-05
1.362085220357744930e-05
1.362287874639989127e-05
1.362519988945543048e-05
1.362790666747937252e-05
1.363087967498621822e-05
1.363424724853956604e-05
1.363789419772665212e-05
1.364163693007292011e-05
1.364505993417530760e-05
1.364673584280939878e-05
1.364268292147752248e-05
1.362219413669762957e-05
1.354976578160638212e-05
1.328748961326731148e-05
1.209677773994499717e-05
3.659763667340776294e-06
7.933178767050019786e-05
6.661338147750939243e-16
