0.000000000000000000e+00
7.675256070704961076e-07
8.690772067554419777e-07
8.902890407114227855e-07
8.960341389974146864e-07
8.976637618784977235e-07
8.980341995590279680e-07
8.979629996241911272e-07
8.977524089681665487e-07
8.975046957848675788e-07
8.972637919324455424e-07
8.970344359537918422e-07
8.968366765893520665e-07
8.966586985126312470e-07
8.965021657258986920e-07
8.963633645331370303e-07
8.962444880689091065e-07
8.961416243513653512e-07
8.960441225669413257e-07
8.959582502576779461e-07
8.958871261510736872e-07
8.958160575556206595e-07
8.957614026083859926e-07
8.957049224544988419e-07
8.956563884998658409e-07
8.956122908854169395e-07
8.955711205960170673e-07
8.955371233465569958e-07
8.955043225844505628e-07
8.954744398215197521e-07
8.954476308220549186e-07
8.954225584334452037e-07
8.954003660743836690e-07
8.953808472433877341e-07
8.953650078025177095e-07
8.953473288331181834e-07
8.953296825042755813e-07
8.953160558489159371e-07
8.953056618299370939e-07
8.952962123887076018e-07
8.952861577649073865e-07
8.952787399207906560e-07
8.952748606905203133e-07
8.952692249764027110e-07
8.952585438537496998e-07
8.952575988319111389e-07
8.952568754105882931e-07
8.952505182735492895e-07
8.952498685710352788e-07
8.952519694460647770e-07
8.952526168171104359e-07
8.952564896080872359e-07
8.952570733633535838e-07
8.952636417758341736e-07
8.952658558936121835e-07
8.952713074217300004e-07
8.952802129646997287e-07
8.952826725527884832e-07
8.952944592355294162e-07
8.953042528458965421e-07
8.953186864113504839e-07
8.953276092737993963e-07
8.953442831582947292e-07
8.953603843897539605e-07
8.953782139053956257e-07
8.953992461924187296e-07
8.954210207745560979e-07
8.954451844456201570e-07
8.954691017581950518e-07
8.954999540788932677e-07
8.955327110982125305e-07
8.955656316533833206e-07
8.956044911245797380e-07
8.956503885215738592e-07
8.956980126484381799e-07
8.957510644336252881e-07
8.958064818820332675e-07
8.958769441846925474e-07
8.959507523664811401e-07
8.960287332104854841e-07
8.961247867089738861e-07
8.962275241941597415e-07
8.963450046639565016e-07
8.964783380083218844e-07
8.966310565128310373e-07
8.968091453898097143e-07
8.970047534750946738e-07
8.972263232376320730e-07
8.974662696337176726e-07
8.977125193210255816e-07
8.979377263962362576e-07
8.980479783149419859e-07
8.977812895327730303e-07
8.964331710270556641e-07
8.916675876546875656e-07
8.744105014502068229e-07
7.960633523484972329e-07
2.408593069436193446e-07
5.213343227228328658e-06
6.661338147750939243e-16
