0.000000000000000000e+00
1.508034835895344372e-07
3.192665529727634066e-07
4.960211055227148336e-07
6.748016774249521177e-07
8.514684399774097301e-07
1.020910697868693262e-06
1.181736133060162786e-06
1.333038019857291090e-06
1.474046918636950920e-06
1.604497070983867957e-06
1.724404328551365495e-06
1.834609464679282098e-06
1.934237743528299802e-06
2.025604249999979345e-06
2.108734565076098022e-06
2.183388635224048357e-06
2.250267959080787250e-06
2.310138925931681797e-06
2.365173641827311712e-06
2.414187379451426807e-06
2.458320261577995325e-06
2.497115382915637838e-06
2.530906029418744652e-06
2.561095067687979565e-06
2.587576118817658255e-06
2.612177857352904198e-06
2.631320548229787448e-06
2.648560207041406045e-06
2.661553515248549218e-06
2.673002641007116154e-06
2.682430983114159062e-06
2.688213948776052575e-06
2.692718447105946211e-06
2.693639338802178429e-06
2.692009665627992376e-06
2.687813155932694542e-06
2.682705670387086627e-06
2.674571140670600755e-06
2.663867552432641617e-06
2.649654849418148217e-06
2.634270426238316531e-06
2.613165689946406189e-06
2.590530803203705545e-06
2.565205913684920347e-06
2.535275124948555003e-06
2.501762298767751247e-06
2.463174343825258461e-06
2.420374365930122451e-06
2.371313125637541930e-06
2.317493208003895688e-06
2.257848787490246423e-06
2.192286890689842949e-06
2.118821138208382138e-06
2.037129900434031526e-06
1.946169908118022818e-06
1.848407130577989221e-06
1.739126242683575185e-06
1.620954212855352239e-06
1.491419038490704452e-06
1.352026891443536272e-06
1.202190401339287007e-06
1.042094569636553558e-06
8.739613426289594145e-07
6.989996104156404044e-07
5.197198207351760857e-07
3.423995059703699440e-07
1.725074048053443221e-07
1.896982204652175596e-08
1.079828577665864486e-07
1.932892863543145268e-07
2.213753687030362016e-07
1.739463801886387273e-07
2.748011407316397481e-08
2.336459111740296635e-07
6.255106891339679009e-07
1.153783788065965155e-06
1.815030817198248769e-06
2.579439853711562591e-06
3.400567272993093582e-06
4.213916771966808028e-06
4.931563876486855236e-06
5.480932955603812218e-06
5.779725840482363708e-06
5.795786476192610337e-06
5.529119256664216664e-06
5.008749219603814140e-06
4.302916392973088477e-06
3.497475009606176855e-06
2.674190036744406029e-06
1.898923791987527920e-06
1.224903950824973720e-06
6.791563657015942113e-07
2.705318080664653735e-07
5.742594066937556363e-09
1.633022744806922333e-07
2.231909052019531714e-07
2.022327875161877841e-07
1.228055854785026213e-07
0.000000000000000000e+00
