0.000000000000000000e+00
1.132066618225735510e-08
2.396687537320474348e-08
3.723542263411872000e-08
5.065598784881331085e-08
6.391778439862605410e-08
7.663724455042597583e-08
8.870981504927044625e-08
1.000674649809241146e-07
1.106524301075495487e-07
1.204447956926202323e-07
1.294457010470040359e-07
1.377182913264718422e-07
1.451969579013834277e-07
1.520553918332723242e-07
1.582955994061663318e-07
1.638995372754692426e-07
1.689198046994633273e-07
1.734140588904864444e-07
1.775451939911576460e-07
1.812244025956033511e-07
1.845372267217371132e-07
1.874493736897520080e-07
1.899858556031475132e-07
1.922520458386145492e-07
1.942397729326472700e-07
1.960864709493748137e-07
1.975234957818372550e-07
1.988174940237286137e-07
1.997929440777923560e-07
2.006522643593910971e-07
2.013599662564757864e-07
2.017940846643639929e-07
2.021321735545811293e-07
2.022013169122871545e-07
2.020790585977039200e-07
2.017640625684435918e-07
2.013805574518912067e-07
2.007700266037915071e-07
1.999664489549246582e-07
1.988996332080716911e-07
1.977446983936204106e-07
1.961605721190196050e-07
1.944614691495871739e-07
1.925603525521069059e-07
1.903135815606304959e-07
1.877979146636121754e-07
1.849012890575707502e-07
1.816884638294880006e-07
1.780057548028679548e-07
1.739657242705305862e-07
1.694884599334756103e-07
1.645670169025947871e-07
1.590522364924851217e-07
1.529199263883285198e-07
1.460920152629441304e-07
1.387532426733173452e-07
1.305500192394504211e-07
1.216791842839626270e-07
1.119555079753808968e-07
1.014917813124682766e-07
9.024400127177756303e-08
7.822597380968687730e-08
6.560462262328314864e-08
5.247060508306589099e-08
3.901235756664789278e-08
2.570111012900611058e-08
1.294735885171149903e-08
1.421158524195220707e-09
8.109566351777175441e-09
1.451421283160669873e-08
1.662368476207376489e-08
1.306450703175698891e-08
2.071476989939924351e-09
1.752887368589028938e-08
4.694235311575312153e-08
8.659599870508571939e-08
1.362304963281601999e-07
1.936073747987876459e-07
2.552421731749632272e-07
3.162928132738329623e-07
3.701605761907700298e-07
4.113955858198181659e-07
4.338234338430169146e-07
4.350302885702816980e-07
4.150147699943929069e-07
3.759572385630960412e-07
3.229781854185986845e-07
2.625218828988806763e-07
2.007256185709849206e-07
1.425330492521581505e-07
9.193989725098106192e-08
5.097495836547949466e-08
2.030272139297295553e-08
4.348049698066347446e-10
1.226123858000249811e-08
1.675597172123843848e-08
1.518196957039918971e-08
9.219061958276597579e-09
0.000000000000000000e+00
