0.000000000000000000e+00
6.141337549614434010e-09
8.362236569858794155e-09
8.545444019070203012e-09
6.766339710750912673e-09
3.963853134614225837e-09
5.020657223298030658e-10
3.562866335293790598e-09
7.433166637760280082e-09
1.152649442559550153e-08
1.563415197303186233e-08
1.921383296910050831e-08
2.291010592347930697e-08
2.558543121811140963e-08
2.858075631717582610e-08
3.083447952523243885e-08
3.329664355344874593e-08
3.521448066479138106e-08
3.691519379067642603e-08
3.865577802297792687e-08
3.984254715039270422e-08
4.096057093505578450e-08
4.183259283419005214e-08
4.265913278178601331e-08
4.343688930763534017e-08
4.417058918626537434e-08
4.450858703819449147e-08
4.487806526398685492e-08
4.549419729826809089e-08
4.578340506711242597e-08
4.659314822852422822e-08
4.713543400036712683e-08
4.743835768650228601e-08
4.754700944076262203e-08
4.690348887059769822e-08
4.614505166866678110e-08
4.664475794502465078e-08
4.613025295086004007e-08
4.641855699816233027e-08
4.580628132355712978e-08
4.522299101861193549e-08
4.494450600578403510e-08
4.483043170022682489e-08
4.408695430946352189e-08
4.344660886612672357e-08
4.277989718026731225e-08
4.197552094797885047e-08
4.112127949262855964e-08
4.004053666406548473e-08
3.882617405359667373e-08
3.714784480024491131e-08
3.542234749964734419e-08
3.349151489473456422e-08
3.135135440146541441e-08
2.877098204123740288e-08
2.636365081798430765e-08
2.327854986550192962e-08
1.989063225238396626e-08
1.617085210181556931e-08
1.215298972567779856e-08
8.163771325619961772e-09
3.888798172368979067e-09
1.811886196634304724e-10
3.322174757514062549e-09
6.231584248617139110e-09
8.191307188099017367e-09
8.402239015659063170e-09
6.191570589564321381e-09
8.476719326466763960e-10
9.318508520372859039e-09
2.493206985310081336e-08
4.890739147000999765e-08
8.172907683956509572e-08
1.260707371830704915e-07
1.829715867707193411e-07
2.548779868272177396e-07
3.406003984407490748e-07
4.375960648284049626e-07
5.446011364096392526e-07
6.545401500801517614e-07
7.593260636928889085e-07
8.515848856083252372e-07
9.204657178685238250e-07
9.584592138844882925e-07
9.612219556975887258e-07
9.254811315084765511e-07
8.615738309458720323e-07
7.723183826913171401e-07
6.681662437779678498e-07
5.582314352992057138e-07
4.503265372823861412e-07
3.513468335158975719e-07
2.641871348352253790e-07
1.910622280387741512e-07
1.317552791313403304e-07
8.621872704672739474e-08
5.221564891577656908e-08
2.751783867438462039e-08
1.080111777795877970e-08
0.000000000000000000e+00
