0.000000000000000000e+00
3.447253944521833091e-07
3.903519327774773728e-07
3.998781292757769279e-07
4.024559367987734504e-07
4.031941651660986281e-07
4.033555672799948866e-07
4.033226161936909193e-07
4.032288978272902114e-07
4.031175843133283365e-07
4.030093299078885138e-07
4.029062704580255172e-07
4.028174078740676123e-07
4.027360283043179834e-07
4.026657995925830846e-07
4.026049200689385543e-07
4.025511428640271561e-07
4.025037401156339456e-07
4.024630643195692414e-07
4.024234758759348551e-07
4.023896421623263109e-07
4.023595679969460548e-07
4.023332218494601875e-07
4.023099582362021920e-07
4.022870540021372676e-07
4.022672384085268504e-07
4.022494204392046413e-07
4.022334632036717039e-07
4.022187213292838237e-07
4.022059745256711949e-07
4.021927750841314264e-07
4.021828047262587802e-07
4.021728717829020638e-07
4.021635889861485680e-07
4.021561234024417786e-07
4.021481806448790053e-07
4.021402499887472004e-07
4.021348841698468846e-07
4.021300220591328412e-07
4.021252105745887206e-07
4.021206949644806627e-07
4.021160850964378142e-07
4.021143282795236473e-07
4.021130821652008080e-07
4.021082830041322609e-07
4.021077095739400420e-07
4.021065638237786288e-07
4.021066273285356374e-07
4.021062230963323714e-07
4.021053275904407087e-07
4.021065282966418408e-07
4.021063613190989372e-07
4.021086960070974214e-07
4.021105737272989700e-07
4.021112063323784014e-07
4.021152205657685386e-07
4.021168825696364024e-07
4.021213985128113677e-07
4.021253553476711318e-07
4.021288231292885484e-07
4.021341359905505897e-07
4.021393178454957251e-07
4.021478808846623565e-07
4.021540452869842852e-07
4.021620578775753074e-07
4.021709225643377295e-07
4.021812921584100309e-07
4.021915596119640668e-07
4.022041308893165024e-07
4.022159185712581575e-07
4.022314767926360446e-07
4.022482400500848598e-07
4.022658255387057125e-07
4.022838873130041293e-07
4.023057564861431956e-07
4.023289585930456269e-07
4.023563267008256616e-07
4.023861587265642470e-07
4.024173575478684484e-07
4.024552012760196362e-07
4.024975208682946004e-07
4.025436863841491686e-07
4.025964726039887864e-07
4.026576476690024720e-07
4.027266105044446931e-07
4.028050377691272388e-07
4.028921006815622263e-07
4.029923418302772120e-07
4.031003159044033168e-07
4.032109713891784963e-07
4.033110615475621330e-07
4.033607823306084583e-07
4.032398571718331937e-07
4.026349159635955743e-07
4.004947123936730691e-07
3.927420302307638167e-07
3.575465208349726254e-07
1.080938123454444622e-07
2.340559037805611808e-06
0.000000000000000000e+00
