0.000000000000000000e+00
2.586551933614344989e-05
3.710022366121279447e-05
4.758667901882951412e-05
5.580636409374672979e-05
6.217005445141587927e-05
6.710743890736559081e-05
7.093351831155558784e-05
7.391402770628996421e-05
7.626908048485869784e-05
7.813414317225930716e-05
7.961249472154818818e-05
8.078488204732447997e-05
8.174694828255724133e-05
8.251241391132868586e-05
8.315208693709941201e-05
8.365538269128336424e-05
8.406764211432715683e-05
8.440725474323507171e-05
8.469467047611534127e-05
8.493451020641362703e-05
8.513142580257593295e-05
8.529859279315932241e-05
8.543287376883146322e-05
8.555438387636282727e-05
8.566314803992725047e-05
8.573017191648713009e-05
8.580896136711757549e-05
8.586148173261864969e-05
8.589798596980724454e-05
8.593215797936260003e-05
8.596080053036025959e-05
8.598639956258757877e-05
8.601244116746009638e-05
8.602579580874181175e-05
8.604544531676250330e-05
8.606720515946797434e-05
8.607309701880172526e-05
8.608214706795624949e-05
8.609505228163172319e-05
8.610091811589448696e-05
8.609732302689021566e-05
8.610135949060904181e-05
8.610219562243948133e-05
8.610401266517797580e-05
8.609407639514898847e-05
8.609624001543192406e-05
8.608112311614402046e-05
8.607816464900608366e-05
8.606760693319337463e-05
8.604354171060091261e-05
8.602474184671304869e-05
8.601122074003431095e-05
8.598293439565640739e-05
8.596626368739812563e-05
8.593525558131531739e-05
8.590120378837440285e-05
8.585074024713978957e-05
8.578580689366788192e-05
8.572059920664010235e-05
8.565580511676884612e-05
8.554596394749758304e-05
8.542196201921647969e-05
8.527858640938745793e-05
8.511507162323184161e-05
8.491431052615183717e-05
8.467767401243442293e-05
8.437784326709163452e-05
8.403251161159808191e-05
8.361907173137783644e-05
8.309460359656739570e-05
8.244893825459786996e-05
8.166102705831068675e-05
8.068795944538020848e-05
7.947961694820815381e-05
7.796608659582648926e-05
7.606944916904723186e-05
7.366829919175366115e-05
7.061022063503674673e-05
6.669257999936117898e-05
6.164698694677284152e-05
5.511862292340019565e-05
4.669401548551554981e-05
3.597577560154885390e-05
3.074906761868501093e-05
3.063649270633461708e-05
7.526749798425491633e-06
2.389567545546533722e-05
2.261725096941447077e-05
1.163321540675887888e-05
9.198989419423320157e-05
1.932997655669232984e-04
2.394903221712985086e-04
1.847920813037307042e-04
8.272325893488030601e-05
6.427878217807325711e-06
2.355393360109481193e-05
2.299578913678157477e-05
5.449341272001362313e-06
2.413434035952732870e-16
