0.000000000000000000e+00
1.694069300284262169e-06
2.444140103863290392e-06
3.134501202040063106e-06
3.675588253981842968e-06
4.094461043213648566e-06
4.419435996383391796e-06
4.671253593824253869e-06
4.867413632037020932e-06
5.022408417265644687e-06
5.145147100815705699e-06
5.242437364993968174e-06
5.319596226183165300e-06
5.382908223938720482e-06
5.433286261569136855e-06
5.475381352759711717e-06
5.508507426976727572e-06
5.535638664344588733e-06
5.557986989535024236e-06
5.576902161408270331e-06
5.592688443467608295e-06
5.605645823414384665e-06
5.616645775696760268e-06
5.625485462457113783e-06
5.633484145617373429e-06
5.640640003967689609e-06
5.645053700154001319e-06
5.650236845400335994e-06
5.653691961482465445e-06
5.656098812090171180e-06
5.658345862191715980e-06
5.660231238491242323e-06
5.661916261723298760e-06
5.663628557139865904e-06
5.664509545422191650e-06
5.665805166477078103e-06
5.667233178296982032e-06
5.667625249783370123e-06
5.668220960264314101e-06
5.669068458447057424e-06
5.669452226908511250e-06
5.669219879433917697e-06
5.669483652437357080e-06
5.669538195918200074e-06
5.669655837814424615e-06
5.669004194297500021e-06
5.669144108488843870e-06
5.668153342242021608e-06
5.667956154975506422e-06
5.667261128494693878e-06
5.665679498778608547e-06
5.664442011110715214e-06
5.663547692602577399e-06
5.661689934766123145e-06
5.660590051137504020e-06
5.658547111653255968e-06
5.656305627099733613e-06
5.652988225079980111e-06
5.648712384953569199e-06
5.644420457140419956e-06
5.640155932962187535e-06
5.632928657961500107e-06
5.624765318068547515e-06
5.615331404418277828e-06
5.604568035000312420e-06
5.591355275225140531e-06
5.575780815836317572e-06
5.556049042620969658e-06
5.533323572781689847e-06
5.506109899910960337e-06
5.471597824380225461e-06
5.429107481913497679e-06
5.377254098548611694e-06
5.313215112434654941e-06
5.233690506756261129e-06
5.134082388669192198e-06
5.009257737276229250e-06
4.851226503954642055e-06
4.649954349233986761e-06
4.392103400641111932e-06
4.059995974858843226e-06
3.630247669139663458e-06
3.075648603911851353e-06
2.369991505823954014e-06
1.873927659046259464e-06
1.529985609038941874e-06
3.931451499905591618e-07
1.575467602710212134e-06
1.494303335625168927e-06
7.553931620218889975e-07
6.037423424087862145e-06
1.269651522239900743e-05
1.573273332866609309e-05
1.213902501939756462e-05
5.430240375803307984e-06
4.145594271198760339e-07
1.555272841735622080e-06
1.515215608871578468e-06
3.186173541669390374e-07
2.411265631607761861e-16
