0.000000000000000000e+00
2.109932705218753313e-07
3.899849969624114010e-07
5.333541717167378238e-07
6.461628010434594671e-07
7.332095274259486928e-07
8.005033951263840208e-07
8.524810917176495195e-07
8.928496821880571588e-07
9.241505685153583727e-07
9.488453354133952189e-07
9.681900750013738843e-07
9.835031530291971080e-07
9.956386364251557097e-07
1.005272500020915061e-06
1.012963610325101627e-06
1.019308363381377092e-06
1.024204973165687704e-06
1.028095169552933896e-06
1.031415348462516590e-06
1.034068960015233074e-06
1.035982373776000998e-06
1.037866613984306241e-06
1.039254670209821541e-06
1.040210713343370230e-06
1.041029343396004947e-06
1.041769926768409960e-06
1.042289614283653520e-06
1.042898488012866665e-06
1.043253083365947020e-06
1.043463349059692291e-06
1.043425647107021348e-06
1.043582311455182321e-06
1.043757589025418042e-06
1.043823996793591391e-06
1.043817906776212112e-06
1.043906193931576354e-06
1.044002470473870403e-06
1.043867239869378238e-06
1.043923496757415137e-06
1.043937228328850608e-06
1.044067114097657623e-06
1.043875077155753672e-06
1.044053151044721517e-06
1.043949754864215151e-06
1.043947435497294407e-06
1.043795364807920123e-06
1.043880930473584101e-06
1.043822346447065286e-06
1.043870815786718254e-06
1.043866269423432414e-06
1.043902777331240372e-06
1.043818992241263288e-06
1.043696354008361027e-06
1.043552683377413359e-06
1.043398942912610039e-06
1.043166550473983989e-06
1.042764929515271888e-06
1.042284408336868751e-06
1.041620806496723617e-06
1.041036988613797121e-06
1.040154702258710984e-06
1.038952564091921715e-06
1.037704132178518535e-06
1.035953241856901741e-06
1.033764724711616623e-06
1.031209404755983883e-06
1.027929858676834840e-06
1.023660662013980982e-06
1.018644869676954556e-06
1.012403078259893618e-06
1.004471761989478296e-06
9.946443122466064324e-07
9.821703352841382184e-07
9.665693295746180524e-07
9.467680495145458508e-07
9.216016642055180341e-07
8.893786358488142696e-07
8.480689392964535500e-07
7.948790442524611422e-07
7.259842993434517666e-07
6.367388011296881700e-07
5.220047882836809094e-07
3.747198327186396227e-07
1.920762565665867783e-07
2.089765616108962831e-08
2.373131748889534265e-07
3.760280475884059115e-07
2.593991735855283309e-07
3.968405934973162630e-07
1.788984570372242899e-06
3.487008952696157849e-06
4.250528846005963146e-06
3.342526814220647680e-06
1.628933287700640165e-06
3.041816405424668801e-07
2.879284874968135455e-07
3.707778342132428406e-07
2.187027359212834199e-07
3.330669073875469621e-16
