0.000000000000000000e+00
1.576774155687132861e-08
3.017015970385727996e-08
4.287926047563672682e-08
5.499049038348857721e-08
6.586802003827330054e-08
7.599693896409576155e-08
8.497756198710959552e-08
9.314100202217900915e-08
1.005631067307888316e-07
1.070989059659410714e-07
1.134533940128079621e-07
1.187162611548941982e-07
1.240074981589955883e-07
1.286371849040790494e-07
1.329645796799283630e-07
1.366825813642336129e-07
1.401666274158941405e-07
1.431469661694606543e-07
1.462008685226834359e-07
1.489069636484430248e-07
1.510749336741668003e-07
1.533637293826828341e-07
1.550824885176993462e-07
1.567719575268355925e-07
1.584399114129553254e-07
1.597527752306149296e-07
1.607228502509272516e-07
1.618661227276163572e-07
1.625785220893405381e-07
1.633417996416142159e-07
1.636863762310980519e-07
1.642187833494901383e-07
1.644405018819128372e-07
1.645199103617045466e-07
1.641894737947069416e-07
1.641512742400763614e-07
1.639048661239428384e-07
1.631416681746600261e-07
1.626003348631499534e-07
1.618696017224863226e-07
1.609147894932050349e-07
1.598985492901050520e-07
1.586069395820288719e-07
1.571341110562229915e-07
1.551906056995733252e-07
1.534961842075688310e-07
1.515178449373877356e-07
1.490936225589933883e-07
1.464542390694489882e-07
1.436168387547454017e-07
1.406740878229228997e-07
1.371185969212262989e-07
1.333296201222466948e-07
1.290843077983439002e-07
1.247043176499929018e-07
1.194728470599315528e-07
1.141522271153050383e-07
1.077430549223379330e-07
1.014075402538949788e-07
9.406964784908211641e-08
8.599906486939090655e-08
7.712076055543803932e-08
6.735306290472919954e-08
5.660814073049635908e-08
4.464247571611679177e-08
3.181142793629021526e-08
1.756693923660179735e-08
1.664815174606815162e-09
1.524257919882643364e-08
3.359772382527381751e-08
5.399952829332477222e-08
7.539914925747126517e-08
9.836085879122435927e-08
1.223173872189065037e-07
1.473897390802392238e-07
1.733706630480114086e-07
1.987728168728608580e-07
2.232625315734537708e-07
2.462123571689289747e-07
2.652952375559181064e-07
2.816709184783050546e-07
2.936533232134053151e-07
2.988829713723717418e-07
2.992310961236199773e-07
2.943855890169544409e-07
2.830182225244115557e-07
2.674449630646336118e-07
2.479795129239903417e-07
2.256024678182200205e-07
2.013012968538063774e-07
1.764413306570844497e-07
1.506718474431067989e-07
1.255074586481441656e-07
1.012035917291598253e-07
7.788280920184575962e-08
5.635057997999126655e-08
3.610806764697827020e-08
1.770687474422771857e-08
0.000000000000000000e+00
