0.000000000000000000e+00
5.686402015925295927e-09
9.934316036463997079e-09
1.315176745286805726e-08
1.565558405136613374e-08
1.759750944962945596e-08
1.915733927049245722e-08
2.040538915615286442e-08
2.142257549131443284e-08
2.225268458388995896e-08
2.295916068373315966e-08
2.354601047471760467e-08
2.404347909656934235e-08
2.446843039294321898e-08
2.483395955543699074e-08
2.514489083615956133e-08
2.542580657127757604e-08
2.566680734616966220e-08
2.587864411651707996e-08
2.606560034479343813e-08
2.623119721434363782e-08
2.637833018681590147e-08
2.649921171382629836e-08
2.662644704720662503e-08
2.672651155943839285e-08
2.681964428319361105e-08
2.690892220158502823e-08
2.698426160296918397e-08
2.704668666808629496e-08
2.710275992523492050e-08
2.716625058241106672e-08
2.720940650569048103e-08
2.725279169002448043e-08
2.729054626726679089e-08
2.732364723367908255e-08
2.735177817569933723e-08
2.737701376709367196e-08
2.740199811501753402e-08
2.741473448253373135e-08
2.743238314284468515e-08
2.744230243045819861e-08
2.744458049708242697e-08
2.744775051688463918e-08
2.745182370311738396e-08
2.744410676491781942e-08
2.743726201792640040e-08
2.742216986817425095e-08
2.741751958801330602e-08
2.739592530609513688e-08
2.737910831385192978e-08
2.734921644709231714e-08
2.731576953518555229e-08
2.729146775237722977e-08
2.725327341579486529e-08
2.721003755645767797e-08
2.715633373728820743e-08
2.710674495975951004e-08
2.703610002541267932e-08
2.697742096380295607e-08
2.689609746031607074e-08
2.681637445434148503e-08
2.671168675139057314e-08
2.660576048363338941e-08
2.649753350070227498e-08
2.636501417185854734e-08
2.621622341436591341e-08
2.604295989971916470e-08
2.585366531970834103e-08
2.564513201797069541e-08
2.539489341035761072e-08
2.512204588800415195e-08
2.479566296731405828e-08
2.443060531653884482e-08
2.399935228325489334e-08
2.349414396363158630e-08
2.289770406616042919e-08
2.218751404825525242e-08
2.133388843361672116e-08
2.029716905660450266e-08
1.902370894146798719e-08
1.743993705005664197e-08
1.544362526750830966e-08
1.287886097767199090e-08
9.578013271394070216e-09
5.197912322785214201e-09
6.336351443536614170e-10
8.452221034183082793e-09
1.900327950554725476e-08
3.295898742816660842e-08
5.026626981319282095e-08
6.920654871400699903e-08
8.490506497871308511e-08
9.076340501401602978e-08
8.365245718344738179e-08
6.736926949635346773e-08
4.849485524260899183e-08
3.147504323841587848e-08
1.785926462272158233e-08
7.598089268867624924e-09
3.219646771412953967e-15
