0.000000000000000000e+00
2.197708568352219061e-06
3.338546186282265182e-06
4.076389926499501826e-06
4.610794080761593250e-06
5.027521548184310518e-06
5.405375829270475663e-06
5.749554014444768768e-06
6.079866275543466259e-06
6.378187832556392323e-06
6.651036130178589190e-06
6.917638536552139783e-06
7.168540211877072466e-06
7.402333473516264917e-06
7.618241791629287718e-06
7.811384661327025469e-06
7.989782309980597574e-06
8.160560321601728617e-06
8.312747449168433889e-06
8.460217387984414472e-06
8.597370786844749091e-06
8.723095795248880790e-06
8.835192350620246771e-06
8.938031720084893550e-06
9.034444504285588096e-06
9.122153742269212273e-06
9.194597378692215273e-06
9.268184237076759757e-06
9.340979500005452962e-06
9.406488644225774465e-06
9.456755043935061167e-06
9.509693552733899935e-06
9.555103275937781859e-06
9.593237072058613535e-06
9.627215315499704218e-06
9.662507955088273093e-06
9.693961568801867656e-06
9.705369478973935315e-06
9.731231159992859148e-06
9.741139419761069007e-06
9.759540150922063617e-06
9.760439983796942442e-06
9.765224583846432438e-06
9.763379914540237792e-06
9.759251602181606700e-06
9.758356363409603773e-06
9.748277612797728864e-06
9.726040611446329365e-06
9.714093583412797273e-06
9.691873471773249094e-06
9.653024892641859367e-06
9.633902168237895580e-06
9.589787160813045830e-06
9.556199738969262114e-06
9.504231481383129676e-06
9.451667995707957459e-06
9.397188418747148830e-06
9.334883024902929094e-06
9.271081225170618723e-06
9.192167167104692282e-06
9.106654696888760725e-06
9.026539132706012936e-06
8.928437023936197647e-06
8.819201966048240138e-06
8.708926455436305503e-06
8.588774556450573527e-06
8.450802846615701469e-06
8.298948158458330226e-06
8.144442360191739283e-06
7.972514851517509271e-06
7.794177914632882676e-06
7.583373469621790264e-06
7.368900482696005838e-06
7.142685766736711628e-06
6.901285848126548217e-06
6.634722571785545142e-06
6.364586813689676603e-06
6.053498275315760679e-06
5.727446757308740644e-06
5.387277429713677179e-06
4.998513221998734934e-06
4.576019012603183000e-06
4.051854788356124004e-06
3.329783478722703194e-06
2.111846826302610225e-06
1.161085106948789303e-07
4.628941259632313177e-06
1.411365137582443197e-05
3.297866767437707125e-05
6.746294014359222047e-05
1.187919047656027516e-04
1.723191569704685122e-04
1.948978734334083640e-04
1.691536596923892688e-04
1.148262775396702295e-04
6.455875122424181711e-05
3.136207783371869340e-05
1.336646624849890941e-05
4.314016294970635101e-06
1.110223024625156540e-15
