0.000000000000000000e+00
1.285577810872240434e-08
1.681963446298340159e-08
1.997379694973488995e-08
2.244319297073360531e-08
2.434889156965880375e-08
2.583274538725532921e-08
2.698214596197345827e-08
2.788065767145297968e-08
2.858376235703730117e-08
2.914100660778018437e-08
2.958617051351808414e-08
2.993961611963413816e-08
3.022581296363568981e-08
3.045735852413855582e-08
3.064581999279170077e-08
3.080147448208947480e-08
3.092520051151126381e-08
3.102718948433391688e-08
3.111197743876914501e-08
3.118412661429204036e-08
3.124451419811435926e-08
3.129154746428497447e-08
3.133554160594798077e-08
3.136983084406352873e-08
3.139626736370360049e-08
3.141982152232714043e-08
3.144024718348958913e-08
3.145969007523063965e-08
3.147304550310536797e-08
3.148508465056210071e-08
3.149336325058982311e-08
3.150231675519421515e-08
3.150633387516421635e-08
3.151294525327585916e-08
3.151972294279659081e-08
3.152375482873281953e-08
3.152713401455287112e-08
3.152919647586571728e-08
3.153224703567047982e-08
3.153200167638203766e-08
3.153319716453495403e-08
3.153455008231276224e-08
3.153355576657190795e-08
3.153515970577558392e-08
3.153358907326264671e-08
3.153154437551819456e-08
3.152975880382768992e-08
3.152800420735957232e-08
3.152250249716104236e-08
3.151986371907611328e-08
3.151393301870086816e-08
3.150720784272920127e-08
3.150083560665706273e-08
3.149365279675464535e-08
3.148578553435754657e-08
3.147350779997282189e-08
3.145771898527272015e-08
3.143934634852740828e-08
3.141811366624835955e-08
3.139633752979875680e-08
3.136724957553127524e-08
3.133047055126070290e-08
3.128976322486209938e-08
3.123807124083555209e-08
3.118060820650470077e-08
3.110740054435012780e-08
3.101958689910588873e-08
3.091683453693150341e-08
3.078721566573960899e-08
3.063325137997452430e-08
3.043820306913858076e-08
3.020411998289063149e-08
2.991055303436240820e-08
2.955082856193058660e-08
2.909538510120768251e-08
2.852427927191314438e-08
2.780341745722836322e-08
2.688990441424010669e-08
2.571294743791696646e-08
2.419086031490991218e-08
2.223755668495641658e-08
1.970801855044612694e-08
1.648921033048367235e-08
1.244083935869610968e-08
1.305262697925968496e-08
2.512794639031312727e-09
1.472259758550364950e-09
1.009670791418670888e-09
9.259477851131237003e-09
3.329317321831837262e-08
6.354850556888891333e-08
7.727026574144701954e-08
6.091546045361440065e-08
3.045735474938027210e-08
7.671526414121387916e-09
1.392532755772890596e-09
1.240600178142869936e-09
2.971438983756513608e-09
2.067411433021026923e-11
