0.000000000000000000e+00
1.132533289371906449e-09
5.052977147812498515e-09
1.180735276218314311e-08
2.120752817802440404e-08
3.302082984824039613e-08
4.691214172680702177e-08
6.274951647178284020e-08
8.079192415078040312e-08
1.001943262801674450e-07
1.203283502837493302e-07
1.411556567187943756e-07
1.628137524800621350e-07
1.846305855979224475e-07
2.062265640478955220e-07
2.270453449693121684e-07
2.472804148112572875e-07
2.664174643118855101e-07
2.838281879524728879e-07
2.991220626746837752e-07
3.122925589238434441e-07
3.233314513906293541e-07
3.323755517481430388e-07
3.383106630394649983e-07
3.415220297675602978e-07
3.427445902648429410e-07
3.410953723914644797e-07
3.356083033700940632e-07
3.279619864571259313e-07
3.187185420028271210e-07
3.065349548636575605e-07
2.916844037414989543e-07
2.748266689778233740e-07
2.569448767086868202e-07
2.378277083048274676e-07
2.172131050581782574e-07
1.954996046160673018e-07
1.739925308275047655e-07
1.526524724404509925e-07
1.313100211897122449e-07
1.104780945615502219e-07
9.066420414427511787e-08
7.229980270029301437e-08
5.562533178515849386e-08
4.082167814889459123e-08
2.808841825796548619e-08
1.740259414351186251e-08
9.169353942795055445e-09
3.707167239852537932e-09
8.524752015404146732e-10
7.190759099273691390e-10
3.410400184478135088e-09
8.824043051802732407e-09
1.704924179612987700e-08
2.765253737102568721e-08
4.035348144526551550e-08
5.517146484113055749e-08
7.204943064387236973e-08
9.051075200439129276e-08
1.103130361501669654e-07
1.308232503438588878e-07
1.525036994465267526e-07
1.742474781130098904e-07
1.956496051835898697e-07
2.169902720838834398e-07
2.375513471486456751e-07
2.572032644643229560e-07
2.747046369266925581e-07
2.913339088861377491e-07
3.060012048194948875e-07
3.186251480435942085e-07
3.287918072247819623e-07
3.360504837734978878e-07
3.403557156111958193e-07
3.420091438943728690e-07
3.412534245184062343e-07
3.383628905950786248e-07
3.320430796982520860e-07
3.231903034084382398e-07
3.124093321815735180e-07
2.992560683701128710e-07
2.836564549912878874e-07
2.658978432990011243e-07
2.471021639527393177e-07
2.274201397201025543e-07
2.066022842805992354e-07
1.846374440006570694e-07
1.630137389518893087e-07
1.414973721525214501e-07
1.203962585183404599e-07
9.994601612994813422e-08
8.066530299277729910e-08
6.311665201597094210e-08
4.715648538322625427e-08
3.315812624471448089e-08
2.145063582315032136e-08
1.212605282852052824e-08
5.545636616588467405e-09
1.509991909287577982e-09
0.000000000000000000e+00
