0.000000000000000000e+00
1.173228687534333403e-05
1.572605532362825187e-05
1.794124676379738048e-05
1.963865933329866920e-05
2.095836863524880300e-05
2.198014964027716900e-05
2.277426304364560394e-05
2.339110635662944304e-05
2.387945266901780883e-05
2.426308548353350858e-05
2.457018294654833568e-05
2.481556041200594365e-05
2.501256064368906351e-05
2.517248637723401572e-05
2.530413130852338099e-05
2.540956745145095397e-05
2.549527125816908324e-05
2.556731401204270782e-05
2.562694606578208578e-05
2.567652837370815178e-05
2.571672548745684850e-05
2.575045951613841311e-05
2.577922373125929312e-05
2.580346222036400405e-05
2.582275569940062354e-05
2.583883226436878289e-05
2.585217160433472827e-05
2.586488424083377424e-05
2.587431762679504033e-05
2.588256358715401717e-05
2.588807069991982956e-05
2.589513743023186265e-05
2.589794817020596440e-05
2.590348128816977180e-05
2.590640791400034004e-05
2.590847845573840402e-05
2.591073057467419005e-05
2.591477565738742328e-05
2.591640051974319903e-05
2.591716192268389563e-05
2.591733043066923869e-05
2.591816578545458327e-05
2.591802915841157073e-05
2.591810499008584401e-05
2.591750981018048350e-05
2.591567493015478618e-05
2.591389780848274427e-05
2.591116585604069655e-05
2.590871367458280616e-05
2.590603011898284791e-05
2.590279725833699587e-05
2.589826518384352738e-05
2.589339531078316270e-05
2.588802023617553516e-05
2.588142100579116089e-05
2.587300639622647225e-05
2.586439823215602729e-05
2.585112993036542406e-05
2.583823469026746977e-05
2.582090172464912570e-05
2.580120409967356920e-05
2.577704615824849554e-05
2.574797439203191374e-05
2.571338353496432916e-05
2.567208942994003706e-05
2.562127937666414113e-05
2.556096340666780264e-05
2.548869437180023567e-05
2.540026443476062212e-05
2.529219509161961810e-05
2.515907862121746774e-05
2.499533232069861555e-05
2.479353851303489620e-05
2.454468815582533381e-05
2.423078544944168300e-05
2.383489260215920780e-05
2.333767608619918832e-05
2.270192102704626791e-05
2.188596624086436293e-05
2.083711143985311764e-05
1.946930467922047825e-05
1.771914464643309373e-05
1.548649509197641549e-05
1.827120981062746452e-05
2.064143846829818996e-05
1.196572541295459757e-05
2.889916853821006271e-06
3.051847618951164520e-06
1.009413978814155399e-05
2.674607023578357001e-05
4.775738880602453662e-05
5.747069932626747146e-05
4.660102652154218816e-05
2.564856659137415562e-05
9.663912825197407130e-06
3.240273593996256807e-06
3.230595409964287512e-06
4.297914371842459502e-06
4.835541689285349776e-16
