0.000000000000000000e+00
1.803876026329476190e-08
3.502137957411832758e-08
5.002062097858583911e-08
6.367380311900205925e-08
7.580234173687472321e-08
8.737947321257877320e-08
9.763993513711710648e-08
1.069667313613464898e-07
1.151918684882957677e-07
1.230142394614830437e-07
1.301736520797902585e-07
1.365570813094407754e-07
1.423664847122196875e-07
1.476536960476337867e-07
1.523332160413559677e-07
1.568416951869266995e-07
1.608205350001057354e-07
1.644341980355790156e-07
1.675020699920537481e-07
1.706788695932104361e-07
1.731536193316784988e-07
1.756485351611658530e-07
1.777322459206587268e-07
1.798617274006986122e-07
1.813721943744184273e-07
1.830699100091592868e-07
1.841763374033078549e-07
1.852898808829550603e-07
1.864151273345271420e-07
1.870529161562828335e-07
1.877546740303159822e-07
1.881721839458450063e-07
1.883086667708866457e-07
1.885162089765302085e-07
1.884449424283118901e-07
1.880943155674330569e-07
1.876210591333915545e-07
1.869390668929327148e-07
1.865149376056862707e-07
1.854111777443989695e-07
1.845151406110190351e-07
1.832364533438379794e-07
1.816412485977636493e-07
1.797587992902194287e-07
1.779760224751569808e-07
1.760430490271858162e-07
1.735387891166340069e-07
1.710152779388351973e-07
1.678744699917800176e-07
1.646327234539057827e-07
1.612729829680858984e-07
1.573396301024487798e-07
1.530125507409607621e-07
1.482554981002692784e-07
1.426611782040509979e-07
1.371455226051310206e-07
1.309720697451055571e-07
1.236449259645056031e-07
1.164112789497906419e-07
1.080277088894021631e-07
9.880701212772180497e-08
8.822702324273734575e-08
7.705287108361602577e-08
6.492917237199691272e-08
5.172839145917151882e-08
3.689657834815562865e-08
2.028446088875313080e-08
2.445923796834392761e-09
1.666418247836531918e-08
3.822489713645182974e-08
6.115305561937844914e-08
8.607232149238086549e-08
1.120895686268497116e-07
1.395061579589906842e-07
1.678998200471681912e-07
1.970716404509076369e-07
2.260734021097832169e-07
2.540334504974595120e-07
2.802431189330434336e-07
3.029557975597896302e-07
3.210141840126468082e-07
3.347212443882696675e-07
3.416697644809119083e-07
3.420679278720584193e-07
3.352351728436175904e-07
3.232166001509995112e-07
3.057128559191824024e-07
2.834495557157978851e-07
2.578562942057160967e-07
2.303576041029486987e-07
2.005774352165090590e-07
1.718924557136958242e-07
1.431239453619781443e-07
1.148832232678032028e-07
8.890894764856938082e-08
6.383511608198944032e-08
4.049352342327949827e-08
1.931860571513510649e-08
1.959227224901383124e-10
