0.000000000000000000e+00
1.625798384807808361e-10
2.492557271693840448e-10
3.005414805912209886e-10
3.393695324760415133e-10
3.705235007700480310e-10
3.987417063200382472e-10
4.246581974953755889e-10
4.495025462958324169e-10
4.737094050355494801e-10
4.958135013666264967e-10
5.177344108986403626e-10
5.365136113155699604e-10
5.556866078393341013e-10
5.718060469561692116e-10
5.884048803750374645e-10
6.032203625494503285e-10
6.160818522005229170e-10
6.291865917162908772e-10
6.414190290016108520e-10
6.515340489343657282e-10
6.615636927165269299e-10
6.705851429700260269e-10
6.784348638433357337e-10
6.862613810554307747e-10
6.933470464431934488e-10
6.999233415072581010e-10
7.066385254717033604e-10
7.119390632581712453e-10
7.172114013798136511e-10
7.212681563117939731e-10
7.257408007887988788e-10
7.292396686509050596e-10
7.325817730219341684e-10
7.352607411803546711e-10
7.376785848833833370e-10
7.397303880551930888e-10
7.415649205810836975e-10
7.432671145224389875e-10
7.448109906604827302e-10
7.455406292322663830e-10
7.463523132855698350e-10
7.464040496785173673e-10
7.464108220389675807e-10
7.461552486986988697e-10
7.453107020438665131e-10
7.446027128210630508e-10
7.428327952752056262e-10
7.414341363087828540e-10
7.397350509918965145e-10
7.376659283409026102e-10
7.351644848441196700e-10
7.323923689739331166e-10
7.288216696821336882e-10
7.254926659427951563e-10
7.206016894301114917e-10
7.158308390486922690e-10
7.105894761494369050e-10
7.051127459689610077e-10
6.991123235877694242e-10
6.929756768414563339e-10
6.858477119564554414e-10
6.781243344633480774e-10
6.697568055713531976e-10
6.609278679903241027e-10
6.507344663120306905e-10
6.401990049198502675e-10
6.274317732035683548e-10
6.144269537600166586e-10
6.018626708126362246e-10
5.859722707057812841e-10
5.710053541108095487e-10
5.541432868128026712e-10
5.348658183024213031e-10
5.143248049677140443e-10
4.935973851871722218e-10
4.712387147165486567e-10
4.478355464243577444e-10
4.222588945168581631e-10
3.955520355702901725e-10
3.665107106698428652e-10
3.347316868129723844e-10
2.953216560186433526e-10
2.420841305195153836e-10
1.488819068029556547e-10
2.308231383807424208e-11
3.734048625858576997e-10
1.108476088695908857e-09
2.581594160666611515e-09
5.274876424543606390e-09
9.360011099524001565e-09
1.366725266294110952e-08
1.547832495507606154e-08
1.330949717104346064e-08
8.927398043034884267e-09
4.950814980198003923e-09
2.394418330275982498e-09
1.011243866422262272e-09
3.292603967253171504e-10
0.000000000000000000e+00
