0.000000000000000000e+00
7.598597606683910044e-08
9.425634639459445907e-08
1.024525763115846644e-07
1.067776818075572010e-07
1.093162125265223494e-07
1.109489351502901400e-07
1.120493438033776101e-07
1.128306024167358146e-07
1.134065666930084149e-07
1.138424600144460896e-07
1.141788191771908600e-07
1.144515502371490356e-07
1.146667665263834124e-07
1.148474767509455319e-07
1.149965974667210844e-07
1.151211966865517411e-07
1.152249281544115433e-07
1.153177140444938686e-07
1.153953803623153362e-07
1.154649159618159615e-07
1.155241142747343019e-07
1.155762321403130954e-07
1.156212662278832681e-07
1.156625880627260017e-07
1.156991187301059654e-07
1.157316481537051800e-07
1.157607910640123805e-07
1.157866197365464700e-07
1.158095220832322525e-07
1.158309294035930748e-07
1.158491104158443363e-07
1.158665645650813758e-07
1.158823677016584952e-07
1.158961864256013996e-07
1.159082868573690916e-07
1.159191583832708261e-07
1.159298247399576098e-07
1.159395025540632673e-07
1.159470076617097334e-07
1.159534138706064255e-07
1.159609345213752363e-07
1.159655806937109901e-07
1.159707189168912578e-07
1.159734316358296269e-07
1.159771770842255023e-07
1.159793890925797655e-07
1.159806791717343799e-07
1.159811569007018761e-07
1.159813970419421025e-07
1.159808863393507750e-07
1.159786879867397147e-07
1.159765627978259772e-07
1.159739716483088046e-07
1.159703978403925362e-07
1.159655652616109478e-07
1.159605956813081207e-07
1.159551327178931501e-07
1.159471583189741750e-07
1.159405842443561596e-07
1.159302134290385311e-07
1.159207011491858452e-07
1.159095991409841986e-07
1.158977745996381259e-07
1.158842962700745716e-07
1.158687080726750196e-07
1.158525393396558911e-07
1.158339476559078207e-07
1.158132680867396402e-07
1.157901488024748460e-07
1.157649741623245632e-07
1.157362460313393626e-07
1.157042007760011870e-07
1.156682077896320493e-07
1.156290478920851683e-07
1.155820108511562694e-07
1.155305356936864314e-07
1.154720866702874105e-07
1.154076038067941568e-07
1.153303401668637207e-07
1.152413768856774823e-07
1.151379043218270226e-07
1.150163994045882987e-07
1.148689505736655292e-07
1.146982416821984430e-07
1.144858760016020938e-07
1.142241687901446312e-07
1.138988924287431814e-07
1.134794332946498230e-07
1.129301939739590921e-07
1.121829223960091326e-07
1.111341576542912435e-07
1.096066579719945366e-07
1.072357190823325368e-07
1.032665501998764057e-07
9.588345140087994878e-08
7.991652128946924449e-08
2.670315435437942142e-08
2.902068764742971041e-06
2.220446049250313081e-16
