0.000000000000000000e+00
4.919770479894225446e-08
8.600866074903734670e-08
1.139226648572133627e-07
1.355850012263459803e-07
1.523760359001258280e-07
1.658795832915060942e-07
1.767411397235463255e-07
1.855153187735325560e-07
1.927827224523781524e-07
1.989139856162225328e-07
2.039965193434412072e-07
2.083049088774657776e-07
2.119852211546202625e-07
2.150457303340402859e-07
2.178911486794277153e-07
2.202765629899516853e-07
2.223637325382554764e-07
2.241399663649445984e-07
2.257824350815340608e-07
2.272515370327354844e-07
2.284918664274826483e-07
2.295737124846652932e-07
2.306215648451015454e-07
2.315811166164749579e-07
2.323930626824122214e-07
2.331208140970986165e-07
2.337732661894520447e-07
2.343579930119688015e-07
2.348320097267375672e-07
2.353493092632774619e-07
2.357174780920345825e-07
2.360570815485019125e-07
2.364324576120679922e-07
2.367496302335680980e-07
2.369201856922131810e-07
2.372115421866993756e-07
2.373606261540928131e-07
2.374907400737313878e-07
2.376068598541891674e-07
2.377097725325683086e-07
2.377963624899948059e-07
2.378237791145210167e-07
2.378224052135280431e-07
2.377922315721647806e-07
2.376858879715726403e-07
2.375970884482825340e-07
2.375253452813197441e-07
2.373752124862349433e-07
2.371622939145723308e-07
2.369457304807198739e-07
2.366933740116650142e-07
2.364030299295549753e-07
2.360720979810437825e-07
2.356487502908066745e-07
2.352266416094650481e-07
2.347531374846667518e-07
2.342234003416265864e-07
2.337140100339141213e-07
2.330037244258065243e-07
2.323193341036144943e-07
2.314661473601375974e-07
2.305495346854868899e-07
2.295246011030371847e-07
2.284104081429205735e-07
2.270659735792435185e-07
2.256712700043905784e-07
2.239388020575105998e-07
2.221760230236569100e-07
2.200625068837780418e-07
2.176458541169878913e-07
2.148683173608390007e-07
2.116576620636578809e-07
2.079227368056990599e-07
2.035473333217296954e-07
1.983817627948525342e-07
1.921822884165536038e-07
1.847465657123237293e-07
1.758588541456163057e-07
1.647693577133679810e-07
1.509922065157098814e-07
1.336138849561407937e-07
1.117114506454797151e-07
8.301514409225774216e-08
4.521584917593912678e-08
5.235472722020517722e-09
7.333137108656018199e-08
1.646200358251803664e-07
2.858956432705284101e-07
4.355879712480970056e-07
5.999554991698019535e-07
7.354655514602015387e-07
7.868524688481315366e-07
7.251158619103748038e-07
5.839734988910549873e-07
4.207643643505676323e-07
2.727832313365041728e-07
1.552844594021607350e-07
6.577201794311093863e-08
2.497143603008566970e-10
