0.000000000000000000e+00
1.395559586780947825e-07
2.439721819014195603e-07
3.231499741129795211e-07
3.845938006952209776e-07
4.322199467221565783e-07
4.705209780686558929e-07
5.013280640620010331e-07
5.262145076345703387e-07
5.468271108144406867e-07
5.642171529984807421e-07
5.786326607859493265e-07
5.908524624009814374e-07
6.012907943775402941e-07
6.099712313023530896e-07
6.180415362821989333e-07
6.248071685588385549e-07
6.307268825000988954e-07
6.357647331922677836e-07
6.404231566170537349e-07
6.445898642626346486e-07
6.481077378106547826e-07
6.511761180272301885e-07
6.541480475075189815e-07
6.568695543052172070e-07
6.591724137638976799e-07
6.612364796820813240e-07
6.630869678891926355e-07
6.647453895114452393e-07
6.660898009824833821e-07
6.675569822478522042e-07
6.686011891909870997e-07
6.695643814946805605e-07
6.706290205382714475e-07
6.715285850722452210e-07
6.720123335579586410e-07
6.728386640064698554e-07
6.732614986626472842e-07
6.736305439014600438e-07
6.739598837901539241e-07
6.742517628666178098e-07
6.744973368721929319e-07
6.745751015557743813e-07
6.745712098910061627e-07
6.744856279050637227e-07
6.741840253843278674e-07
6.739321715132362556e-07
6.737286709634915383e-07
6.733028788952211130e-07
6.726989900673885359e-07
6.720847701702226118e-07
6.713690393622684383e-07
6.705455616318189982e-07
6.696069655420799904e-07
6.684062717754457594e-07
6.672090789860973814e-07
6.658661254599351764e-07
6.643636674130704023e-07
6.629189078788400025e-07
6.609043938787806383e-07
6.589633013698303898e-07
6.565434739203013237e-07
6.539437565900030336e-07
6.510368137924160692e-07
6.478767038409216639e-07
6.440635864635169128e-07
6.401078637141566219e-07
6.351941866933330516e-07
6.301945034703493320e-07
6.242000466505359668e-07
6.173458216851557268e-07
6.094680117252337936e-07
6.003617613048461976e-07
5.897685017020037890e-07
5.773586554402854176e-07
5.627076187231239146e-07
5.451240767673226628e-07
5.240340814616217813e-07
4.988255740689950812e-07
4.673719454784119876e-07
4.282948493639082699e-07
3.790029684536122545e-07
3.168778454076814910e-07
2.354809457427720076e-07
1.282609649599919521e-07
1.485172196336037587e-08
2.080238089563479775e-07
4.670033280085306160e-07
8.110777736103358393e-07
1.235816898925712337e-06
1.702245329027185505e-06
2.086829370862020028e-06
2.232672956625769700e-06
2.057454980275430501e-06
1.656892734902548625e-06
1.193752784178769843e-06
7.738750720243103842e-07
4.405172523425093800e-07
1.865793924915593038e-07
7.080678265936057869e-10
