0.000000000000000000e+00
5.648106216060710949e-08
8.114263139180621920e-08
8.101534354487682776e-08
6.405793984143315356e-08
3.814228244358730535e-08
1.005267080689264958e-08
2.283797273516796622e-08
5.725669727230098260e-08
9.220385333019720520e-08
1.267031753959813045e-07
1.602223201890851101e-07
1.858214574435024247e-07
2.129487138846641869e-07
2.354808165128119413e-07
2.580186078127155724e-07
2.796213809386216553e-07
2.949641709770745024e-07
3.113651521058358185e-07
3.263446280987736259e-07
3.368266341396974894e-07
3.470360045998432952e-07
3.536610567733688981e-07
3.625754868563646482e-07
3.690746975815173414e-07
3.744023536755847203e-07
3.789549595234475987e-07
3.826546798313401609e-07
3.871628989626785255e-07
3.896921676460607387e-07
3.905174021934243456e-07
3.924945258804157788e-07
3.925242119118266260e-07
3.932399033068634253e-07
3.941793819128847076e-07
3.928702501099223809e-07
3.930311168742761652e-07
3.933568201164305833e-07
3.914577294539256513e-07
3.862970930912368317e-07
3.874464595821081048e-07
3.833799780972313442e-07
3.804993231604214543e-07
3.706452703644558255e-07
3.645833693832756239e-07
3.626760632924330707e-07
3.548697909971920694e-07
3.458392540123256254e-07
3.397874037691650528e-07
3.261242823571208760e-07
3.136124330227474388e-07
2.980312018285857789e-07
2.802731832174387705e-07
2.594839983993679766e-07
2.385933655091321270e-07
2.163811799738013519e-07
1.909327099758328927e-07
1.614055390453117411e-07
1.304914631905518263e-07
9.471558204410257531e-08
6.199161106668071852e-08
2.773895435570494783e-08
6.286321574400233203e-09
3.805537307499662347e-08
6.211502523445489032e-08
7.940880519807791416e-08
7.909350496770883865e-08
5.958704984987406306e-08
1.272865934875966332e-08
7.690844883168068691e-08
2.170082674668449840e-07
4.283484044131924406e-07
7.127884924518212983e-07
1.099824484041000972e-06
1.604895336404510431e-06
2.231225868176700544e-06
2.975781190905912865e-06
3.838225881902523895e-06
4.772837922994987991e-06
5.743280579673104569e-06
6.665354926216338072e-06
7.464248292565756060e-06
8.080794903553289998e-06
8.405033103842107778e-06
8.428149746331214942e-06
8.128541966079261272e-06
7.569242652549768025e-06
6.765803389430224968e-06
5.861507477833427515e-06
4.899311462303046483e-06
3.946817968336624460e-06
3.079370574421425033e-06
2.321147892447861238e-06
1.675580039717239345e-06
1.162796033682411689e-06
7.608409093862178452e-07
4.580491287375920706e-07
2.407552428529413646e-07
9.316575633189216887e-08
0.000000000000000000e+00
