0.000000000000000000e+00
4.197211112000331923e-08
8.030956455407078920e-08
1.149177732973072352e-07
1.474653864574904105e-07
1.763822967681960563e-07
2.019973609490577360e-07
2.265639217347015233e-07
2.483343500836454609e-07
2.674721010231806417e-07
2.851041828177969251e-07
3.017949379291451351e-07
3.163446085086007997e-07
3.304402048653898305e-07
3.430727182340831405e-07
3.539643198546826852e-07
3.641596313386230577e-07
3.729204706148792070e-07
3.816452578409013086e-07
3.894862391495834686e-07
3.961988386258497030e-07
4.029304225827701202e-07
4.082591553711267807e-07
4.135824833717549609e-07
4.175999104294447761e-07
4.220507322516553472e-07
4.250766989510879057e-07
4.281106827930258873e-07
4.311651042865349837e-07
4.333323834204705349e-07
4.348141304788555317e-07
4.359946610410503354e-07
4.366921423359926280e-07
4.380134037695881943e-07
4.379494580319942543e-07
4.380587053098849992e-07
4.375144940782504932e-07
4.365885220014575907e-07
4.352747976499315996e-07
4.335647894038174854e-07
4.314473028843579527e-07
4.289083541664240329e-07
4.256505321542647380e-07
4.220258432718893005e-07
4.178207172467196528e-07
4.138641138684562293e-07
4.091814347351174774e-07
4.036366386683809537e-07
3.969828601402269896e-07
3.901508927039998298e-07
3.826022725306188477e-07
3.742778296178528308e-07
3.656259407458506416e-07
3.552398094575082155e-07
3.441584510710526956e-07
3.323014270417701255e-07
3.189265224134985033e-07
3.042301990330287254e-07
2.877393625588808845e-07
2.697205853108286533e-07
2.501818520128651357e-07
2.292817431470695055e-07
2.049901535183806800e-07
1.789781751693197975e-07
1.510834409801375955e-07
1.184844969914777835e-07
8.510766136282654770e-08
4.720747615039044831e-08
4.846682499781707065e-09
3.962832284543083006e-08
8.893259062503489076e-08
1.422856761301716233e-07
2.012976499932150887e-07
2.624462058786747320e-07
3.258918988002790229e-07
3.919971840460334533e-07
4.616583098027149390e-07
5.283626651753081660e-07
5.927786417281311060e-07
6.538627410623831793e-07
7.078047625785899299e-07
7.487997880639696291e-07
7.800357415543857087e-07
7.953750416067606466e-07
7.963016503964581716e-07
7.819253675656057112e-07
7.531474125466175451e-07
7.135335338137593908e-07
6.606587995561241655e-07
6.003228052442466378e-07
5.356401995282311645e-07
4.681024635688757485e-07
4.007692893104319865e-07
3.347451891233532706e-07
2.685232762811295970e-07
2.078843900354954144e-07
1.489608045801560365e-07
9.512285337187620371e-08
4.672375564229724887e-08
0.000000000000000000e+00
