0.000000000000000000e+00
1.169884411567068128e-09
4.662644936814785979e-09
1.041428998593829647e-08
1.836184604364632378e-08
2.831739565056778929e-08
4.017410859535885947e-08
5.373480915782380407e-08
6.877542269023706467e-08
8.506154369758434086e-08
1.023524924814722681e-07
1.203248221059993739e-07
1.386712411566293213e-07
1.571419204760005073e-07
1.754058873704167354e-07
1.932892681466569229e-07
2.102596670106038346e-07
2.263106714250895379e-07
2.410168341571150563e-07
2.540724701738383828e-07
2.656511965959396093e-07
2.750978526089298271e-07
2.824440891169288648e-07
2.876468061518977493e-07
2.906491040066683240e-07
2.911923254744763767e-07
2.893744591725422310e-07
2.852329192837288474e-07
2.790712646527637730e-07
2.706651990314057343e-07
2.600318451673189202e-07
2.477617151441791066e-07
2.339174091092743879e-07
2.184166409957555288e-07
2.019738991609898449e-07
1.844412493845482004e-07
1.663398525586501364e-07
1.479391604775059932e-07
1.294831484255354326e-07
1.112946561576677595e-07
9.363754860380879563e-08
7.678941982280917955e-08
6.111019357213365311e-08
4.680031506776316519e-08
3.404800597017754171e-08
2.314722469254348880e-08
1.413833028429678507e-08
7.309503446961684858e-09
2.644778840377171036e-09
3.146842786350134702e-10
3.484500465944506686e-10
2.659585329745084437e-09
7.239827404248444509e-09
1.408936589619713686e-08
2.305319513062897840e-08
3.404768145198744378e-08
4.682185783533299173e-08
6.113110184724490637e-08
7.679099134350053646e-08
9.359258412722226694e-08
1.112247552947920326e-07
1.293484352959950456e-07
1.478927876830127275e-07
1.663931948892027890e-07
1.843573373960794015e-07
2.017590621239406801e-07
2.183403092770319631e-07
2.336901003818780964e-07
2.476396396833280278e-07
2.599641277800657235e-07
2.704412396248301320e-07
2.788965715039282145e-07
2.853167704319758968e-07
2.892338353266410422e-07
2.910581821113922274e-07
2.903861431313714547e-07
2.875431118765092720e-07
2.823560339981767697e-07
2.748875118641080917e-07
2.654331359153161429e-07
2.539948774638034479e-07
2.408708112966451154e-07
2.261576318440816635e-07
2.101620448780039396e-07
1.930929387494728644e-07
1.754645038154478698e-07
1.571684784540394730e-07
1.385856637226012822e-07
1.202003334643819699e-07
1.022982858422949448e-07
8.503428994277584252e-08
6.878328284720680585e-08
5.376513778632130425e-08
4.020415367289587039e-08
2.828185219350132229e-08
1.828850360041656131e-08
1.036691410494228194e-08
4.634257422253540426e-09
1.172652752678970955e-09
2.220446049250313081e-16
