0.000000000000000000e+00
3.411952054221956132e-09
5.276628911587977200e-09
6.759594661787104997e-09
7.919807920586663386e-09
8.817053198661994884e-09
9.514101284580078755e-09
1.005521543806509044e-08
1.047530595599255321e-08
1.080812817022547279e-08
1.107128855259986722e-08
1.128043569664782808e-08
1.144721717416530282e-08
1.158062923334313155e-08
1.168962504571879890e-08
1.177814623609663158e-08
1.185131670577987961e-08
1.190934884043315378e-08
1.195782450835736199e-08
1.199831767273451533e-08
1.203203980892908476e-08
1.205964150763350062e-08
1.208284272635751222e-08
1.210245037519541711e-08
1.211760958241825392e-08
1.213181111126004907e-08
1.214295430873590931e-08
1.215162925838342289e-08
1.215987954772401736e-08
1.216707912199410657e-08
1.217307277201484794e-08
1.217763467842303271e-08
1.218087652965493817e-08
1.218381373568888648e-08
1.218683698400724325e-08
1.218958545212700528e-08
1.219111600558875352e-08
1.219245748806940810e-08
1.219304102129115108e-08
1.219388479078986620e-08
1.219474299318790145e-08
1.219530865181894796e-08
1.219595069379408869e-08
1.219556722276138316e-08
1.219514322858827882e-08
1.219549250475182589e-08
1.219382972372784479e-08
1.219367029570150862e-08
1.219291656529009060e-08
1.219135736807430703e-08
1.218873468822323503e-08
1.218551703985326640e-08
1.218355605292487098e-08
1.218002798619721716e-08
1.217689149513034863e-08
1.217257417085448878e-08
1.216717526730803911e-08
1.215910683249887825e-08
1.215107925389702359e-08
1.214209877087313316e-08
1.212977684961202840e-08
1.211631184272476958e-08
1.210077316127211589e-08
1.208085342874198886e-08
1.205707800266964114e-08
1.202832655700092346e-08
1.199489119141361471e-08
1.195424148558998922e-08
1.190527654237882871e-08
1.184438214174576842e-08
1.177178732270078854e-08
1.168087226943725909e-08
1.156996398687937244e-08
1.143211958432033271e-08
1.126264403961130256e-08
1.104838953658315859e-08
1.078070410720499694e-08
1.044084219081753417e-08
1.000893723457352280e-08
9.456696092868810410e-09
8.742817803053526404e-09
7.822390291067904400e-09
6.632480897827974786e-09
5.117900991891133344e-09
3.214434385334641320e-09
1.773252211734188677e-09
1.457367115875740637e-09
3.331521392091474354e-09
3.114294044870291600e-09
1.714268171859600898e-09
1.302087593302303503e-08
2.725094772060288051e-08
3.371263279650094091e-08
2.601688642300814536e-08
1.169282559665418830e-08
9.765344088918936905e-10
3.284469807240952832e-09
3.217529576104993794e-09
1.236914570768021804e-09
2.949998914852230980e-15
