0.000000000000000000e+00
1.305614830826584694e-05
2.427603026178282164e-05
3.318886768244322383e-05
4.017181126259039559e-05
4.558438291835109624e-05
4.977220775359558758e-05
5.300528824747630097e-05
5.552572846512227045e-05
5.745563931836006333e-05
5.899112952634233409e-05
6.020002209738972709e-05
6.115806962503356203e-05
6.190760477553514107e-05
6.250684520481275541e-05
6.298425815165487052e-05
6.337039173953673554e-05
6.369100268921457086e-05
6.393109642288674621e-05
6.413608018962513313e-05
6.429311694389205911e-05
6.442309817811242567e-05
6.453686603047348314e-05
6.462136251583761037e-05
6.468551700455904552e-05
6.473958078245800607e-05
6.477797897130876947e-05
6.481879084685449044e-05
6.484271231099736355e-05
6.485642898801380341e-05
6.488132334259155698e-05
6.488900700707400659e-05
6.489422229127850272e-05
6.489857924596442729e-05
6.490290675109644525e-05
6.490595253294539901e-05
6.491155221710620538e-05
6.491308473144385971e-05
6.491324777124773959e-05
6.490899515732007075e-05
6.490902880673665720e-05
6.491318891255204448e-05
6.491502928374082160e-05
6.491396200414278894e-05
6.491315318202239837e-05
6.491109218098589650e-05
6.491148858456252668e-05
6.491028138566612427e-05
6.491045893741720363e-05
6.490985814711081048e-05
6.491039482381388837e-05
6.490000919712191063e-05
6.489862880998398253e-05
6.489307659574006237e-05
6.488791943837224352e-05
6.487376135666522714e-05
6.486029248298219585e-05
6.483917977972986080e-05
6.480568276368003922e-05
6.477723481101982372e-05
6.473455305655573255e-05
6.467869189896724436e-05
6.461280187586293522e-05
6.452706724924262005e-05
6.441261130341047192e-05
6.428036659944513787e-05
6.411991498467273232e-05
6.391673315986334813e-05
6.366402790136671541e-05
6.334202073943195899e-05
6.294698848396951263e-05
6.245620193912060358e-05
6.184336858172656548e-05
6.106549133400029916e-05
6.009340622836756296e-05
5.885494587487549722e-05
5.727573098990301759e-05
5.527417358153208227e-05
5.271147638330475615e-05
4.938532702847275857e-05
4.511170246890294777e-05
3.953159350822410545e-05
3.235698418468935245e-05
2.316712326699832403e-05
1.177776251970463761e-05
1.638717469720774034e-06
1.515898776272006643e-05
2.378156815319165673e-05
1.601952916641113944e-05
2.668476575762301906e-05
1.162129480194451503e-04
2.227368848738420226e-04
2.700182985020394000e-04
2.161282384316454142e-04
1.088148478903816496e-04
2.285340220942178036e-05
1.650077696879748146e-05
2.261392938041062450e-05
1.353291643146903311e-05
6.661338147750939243e-16
