0.000000000000000000e+00
2.219867145658582785e-08
4.102176254239253694e-08
5.615189391239283623e-08
6.801598828598542923e-08
7.717109340443784049e-08
8.424071884505224261e-08
8.970797749086045769e-08
9.395715883098176846e-08
9.725223915069136638e-08
9.984401605489523490e-08
1.018733458701959194e-07
1.034932576304825602e-07
1.047737129278303314e-07
1.057910751223190005e-07
1.066018309181515633e-07
1.072594393303205607e-07
1.077853678532747495e-07
1.081930603996639206e-07
1.085400499478694769e-07
1.088162092655053925e-07
1.090474580633937762e-07
1.092152434045701170e-07
1.093503406712770243e-07
1.094679075164251003e-07
1.095535605566411164e-07
1.096241307729783898e-07
1.096855472004776288e-07
1.097279310746657188e-07
1.097772730496160420e-07
1.097998610921635532e-07
1.098002656574337266e-07
1.098271326105404455e-07
1.098352274686575925e-07
1.098462986126591545e-07
1.098399448062892247e-07
1.098515661768217910e-07
1.098413540123743815e-07
1.098600522775328159e-07
1.098610374894448682e-07
1.098577998570604564e-07
1.098584355707643567e-07
1.098474732286192079e-07
1.098582641523293546e-07
1.098597539606060991e-07
1.098660659115680005e-07
1.098509588848273211e-07
1.098504863739080406e-07
1.098492646844917431e-07
1.098474001759441876e-07
1.098502188101591059e-07
1.098501631879855722e-07
1.098483960459972764e-07
1.098313029412878450e-07
1.098159414514299215e-07
1.097809100292224116e-07
1.097808036698566525e-07
1.097160771124094936e-07
1.096828551316875178e-07
1.096139529144224412e-07
1.095381876314860392e-07
1.094470072349196244e-07
1.093369055293891279e-07
1.091893024884882379e-07
1.090144766680012367e-07
1.087882087746905313e-07
1.085172827153257913e-07
1.081751795917185177e-07
1.077325438858522944e-07
1.072049558015208959e-07
1.065280169632032425e-07
1.057109217939000700e-07
1.046769741996911307e-07
1.033700203212362112e-07
1.017138561154595777e-07
9.962751879033504565e-08
9.699134817520160823e-08
9.361421926534774229e-08
8.927502304079126816e-08
8.368453530138708629e-08
7.644205923806879355e-08
6.705219579572485600e-08
5.491598120688223617e-08
3.947448334873371323e-08
2.030022427934596863e-08
2.132272691746095461e-09
2.484622219078858052e-08
3.928028502464542271e-08
2.694011902448778528e-08
4.217141913454014457e-08
1.881748333820709718e-07
3.663913898943604863e-07
4.465173166767755220e-07
3.512437805053281181e-07
1.712277758469937794e-07
3.206657617216279732e-08
3.031470896530663595e-08
3.889652988586789206e-08
2.300304180469225912e-08
1.332267629550187849e-15
