0.000000000000000000e+00
1.243931357919336733e-08
1.275489958096898135e-08
1.328634824382390889e-08
1.400007476615172664e-08
1.491058598812600167e-08
1.599178089950470394e-08
1.721796138998143988e-08
1.859017739747059750e-08
2.006502552998057354e-08
2.162060919186359342e-08
2.325744152820163890e-08
2.492705808432305048e-08
2.659715403474649520e-08
2.825950762286311146e-08
2.987750757910134780e-08
3.141934701300641564e-08
3.287082506187033459e-08
3.421214667120864306e-08
3.540169135618498331e-08
3.644602930563678456e-08
3.730842923488353335e-08
3.797331793453651017e-08
3.846296781073732518e-08
3.871335163552203085e-08
3.878235332877011388e-08
3.861535380345060275e-08
3.825005934210423675e-08
3.766058997989318868e-08
3.691597094679366364e-08
3.594966524467224644e-08
3.483547295068945004e-08
3.355833011475795047e-08
3.217297406266084181e-08
3.067449383387099715e-08
2.909736196432533006e-08
2.744693938794284804e-08
2.578089175475639649e-08
2.409949795278976126e-08
2.245504715503443549e-08
2.086465777928481202e-08
1.933765614303695202e-08
1.791659831607006481e-08
1.661668480590350327e-08
1.543895533639982887e-08
1.444292163643723370e-08
1.363612656124502109e-08
1.301419727539609994e-08
1.258047532814998704e-08
1.236920910141492413e-08
1.237608493465103265e-08
1.258816251237249162e-08
1.301137997344881114e-08
1.363306600943303692e-08
1.444561192887050538e-08
1.545176497863565146e-08
1.659995263469937754e-08
1.790639625465217932e-08
1.933082516281103835e-08
2.084596262275084655e-08
2.244450370003647777e-08
2.410333088675997715e-08
2.577244950785484434e-08
2.744193339232481321e-08
2.908487062303066750e-08
3.066944553875572410e-08
3.215988564342353584e-08
3.356672850785002993e-08
3.483715216301419559e-08
3.594523811933925117e-08
3.691149630391521441e-08
3.766199507815315428e-08
3.824963434873041024e-08
3.861347819267280101e-08
3.877088083914514982e-08
3.872039666674709224e-08
3.845800500279494827e-08
3.797294434448872380e-08
3.731043496379982116e-08
3.644780433020855526e-08
3.541148541064131905e-08
3.420570748868811961e-08
3.287507477356399477e-08
3.142025750690891073e-08
2.988424641081621758e-08
2.826232226027514116e-08
2.660419484712406302e-08
2.492764838990524368e-08
2.325666426106209883e-08
2.163521339859642012e-08
2.007513721924425454e-08
1.859825449201935044e-08
1.723457621061186273e-08
1.599411136865569460e-08
1.489787937458686429e-08
1.400296967268843673e-08
1.328750598439398800e-08
1.275535344014144812e-08
1.243199432288122352e-08
2.409097227262790852e-16
