0.000000000000000000e+00
1.336377231098140328e-09
5.463259955540422652e-09
1.222767875841412888e-08
2.180960156916711412e-08
3.379762181232592866e-08
4.803196940184051300e-08
6.432308841120004672e-08
8.251166405681686911e-08
1.020704770704483622e-07
1.229159342086560969e-07
1.440735739599574572e-07
1.659553793276202782e-07
1.880963800271473474e-07
2.105689983489256178e-07
2.318757866826004488e-07
2.519044716153828745e-07
2.710082775969624436e-07
2.889649558523998962e-07
3.046744577739346482e-07
3.186423521706061024e-07
3.298058232070744111e-07
3.388974568752090022e-07
3.451843764157302985e-07
3.483599955167449025e-07
3.493449188818331663e-07
3.472916928481950549e-07
3.426268525563713752e-07
3.344023445928101523e-07
3.244056410167672766e-07
3.120805237566415258e-07
2.973383148585639901e-07
2.803593684985727919e-07
2.617549080818903917e-07
2.422060432216710524e-07
2.211311415090122523e-07
1.990302950227729184e-07
1.771546089823772263e-07
1.552382465908053177e-07
1.335535184665559427e-07
1.124031322463636684e-07
9.216900243025349937e-08
7.329892426355399948e-08
5.600160379870544602e-08
4.090182226246241726e-08
2.783565566932821866e-08
1.694647022709716566e-08
8.677078944252514248e-09
3.216421684548720350e-09
4.597898728420091174e-10
6.303340072122409765e-10
3.517617419568352943e-09
9.003411682861894860e-09
1.722674136672708300e-08
2.811793753387803463e-08
4.103751716222348023e-08
5.633521193981749775e-08
7.343198460407762695e-08
9.217049767862306453e-08
1.122420609789287482e-07
1.333391078661705365e-07
1.556343640629620495e-07
1.777291238624911784e-07
1.996416035821013679e-07
2.215270936689606174e-07
2.427743914790170265e-07
2.621725834206500849e-07
2.802546268387828832e-07
2.975745867495049879e-07
3.126867844649439121e-07
3.249534727967073877e-07
3.346265179393625999e-07
3.423874550545491502e-07
3.479460944921797250e-07
3.495591612834303419e-07
3.486681687814296993e-07
3.453647040574381322e-07
3.387049982706002993e-07
3.299513609000825909e-07
3.185269551453373538e-07
3.052379947687811068e-07
2.894740079861790605e-07
2.713708201484976712e-07
2.523797887343803836e-07
2.318787227784113725e-07
2.106250762690109468e-07
1.885371926357848338e-07
1.663831096232470941e-07
1.442024682996034812e-07
1.226662498243769051e-07
1.021333407846825025e-07
8.236631998670418398e-08
6.421302656267613429e-08
4.804512232503554969e-08
3.394516734367414301e-08
2.194921588927201128e-08
1.226567458711969039e-08
5.399302227537816634e-09
1.397461923957621366e-09
2.220446049250313081e-16
