0.000000000000000000e+00
4.663733615406506772e-06
8.657098879094604627e-06
1.182374004637942733e-05
1.430195825524727127e-05
1.622148790048072442e-05
1.770592780547808331e-05
1.885163266579503727e-05
1.974455325592927579e-05
2.042822759074081063e-05
2.097210687246331418e-05
2.140027423080947955e-05
2.173959269957670415e-05
2.200508423089164722e-05
2.221734901453054079e-05
2.238648122232511639e-05
2.252328792162749949e-05
2.263688359738225131e-05
2.272199554154141765e-05
2.279465785737233574e-05
2.285035701010684761e-05
2.289646682107626674e-05
2.293681940102043626e-05
2.296682119518056453e-05
2.298961852553738083e-05
2.300883607431192246e-05
2.302251054464576896e-05
2.303701872974350806e-05
2.304555689947029862e-05
2.305048474848803153e-05
2.305933957080785746e-05
2.306211889679943283e-05
2.306401759066822876e-05
2.306560583464900560e-05
2.306717651034961847e-05
2.306829012943545365e-05
2.307029728210174824e-05
2.307086365183064203e-05
2.307094343256821389e-05
2.306946035901535907e-05
2.306948453822954548e-05
2.307095999387609453e-05
2.307161276937641503e-05
2.307123565514768160e-05
2.307094526488029373e-05
2.307020871106235660e-05
2.307033474635566961e-05
2.306988957156974607e-05
2.306992839784527405e-05
2.306968780230178595e-05
2.306984092703689981e-05
2.306613875702190342e-05
2.306560389886413986e-05
2.306358965187271792e-05
2.306170804922125228e-05
2.305664423873921010e-05
2.305181318174032157e-05
2.304427443400314246e-05
2.303235520040303186e-05
2.302220014949174498e-05
2.300700867396976435e-05
2.298714789827904781e-05
2.296372933374701830e-05
2.293328049551845993e-05
2.289267000465944335e-05
2.284574957500673520e-05
2.278882762163370046e-05
2.271677859688736589e-05
2.262719039403116028e-05
2.251307052625328708e-05
2.237307802155363845e-05
2.219917780310609601e-05
2.198204506553835813e-05
2.170645820420702421e-05
2.136206789571382103e-05
2.092330248115725766e-05
2.036378785619241683e-05
1.965453035990272213e-05
1.874620449249242427e-05
1.756702068778093206e-05
1.605125467030177333e-05
1.407104207840070842e-05
1.152266881998542658e-05
8.254013894370970661e-06
4.193434511856608538e-06
6.105506248355041521e-07
5.503184386745907375e-06
8.760906437865756402e-06
6.392445201064411719e-06
8.132855410347694658e-06
3.919086492809586986e-05
7.662716161271898585e-05
9.346607085436442475e-05
7.453358419562405857e-05
3.690303727077459683e-05
7.046877260385997488e-06
6.390385684174049175e-06
8.251101230927204710e-06
4.873431027063723775e-06
4.440892098500626162e-15
