0.000000000000000000e+00
1.732693412082042528e-07
3.205238580106239965e-07
4.387682676076920529e-07
5.314499277320194892e-07
6.028694474746743026e-07
6.581466380772837965e-07
7.008448872358741255e-07
7.339839062092679001e-07
7.598420184162790747e-07
7.799267518482366768e-07
7.958640418914697534e-07
8.084884557391092130e-07
8.185219270151478099e-07
8.264584340222924652e-07
8.328063053619771949e-07
8.377449602914310844e-07
8.419739430109984824e-07
8.452355370058839412e-07
8.479385762427682494e-07
8.499796766425760097e-07
8.518132476043049905e-07
8.532670847660739355e-07
8.542437686109849437e-07
8.551867666239942878e-07
8.557922417384844493e-07
8.563250953885770400e-07
8.568297357181009488e-07
8.571340096574786571e-07
8.574989799337018326e-07
8.576794041648128086e-07
8.579377956952072282e-07
8.579727213131604913e-07
8.581176395017209302e-07
8.580899967247646032e-07
8.581128985163388734e-07
8.581163168930316942e-07
8.582378635546561441e-07
8.581889159309241677e-07
8.581836263843456436e-07
8.582018703462424014e-07
8.582124979561456257e-07
8.582778888710507204e-07
8.581291570664006940e-07
8.582176838078936498e-07
8.580741298613858703e-07
8.582308621551959504e-07
8.581469650437156815e-07
8.580920983769502186e-07
8.581338856172848750e-07
8.581567497722986104e-07
8.581113727368361310e-07
8.579785275575346759e-07
8.579975302458464625e-07
8.578786023782924985e-07
8.577518831875963201e-07
8.576138047500236894e-07
8.572340873813644180e-07
8.568681828524660204e-07
8.563836255692791610e-07
8.557121115027044311e-07
8.550911131388616582e-07
8.542617752071990367e-07
8.530852521060339200e-07
8.515254201757471719e-07
8.498420924762939421e-07
8.476702881843323212e-07
8.450217793276593170e-07
8.416152441625968095e-07
8.373348269197222749e-07
8.322939321070421670e-07
8.257939103639699852e-07
8.177070388581952898e-07
8.074777453348502831e-07
7.946676044978673303e-07
7.784098358110114191e-07
7.577581874196326339e-07
7.312645015078444999e-07
6.973414494737539826e-07
6.536271607293642205e-07
5.970450235315283294e-07
5.237724145512601126e-07
4.296687773353013995e-07
3.087750258812249626e-07
1.588924019024773315e-07
1.605208543864478088e-08
1.936554020476322080e-07
3.068554274010537597e-07
2.117671580315061419e-07
3.267958342823007456e-07
1.470088637378630381e-06
2.865135603213886384e-06
3.490659966853826290e-06
2.744940999721556807e-06
1.339767375596601084e-06
2.513160577422013375e-07
2.360214009788919043e-07
3.036776657916462341e-07
1.798308545408744408e-07
2.664535259100375697e-15
