0.000000000000000000e+00
2.990534975211289748e-08
3.409629290018756365e-08
4.106915352242168638e-08
5.042925921294738600e-08
6.225547977134482380e-08
7.653325839740432457e-08
9.270774448122409694e-08
1.106354193813885445e-07
1.299800680421014931e-07
1.503974863537038686e-07
1.717469864104259614e-07
1.936445779282536250e-07
2.155815872484367901e-07
2.373463272586917583e-07
2.585863946302779937e-07
2.787537597415123969e-07
2.978064339576036446e-07
3.153189055415950293e-07
3.310272698175964479e-07
3.446623145775262742e-07
3.559723807944337182e-07
3.646642402488353696e-07
3.710518357014080948e-07
3.744175057773801996e-07
3.751867372336903372e-07
3.730553754799359467e-07
3.682670123295039843e-07
3.605403146034191764e-07
3.507307184680286127e-07
3.380460641411175970e-07
3.234731862367112853e-07
3.067654943400555112e-07
2.884347924947405772e-07
2.688438618392297030e-07
2.481073707594205757e-07
2.265099617870802717e-07
2.046378710929275258e-07
1.826730449128177725e-07
1.610070556878895331e-07
1.401006821666328506e-07
1.201626198543692681e-07
1.015076744881326931e-07
8.441742482823144655e-08
6.917912864778941184e-08
5.604707520312501856e-08
4.543490939035166321e-08
3.728342368169990095e-08
3.167002493587034451e-08
4.124082986223243097e-08
3.979198537340522535e-08
3.167107009982572663e-08
3.729792474871373997e-08
4.545421505852687005e-08
5.606663244783760547e-08
6.919508033220722609e-08
8.446167132358795016e-08
1.015515497249097621e-07
1.202095254448920514e-07
1.401593885397289796e-07
1.610642094140857239e-07
1.827212167127001408e-07
2.047006588679067818e-07
2.265728873407368837e-07
2.481809082688357648e-07
2.689107850839533853e-07
2.885154086751384739e-07
3.068228238145565001e-07
3.235417099789472672e-07
3.381220456954991960e-07
3.508085130166094245e-07
3.606121188326483207e-07
3.683410415566967799e-07
3.731316428057240842e-07
3.752751122076958268e-07
3.744843560804511640e-07
3.711325150534960926e-07
3.647384538840725554e-07
3.560421685255832358e-07
3.447312717508310698e-07
3.310851379723089849e-07
3.153927906618392285e-07
2.978670137210315261e-07
2.788159042532711851e-07
2.586414703520389935e-07
2.374013421402310087e-07
2.156292057131636852e-07
1.936960717374702767e-07
1.717929920541649835e-07
1.504293253296040689e-07
1.300106617918572738e-07
1.106646609905226342e-07
9.272597234488699769e-08
7.655909506354419136e-08
6.228856319623332638e-08
5.044546569354935173e-08
4.108222062537691954e-08
3.410517490642916982e-08
2.991595438039951205e-08
0.000000000000000000e+00
