0.000000000000000000e+00
4.691344889340420821e-06
5.469506546340596742e-06
5.716963998203539177e-06
5.824239498020133965e-06
5.880334214225513279e-06
5.913098886645151708e-06
5.934010489316854375e-06
5.948231226904354685e-06
5.958220151480730920e-06
5.965657802420309963e-06
5.971259126491545999e-06
5.975611906183786459e-06
5.979028821601062305e-06
5.981818236078240147e-06
5.984136803638406832e-06
5.986005989333520461e-06
5.987595003587031783e-06
5.988975485426983880e-06
5.990076623385576227e-06
5.991125751503290076e-06
5.991989659337448870e-06
5.992716987313073673e-06
5.993379548874244733e-06
5.993990026986750763e-06
5.994507181861230549e-06
5.994966841060822560e-06
5.995376662237816845e-06
5.995743018294419358e-06
5.996046469114446609e-06
5.996341178815534079e-06
5.996605959568412914e-06
5.996868228552720836e-06
5.997082132003228594e-06
5.997274388880313722e-06
5.997446985483989579e-06
5.997601642437899727e-06
5.997739834451287777e-06
5.997862833173606134e-06
5.997971725180128999e-06
5.998067443280241662e-06
5.998150789610079414e-06
5.998222440961598068e-06
5.998282961994227946e-06
5.998309579147154125e-06
5.998372413107411205e-06
5.998378825644579138e-06
5.998401372719897040e-06
5.998432125564612249e-06
5.998432835441214195e-06
5.998403513229888517e-06
5.998405607776646775e-06
5.998377467064663904e-06
5.998339383861406304e-06
5.998291079167827888e-06
5.998232174730944166e-06
5.998162221354519374e-06
5.998059974809955008e-06
5.997986842087854598e-06
5.997879972019504180e-06
5.997759148668180273e-06
5.997602362750598104e-06
5.997447374839204315e-06
5.997301374405239471e-06
5.997088121434401842e-06
5.996901643379182190e-06
5.996646048167519893e-06
5.996382554274148902e-06
5.996117256268362894e-06
5.995794355229122630e-06
5.995434015027001351e-06
5.995031060912481280e-06
5.994579298285174218e-06
5.994071279769030980e-06
5.993497970702144073e-06
5.992824835709953391e-06
5.992108837560294887e-06
5.991262575166800275e-06
5.990288389212672371e-06
5.989159427954859893e-06
5.987841167121032981e-06
5.986230324772634503e-06
5.984409908843524306e-06
5.982222453404517637e-06
5.979519018595169655e-06
5.976140157626375071e-06
5.971978555119328291e-06
5.966592175665752507e-06
5.959516207187931514e-06
5.949891784595706667e-06
5.936537129214158881e-06
5.916800572713931672e-06
5.886229099361095507e-06
5.834967392259748920e-06
5.738260170251585635e-06
5.523653787031790330e-06
4.886636484235928890e-06
1.528346815549141979e-06
3.401784157075482540e-05
0.000000000000000000e+00
