0.000000000000000000e+00
6.905351295327655237e-06
1.321253020014623303e-05
1.894037350513855245e-05
2.417817245370379453e-05
2.892887705541191679e-05
3.324640419233304556e-05
3.720850759025839949e-05
4.075220437260718143e-05
4.388913403363670085e-05
4.696228530587376326e-05
4.964230940407432513e-05
5.196498408122085522e-05
5.429926563027542841e-05
5.622705014007856050e-05
5.815532036579362796e-05
5.981333462223847874e-05
6.134569122207000902e-05
6.262716647709165585e-05
6.387986877853801815e-05
6.510919583624374951e-05
6.613201697436288384e-05
6.705271935203427347e-05
6.779540936163730436e-05
6.853196856881904608e-05
6.926615297486726774e-05
6.975717302215578286e-05
7.025432198481951218e-05
7.075993301397520696e-05
7.110676587818165473e-05
7.132296929035497612e-05
7.162627247681019327e-05
7.170555439528492059e-05
7.188224152709921100e-05
7.183691855461304954e-05
7.180970491749150142e-05
7.171243367465329754e-05
7.164873545251193576e-05
7.143344324767042508e-05
7.115320436024141770e-05
7.080618156174445232e-05
7.039007887843506950e-05
6.989318236150232622e-05
6.924804505847870217e-05
6.868729787534721964e-05
6.796125841557199010e-05
6.714703185595194412e-05
6.623768622993075894e-05
6.523761039811670770e-05
6.411857954902178136e-05
6.288209199789562831e-05
6.151843391966060892e-05
6.001665084776064418e-05
5.836440516115981580e-05
5.654781815001008738e-05
5.444485689720668375e-05
5.235813017701040906e-05
4.984700133991992743e-05
4.727791539504977436e-05
4.438443845411477184e-05
4.118085462245790751e-05
3.754620045648415783e-05
3.371027696619233183e-05
2.946920279101039597e-05
2.476076872182098043e-05
1.956957642734735714e-05
1.393036101204891963e-05
7.719778589265757773e-06
8.612829381915432236e-07
6.579460390954139370e-06
1.469346517368741445e-05
2.329156830815914958e-05
3.274160533972558795e-05
4.279709581656021555e-05
5.380051060033252952e-05
6.448932845670718450e-05
7.578821643994260171e-05
8.695800053115654293e-05
9.771256379342840859e-05
1.078655371226089343e-04
1.164021637667378428e-04
1.232198733738254504e-04
1.282275571115043533e-04
1.308997387314825289e-04
1.311280612888987562e-04
1.289730360928276198e-04
1.240111459330783816e-04
1.173464956344405508e-04
1.087070908165621574e-04
9.921886217978403977e-05
8.827711244396851953e-05
7.709697259683512272e-05
6.583807690629939202e-05
5.489531823021920331e-05
4.404227395771176390e-05
3.391742134140063314e-05
2.438962257245158582e-05
1.578819610958959174e-05
7.518311332832539051e-06
0.000000000000000000e+00
