0.000000000000000000e+00
6.168437430842388380e-07
7.190258776157421039e-07
7.515746200947859279e-07
7.656819849266582878e-07
7.730221956991911725e-07
7.773397708854545840e-07
7.800795094325962964e-07
7.819474394654690741e-07
7.832736564905573573e-07
7.842441237526642794e-07
7.849753040911622293e-07
7.855474071227774857e-07
7.860053228281316251e-07
7.863670065111350027e-07
7.866715830973092238e-07
7.869129917681405573e-07
7.871263950631757211e-07
7.872999681080017353e-07
7.874551385400607728e-07
7.875864638240415161e-07
7.877031573677584220e-07
7.877956033075506070e-07
7.878861736365649904e-07
7.879624992490619206e-07
7.880308988683637494e-07
7.880913120983379372e-07
7.881447721125312000e-07
7.881962127420649722e-07
7.882332115904944203e-07
7.882780136414524463e-07
7.883099505390234185e-07
7.883380369611003857e-07
7.883693320387408221e-07
7.883973799360788348e-07
7.884200505792193781e-07
7.884344949138366587e-07
7.884554126258436213e-07
7.884719420703234505e-07
7.884889826614838171e-07
7.885015554931484871e-07
7.885067179191906916e-07
7.885192078171954222e-07
7.885271596785869974e-07
7.885337138802128720e-07
7.885416155595237342e-07
7.885455057810020207e-07
7.885481162483998219e-07
7.885467669943579949e-07
7.885468619184266004e-07
7.885453495726224560e-07
7.885402301122113045e-07
7.885422795839147625e-07
7.885372770299881040e-07
7.885282250486014277e-07
7.885231938509207339e-07
7.885082232705897809e-07
7.884974951855028280e-07
7.884909648536719828e-07
7.884769300803284864e-07
7.884610569997008156e-07
7.884432096094684539e-07
7.884204661356974952e-07
7.884009233238842285e-07
7.883729074009693250e-07
7.883484146598007669e-07
7.883144521603213661e-07
7.882834461847565422e-07
7.882453708640824175e-07
7.882029554595604282e-07
7.881556175481918558e-07
7.880993463382779396e-07
7.880433424700683531e-07
7.879736036997542215e-07
7.878947736461583418e-07
7.878159601348855290e-07
7.877156745772495583e-07
7.876076465462844567e-07
7.874796771334402479e-07
7.873241610889536446e-07
7.871507820000900324e-07
7.869542585359212694e-07
7.867037714603952736e-07
7.864156407189071274e-07
7.860649756663562471e-07
7.856261122762830951e-07
7.850698602318573194e-07
7.843668666795977629e-07
7.834318755950420154e-07
7.821803494900692044e-07
7.804031095792751671e-07
7.778362797195015332e-07
7.738229871323554221e-07
7.670761082989585589e-07
7.543720653702123968e-07
7.261803806057898214e-07
6.424140089889007754e-07
2.013219768670637677e-07
4.467023848264695118e-06
6.661338147750939243e-16
