0.000000000000000000e+00
5.405101111133348013e-08
1.141751109212663096e-07
1.771009049411631509e-07
2.408539342413362760e-07
3.037602477329315320e-07
3.642620255428496989e-07
4.217066703615657275e-07
4.757293504686899155e-07
5.261371673892512035e-07
5.726755609725131535e-07
6.154709570882488379e-07
6.548031603603732265e-07
6.903696277982263041e-07
7.230256425794223674e-07
7.526463616791545519e-07
7.791121371392151218e-07
8.032871759988680083e-07
8.249104039848020875e-07
8.441534388170524039e-07
8.616448518017350011e-07
8.773941486683867197e-07
8.913750870753744948e-07
9.032974035427798754e-07
9.139238453803599782e-07
9.235204633251115069e-07
9.322986950222045266e-07
9.392798903107291153e-07
9.452826235101241537e-07
9.501079055729277911e-07
9.539748234699274576e-07
9.569616506999167882e-07
9.594327015083337074e-07
9.610408742144471717e-07
9.613689104792655371e-07
9.606167556963640664e-07
9.592907276312345743e-07
9.576237129937936743e-07
9.545670023314301034e-07
9.507460777546938857e-07
9.455513955147765159e-07
9.401839974332304450e-07
9.332315805687940724e-07
9.248880699086470258e-07
9.155384469439198369e-07
9.049534780425361191e-07
8.926224729366438737e-07
8.793527931372224771e-07
8.637591788485110555e-07
8.467932632871821852e-07
8.275850584826827117e-07
8.061651708413108963e-07
7.824138350542853004e-07
7.561975595704595321e-07
7.270835745698533970e-07
6.946204585966953005e-07
6.592393045901090431e-07
6.208822097564237197e-07
5.785551763226592925e-07
5.322445395528063727e-07
4.825689822185452726e-07
4.290471103951531973e-07
3.719699273041499055e-07
3.118380719202562545e-07
2.495022771720201149e-07
1.855105034032078493e-07
1.223318811804929851e-07
6.149280007416990657e-08
6.785650596974335258e-09
3.819035343521903769e-08
6.917206418766141951e-08
7.897909670706582119e-08
6.125177309801443926e-08
9.769099196255126571e-09
8.331991530052818007e-08
2.232813683944456784e-07
4.118946126396849650e-07
6.478877913052016879e-07
9.203245207034527198e-07
1.213059268478922093e-06
1.503422348614336101e-06
1.760225617597477310e-06
1.954964023997973754e-06
2.063001503960215643e-06
2.068590083004195890e-06
1.972822362694692799e-06
1.788429478954967067e-06
1.535638959437868323e-06
1.248336766179747315e-06
9.546895232137586618e-07
6.778197200185687166e-07
4.372260006269002020e-07
2.424505388676223561e-07
9.660408661904540395e-08
2.021763312320956629e-09
5.826409266163068423e-08
7.976307847545882623e-08
7.217043174190251875e-08
4.383038365585179008e-08
0.000000000000000000e+00
