0.000000000000000000e+00
3.556367533796844782e-09
7.512303001888653853e-09
1.165256735546904565e-08
1.584725828340793896e-08
1.998622101151426023e-08
2.396697551532156467e-08
2.774657914539346848e-08
3.130103143345053240e-08
3.461763353751479144e-08
3.767964917855692875e-08
4.049539059636231286e-08
4.308326317925548210e-08
4.542337495028192507e-08
4.757198646121452157e-08
4.952089560639194588e-08
5.126221391815732886e-08
5.285281945432984685e-08
5.427552418613146301e-08
5.554162274545859646e-08
5.669247415962530567e-08
5.772870370623905956e-08
5.864857854920302316e-08
5.943301439881309989e-08
6.013218400990893997e-08
6.076359460038815996e-08
6.134115382305793673e-08
6.180048439663465842e-08
6.219543369212487960e-08
6.251291850833951003e-08
6.276734521026838820e-08
6.296386334536663298e-08
6.312644285078050643e-08
6.323224999160714788e-08
6.325383450356270032e-08
6.320435330664508911e-08
6.311710321060814977e-08
6.300741428599820892e-08
6.280630215904636771e-08
6.255489937156966107e-08
6.221311887877334357e-08
6.185996381802283395e-08
6.140252473141316614e-08
6.085355896967570288e-08
6.023839949076403855e-08
5.954195592128286307e-08
5.873064157224661130e-08
5.785755041731732717e-08
5.683156467650718469e-08
5.571528516323809299e-08
5.445147410743089722e-08
5.304214445445154524e-08
5.147942128136406836e-08
4.975450595967600975e-08
4.783893747806189367e-08
4.570301881390292920e-08
4.337510128848975910e-08
4.085137073062128366e-08
3.806643722459313040e-08
3.501940593064745144e-08
3.175096985330583266e-08
2.822946421066063749e-08
2.447403069094633565e-08
2.051759862009561175e-08
1.641615965386478138e-08
1.220575251981159681e-08
8.048835820062549828e-09
4.045841439648256710e-09
4.462813452121849878e-10
2.513031227557860348e-09
4.551595322865864546e-09
5.196996721856805834e-09
4.030780376140796761e-09
6.436337018911331143e-10
5.480966458470959424e-09
1.468956922767716833e-08
2.709918600629634966e-08
4.262614605732295558e-08
6.055089718515205277e-08
7.981114280575241082e-08
9.891534136219348738e-08
1.158115038313312084e-07
1.286241665399145973e-07
1.357323852202441117e-07
1.361001683575224774e-07
1.297992717752549652e-07
1.176673429803543058e-07
1.010352798092029047e-07
8.213250157762530534e-08
6.281225173321303146e-08
4.459585378757680019e-08
2.876620630587467531e-08
1.595113419128324495e-08
6.355332482499420621e-09
1.335997978912928374e-10
3.833932948893448156e-09
5.248329548734886885e-09
4.748652693287169768e-09
2.883913663431769692e-09
0.000000000000000000e+00
