0.000000000000000000e+00
4.057404301427425253e-09
8.570676501840068795e-09
1.329423970908294450e-08
1.807989613578087074e-08
2.280198418969092700e-08
2.734356518985237017e-08
3.165566231366767624e-08
3.571088547094092291e-08
3.949474991493673315e-08
4.298815692305169023e-08
4.620058802196069792e-08
4.915305851227458334e-08
5.182284934512892960e-08
5.427417004710832771e-08
5.649764711623816993e-08
5.848428974442043682e-08
6.029898103054875946e-08
6.192212620437231863e-08
6.336659785777243314e-08
6.467958568734388791e-08
6.586179990275553564e-08
6.691127407698616025e-08
6.780622041624440044e-08
6.860389989427062574e-08
6.932425389294394336e-08
6.998318857753815792e-08
7.050722750090443469e-08
7.095782006416584409e-08
7.132003043697210387e-08
7.161030923796829484e-08
7.183451522507766640e-08
7.201998708517010073e-08
7.214070429917285310e-08
7.216532815768061937e-08
7.210888064435039269e-08
7.200934437623374151e-08
7.188418948977925993e-08
7.165475168768864478e-08
7.136792201656305679e-08
7.097799703537077676e-08
7.057508011332203068e-08
7.005319802022569320e-08
6.942688857147771841e-08
6.872506486121920943e-08
6.793050100206698971e-08
6.700488808242255345e-08
6.600878643681085123e-08
6.483825654157726603e-08
6.356470949597792242e-08
6.212284853202021395e-08
6.051496381775933742e-08
5.873208142048724767e-08
5.676414538413609989e-08
5.457870289049537860e-08
5.214187059898733878e-08
4.948597820408906500e-08
4.660668351252894581e-08
4.342939941004431148e-08
3.995307429338623706e-08
3.622416533399785976e-08
3.220652977642401993e-08
2.792199960133245895e-08
2.340815974388732457e-08
1.872887578358017890e-08
1.392527693155898305e-08
9.182703597510055715e-09
4.615736348689836177e-09
5.090498023108125381e-10
2.867186044142044921e-09
5.192953622668028402e-09
5.929265856075005559e-09
4.598726399684949229e-09
7.343248231705956641e-10
6.253180639959055043e-09
1.675921279531422670e-08
3.091721012538073410e-08
4.863171865210347278e-08
6.908177785369673529e-08
9.105543263832061029e-08
1.128510064285492831e-07
1.321274372134695341e-07
1.467450887471244414e-07
1.548546327834188219e-07
1.552742814325824838e-07
1.480857969582416445e-07
1.342448039398647097e-07
1.152697228778976068e-07
9.370397813235342710e-08
7.166188520368876880e-08
5.087911136847367288e-08
3.281928406817513633e-08
1.819870698582803925e-08
7.250935407654424125e-09
1.522550974186742678e-10
4.373962636528005987e-09
5.987675022467442432e-09
5.417633452964309981e-09
3.290200334404858040e-09
2.220446049250313081e-16
