0.000000000000000000e+00
9.844065776087873587e-06
1.114629019260959808e-05
1.141903071266714420e-05
1.149300179836831859e-05
1.151411615452069270e-05
1.151881833860723958e-05
1.151795024934010314e-05
1.151528529674816781e-05
1.151214934114186406e-05
1.150898719681769933e-05
1.150607629241129359e-05
1.150353204304455090e-05
1.150121473925125315e-05
1.149920841636564717e-05
1.149746391004846657e-05
1.149593543170457366e-05
1.149458522098356639e-05
1.149338369976771190e-05
1.149226839158856706e-05
1.149132648614603625e-05
1.149046811799170342e-05
1.148973723175128470e-05
1.148898641878393079e-05
1.148836403985775689e-05
1.148780377724367696e-05
1.148734783529281600e-05
1.148683847040921080e-05
1.148644115311903136e-05
1.148605591905216272e-05
1.148571274667276043e-05
1.148541277884440603e-05
1.148511120230288896e-05
1.148484173119079799e-05
1.148460525413064204e-05
1.148442950327233092e-05
1.148419934016153832e-05
1.148404258521917853e-05
1.148386862648287376e-05
1.148377386817056589e-05
1.148363732161872264e-05
1.148351064805819277e-05
1.148346409074463281e-05
1.148334692124830525e-05
1.148335813816458995e-05
1.148326530153731539e-05
1.148322871191709282e-05
1.148320618649112390e-05
1.148322676858271052e-05
1.148322541044688450e-05
1.148320355581766705e-05
1.148323490229863353e-05
1.148327165489959611e-05
1.148328022693156925e-05
1.148336508749459028e-05
1.148343732015888463e-05
1.148349461221886969e-05
1.148359671643284230e-05
1.148371583448160038e-05
1.148387848171061876e-05
1.148405644824102012e-05
1.148420019336793274e-05
1.148441515930187506e-05
1.148461837519043627e-05
1.148482763602132195e-05
1.148508482673449294e-05
1.148537211181910322e-05
1.148565424669012458e-05
1.148600295231005930e-05
1.148638864456597020e-05
1.148679436280275468e-05
1.148727131228266529e-05
1.148778840664999024e-05
1.148829899233483331e-05
1.148889250468521084e-05
1.148961194852304857e-05
1.149039316550304335e-05
1.149116514986836535e-05
1.149217545082237280e-05
1.149325681337742822e-05
1.149440986436545131e-05
1.149573658465463666e-05
1.149726232307912710e-05
1.149898434149587700e-05
1.150090565071870685e-05
1.150318020071150471e-05
1.150565408103432219e-05
1.150853915332650246e-05
1.151162479939848993e-05
1.151482941685877393e-05
1.151767332363551333e-05
1.151907274776764467e-05
1.151546805000513984e-05
1.149827815927206842e-05
1.143710745510340132e-05
1.121629525691059115e-05
1.020873355650486758e-05
3.042711906764417051e-06
6.618302786431939921e-05
3.330669073875469621e-16
