0.000000000000000000e+00
2.780859865447737889e-05
3.149687941061962704e-05
3.226968292069365418e-05
3.247929463612297951e-05
3.253911660516806137e-05
3.255242716337924946e-05
3.254995290324913526e-05
3.254238819194732457e-05
3.253349040277520032e-05
3.252451978841275348e-05
3.251626254729966803e-05
3.250904568008472495e-05
3.250247276531670337e-05
3.249678202665862159e-05
3.249183398268407075e-05
3.248749869599887319e-05
3.248366908681354914e-05
3.248026122881775279e-05
3.247709791542874314e-05
3.247442641796105534e-05
3.247199187383920105e-05
3.246991889094275052e-05
3.246778941412564734e-05
3.246602420137190137e-05
3.246443517346264684e-05
3.246314202087763334e-05
3.246169734816284347e-05
3.246057048111872234e-05
3.245947787089420444e-05
3.245850456834453723e-05
3.245765379511489357e-05
3.245679846775040289e-05
3.245603418644549265e-05
3.245536349627542450e-05
3.245486502923000671e-05
3.245421224762345958e-05
3.245376766058960527e-05
3.245327427425781508e-05
3.245300552201513256e-05
3.245261824713630006e-05
3.245225897097192558e-05
3.245212694091836880e-05
3.245179461663916243e-05
3.245182642819255392e-05
3.245156312448038705e-05
3.245145936281446097e-05
3.245139546181885493e-05
3.245145384767056385e-05
3.245144999575177991e-05
3.245138800811453450e-05
3.245147691366412346e-05
3.245158113984736303e-05
3.245160544929071023e-05
3.245184613742679858e-05
3.245205100466108661e-05
3.245221350534066573e-05
3.245250308614444634e-05
3.245284093167377648e-05
3.245330223056175356e-05
3.245380697358690725e-05
3.245421466557818491e-05
3.245482435509927654e-05
3.245540070928587539e-05
3.245599421930478456e-05
3.245672365603802234e-05
3.245753846403687248e-05
3.245833865006542140e-05
3.245932765894021799e-05
3.246042155535810991e-05
3.246157225944568125e-05
3.246292500058700625e-05
3.246439158155478566e-05
3.246583972338346058e-05
3.246752305341438216e-05
3.246956357583208330e-05
3.247177930498779119e-05
3.247396883943043377e-05
3.247683432128223302e-05
3.247990135124556588e-05
3.248317175463810713e-05
3.248693472546193561e-05
3.249126223225928811e-05
3.249614650291388074e-05
3.250159611500880175e-05
3.250804776355753489e-05
3.251506504231560513e-05
3.252324897073943788e-05
3.253200256458921302e-05
3.254109495387513817e-05
3.254916694284126777e-05
3.255314756533955745e-05
3.254294821708469954e-05
3.249425237106251529e-05
3.232092855842694235e-05
3.169531721647356193e-05
2.884192023078213651e-05
8.599525004426844532e-06
1.926586112039885279e-04
2.220446049250313081e-16
