0.000000000000000000e+00
5.081729136824364446e-06
6.275126569366129559e-06
7.136671936081029344e-06
7.813613446705502952e-06
8.337865383123421736e-06
8.743784590037328996e-06
9.058237459114160117e-06
9.304803737508748895e-06
9.497525717661048361e-06
9.650913602499144872e-06
9.772177893330180609e-06
9.869250740313084691e-06
9.948002022364121899e-06
1.001143498013945532e-05
1.006332604436277478e-05
1.010581316129854912e-05
1.013943397254468692e-05
1.016781848495185159e-05
1.019128113344258679e-05
1.021124295097486367e-05
1.022690033802842180e-05
1.024082798972703046e-05
1.025266745080521957e-05
1.026261228576075268e-05
1.027066359271522344e-05
1.027686367982560967e-05
1.028237445810376016e-05
1.028619710896627737e-05
1.029071019575944490e-05
1.029330358104374454e-05
1.029556483311822035e-05
1.029780004258018522e-05
1.029992611345509346e-05
1.030131365054032244e-05
1.030311166072550577e-05
1.030453117800700369e-05
1.030542955648972026e-05
1.030550252023587632e-05
1.030597336648675366e-05
1.030652804023812763e-05
1.030719233208188257e-05
1.030721634354136995e-05
1.030745937069532658e-05
1.030737075646825929e-05
1.030694664705400498e-05
1.030652380085150810e-05
1.030592118944628766e-05
1.030486751751880092e-05
1.030451727301873177e-05
1.030322983530673753e-05
1.030130953449948095e-05
1.029974315502890647e-05
1.029788206630133374e-05
1.029602371216409296e-05
1.029339929403683129e-05
1.029030517651907672e-05
1.028617254994479424e-05
1.028120987833780475e-05
1.027587140167707247e-05
1.026934587877725846e-05
1.026200985076997085e-05
1.025175141955436686e-05
1.023980549208491908e-05
1.022617668589020923e-05
1.020962756559384843e-05
1.019031716542606603e-05
1.016571349055084283e-05
1.013710487107744029e-05
1.010319503402801189e-05
1.006053481622526391e-05
1.000685585861305071e-05
9.942242920502053494e-06
9.863253461861454241e-06
9.763208362767450410e-06
9.639281940865274123e-06
9.483626037032344414e-06
9.286611898473573490e-06
9.035103044063852451e-06
8.712844988711943017e-06
8.297892623798652778e-06
7.761653880389296489e-06
7.068915477526083180e-06
6.184159156541468860e-06
5.047075707809156597e-06
8.807985963810160968e-06
2.301330515597221904e-06
1.260339608233351782e-06
1.379045302285497598e-06
4.196612482298966995e-06
1.077962824957978683e-05
1.910951736294741465e-05
2.288850463649794165e-05
1.841104041999663821e-05
1.005196792247531334e-05
3.783397245715747204e-06
1.294745740842984105e-06
1.330390046350160560e-06
2.318614863217050015e-06
5.958123253069994713e-09
