0.000000000000000000e+00
2.898576267895691672e-09
4.221861416020544766e-09
4.258607022578075885e-09
3.334793774456557003e-09
1.974537755522476346e-09
2.774069862709893641e-10
1.675301342096702228e-09
3.627089961710794341e-09
5.658815749320922350e-09
7.559390224898265842e-09
9.282392521292592846e-09
1.095255375282988552e-08
1.237472035953146587e-08
1.370129565358979562e-08
1.499458512910223362e-08
1.619738732028253025e-08
1.718221886992665759e-08
1.806370686363578670e-08
1.871670463060581824e-08
1.927624193598376223e-08
1.995634124618561600e-08
2.046184965909247921e-08
2.098160678531968415e-08
2.129075515888700920e-08
2.152804334798474883e-08
2.188416881043764306e-08
2.195120996084654053e-08
2.214583405546477479e-08
2.233953655395026772e-08
2.253982867017612080e-08
2.262934251096027083e-08
2.261275477977164883e-08
2.270701981998968222e-08
2.264669307638911278e-08
2.272009225201543359e-08
2.262103504513390817e-08
2.265389342781531923e-08
2.256080877671706730e-08
2.236132190525097485e-08
2.223764317133003487e-08
2.210968530480528216e-08
2.178384206352745878e-08
2.171859847521773190e-08
2.141224997309620903e-08
2.095735296414602544e-08
2.048577429913933656e-08
2.001013854613375997e-08
1.942588068182260486e-08
1.885800571255202840e-08
1.805548821565139406e-08
1.716292041820111081e-08
1.623707390763229341e-08
1.523980408535408060e-08
1.395807558424166928e-08
1.255473436323484293e-08
1.107722447102332808e-08
9.475467410702265170e-09
7.738340301877144611e-09
5.904634892139881686e-09
3.952585703181910048e-09
1.839639551803884387e-09
3.391220637638525659e-11
1.730490195583911373e-09
3.105911305922859356e-09
4.167008849087494582e-09
4.278388532341637074e-09
3.223949662789493686e-09
4.581575119289027498e-10
4.387462393395935578e-09
1.212605094114138637e-08
2.387129582892555391e-08
4.003800946339453048e-08
6.175490274706874061e-08
8.984623767194221955e-08
1.250300707411611256e-07
1.670920302121459144e-07
2.146012795245511029e-07
2.670060774700999673e-07
3.209156811401214782e-07
3.717850540763123490e-07
4.170827950789046668e-07
4.503277648559844692e-07
4.692764026259510501e-07
4.704554181778064503e-07
4.530182480255717792e-07
4.217517497462353049e-07
3.775993528964960433e-07
3.268425297076049674e-07
2.731359580732117820e-07
2.201707225424343051e-07
1.715334376761745716e-07
1.291064035680022926e-07
9.338392858992961010e-08
6.470531965785397688e-08
4.231438599511250231e-08
2.550440503235051892e-08
1.341002731081175625e-08
5.245713419199660166e-09
0.000000000000000000e+00
