0.000000000000000000e+00
9.001355216753381683e-12
3.667166570409108317e-11
8.209455337748750026e-11
1.464848242704874792e-10
2.270282850602711733e-10
3.226168221459602137e-10
4.319982149780798864e-10
5.541556102883760104e-10
6.855730427801631777e-10
8.256031414077824593e-10
9.676999201957414698e-10
1.114615399977481047e-09
1.263318005761959739e-09
1.414281802780692487e-09
1.557429074594551821e-09
1.691923490199087610e-09
1.820153916476385803e-09
1.940787086596174049e-09
2.046305347391808027e-09
2.140099875092005277e-09
2.215021610574297029e-09
2.276166255477107825e-09
2.318395808664774904e-09
2.339627713787706398e-09
2.346197791602833149e-09
2.332509185798414819e-09
2.301185464403943115e-09
2.245925778687762886e-09
2.178897173799043685e-09
2.096135487406058928e-09
1.997048859614380945e-09
1.882993649893194288e-09
1.758125312001368457e-09
1.626956902534004712e-09
1.485445544346930546e-09
1.336946220398260721e-09
1.189988219074678000e-09
1.042780861659764469e-09
8.971446918693004591e-10
7.551278491391144598e-10
6.192328871890140363e-10
4.925155838719774692e-10
3.763885869645378079e-10
2.749585004124810439e-10
1.871841570633137053e-10
1.140372241081877291e-10
5.847322626095774467e-11
2.180067237844696137e-11
3.299027717673652660e-12
4.430456002069149690e-12
2.383282460272084791e-11
6.065359325901908960e-11
1.158748652585472882e-10
1.890338996446416786e-10
2.758092643162513014e-10
3.785680657841794527e-10
4.933858877009811295e-10
6.192747425970424047e-10
7.540776891801215243e-10
8.957493635719515623e-10
1.045431186064149642e-09
1.193854015646422795e-09
1.341019406631005495e-09
1.487947431932923337e-09
1.630636625726822331e-09
1.760900536496023960e-09
1.882339728531690071e-09
1.998639920230971256e-09
2.100149498751591182e-09
2.182484304391607566e-09
2.247388386500404067e-09
2.299514578751882254e-09
2.336888016429838899e-09
2.347757321885524107e-09
2.341681848427867862e-09
2.319508252135449311e-09
2.274818555747515347e-09
2.215983396780529802e-09
2.139287857971794438e-09
2.050030256661727890e-09
1.944147842714016861e-09
1.822518691518837386e-09
1.695000917401046081e-09
1.557385220785079127e-09
1.414662165188929066e-09
1.266279636702449807e-09
1.117454240251447573e-09
9.685404700476851758e-10
8.238949522620941934e-10
6.859730561359356216e-10
5.532009295095008383e-10
4.312947776696773872e-10
3.226588995985935071e-10
2.279577637764873543e-10
1.473754451808417798e-10
8.233302928317698388e-11
3.620537203374851742e-11
9.351963647930006118e-12
1.110223024625156540e-16
