0.000000000000000000e+00
1.555790190665984341e-05
1.746492995347015409e-05
1.790233920806461043e-05
1.803903375352522431e-05
1.808981909900975182e-05
1.811028581566453965e-05
1.811873611812231388e-05
1.812193522243710220e-05
1.812270434953244802e-05
1.812231113917928127e-05
1.812151624269731087e-05
1.812043626736592472e-05
1.811926437900179820e-05
1.811818220209815422e-05
1.811709000232308853e-05
1.811609236157529779e-05
1.811522559524991749e-05
1.811442805688123769e-05
1.811365378867613174e-05
1.811297769349629050e-05
1.811231836978954846e-05
1.811175442301138361e-05
1.811119505790159678e-05
1.811070766699618417e-05
1.811030931564427959e-05
1.810986624339872009e-05
1.810952659131448428e-05
1.810920432954166159e-05
1.810894109011140785e-05
1.810863018270048030e-05
1.810840680871450559e-05
1.810815365521634135e-05
1.810796441337192419e-05
1.810775837418621137e-05
1.810760555176482711e-05
1.810747579378269023e-05
1.810730649254299607e-05
1.810720709349844526e-05
1.810706747618073820e-05
1.810698216997419507e-05
1.810687015291190249e-05
1.810683924052813865e-05
1.810673479396562868e-05
1.810672726298978574e-05
1.810664749124502038e-05
1.810665243529019364e-05
1.810659993184415839e-05
1.810660812229247796e-05
1.810661445866834640e-05
1.810662774359705907e-05
1.810662294265963368e-05
1.810664597745592630e-05
1.810671999080692984e-05
1.810672483404385247e-05
1.810679246305735290e-05
1.810686839232023004e-05
1.810698506954366849e-05
1.810708174698749673e-05
1.810719066508426067e-05
1.810730096474255646e-05
1.810743972452399930e-05
1.810760660192478610e-05
1.810777512878392059e-05
1.810794775991553252e-05
1.810813469504957141e-05
1.810838872828846036e-05
1.810860799134061949e-05
1.810885828112951401e-05
1.810917225508745787e-05
1.810948033964532300e-05
1.810985284966815101e-05
1.811022174313947630e-05
1.811064095613712510e-05
1.811114004468539207e-05
1.811167554344184083e-05
1.811223085901314533e-05
1.811289916375802278e-05
1.811358851466771114e-05
1.811431785980754938e-05
1.811511418525757477e-05
1.811598292200677918e-05
1.811693833320138225e-05
1.811802868056933136e-05
1.811914204497000469e-05
1.812024624048280685e-05
1.812133546130745287e-05
1.812222718278189149e-05
1.812268328615918023e-05
1.812221165831129355e-05
1.811948738528190717e-05
1.811211977464921574e-05
1.809416148557119186e-05
1.804990970533104644e-05
1.793310483322319016e-05
1.757146687186850187e-05
1.608293479560263251e-05
8.764998377375210481e-06
6.594595258768709556e-05
2.952499356112525675e-15
