0.000000000000000000e+00
1.775180393259745415e-05
1.992757372692999240e-05
2.042659921497325115e-05
2.058254839776285650e-05
2.064048753180891538e-05
2.066383722465481299e-05
2.067347782608308648e-05
2.067712760456252852e-05
2.067800502625338765e-05
2.067755642110036263e-05
2.067664953520065296e-05
2.067541740891076785e-05
2.067408042649709898e-05
2.067284577544903357e-05
2.067159971408383257e-05
2.067046153564344735e-05
2.066947264522944749e-05
2.066856274962614037e-05
2.066767940656077940e-05
2.066690804958248862e-05
2.066615585294417912e-05
2.066551244284120514e-05
2.066487428509233837e-05
2.066431823033454407e-05
2.066386373100748131e-05
2.066335826700349543e-05
2.066297074843070902e-05
2.066260308131173673e-05
2.066230274611058348e-05
2.066194806638055326e-05
2.066169320924515773e-05
2.066140440259989219e-05
2.066118848342846093e-05
2.066095342634355347e-05
2.066077905760188571e-05
2.066063101668902391e-05
2.066043786708160468e-05
2.066032445813270613e-05
2.066016518464941498e-05
2.066006786205498713e-05
2.065994007227622831e-05
2.065990477706503015e-05
2.065978564513848426e-05
2.065977702692123330e-05
2.065968603925938396e-05
2.065969166853420802e-05
2.065963178432550507e-05
2.065964110720130975e-05
2.065964834030431518e-05
2.065966349540371283e-05
2.065965802322544675e-05
2.065968430065012740e-05
2.065976873799613145e-05
2.065977428156173801e-05
2.065985142218895732e-05
2.065993805122623428e-05
2.066007115186785370e-05
2.066018145174819409e-05
2.066030571545862671e-05
2.066043156279118165e-05
2.066058987582053419e-05
2.066078025209083791e-05
2.066097251895993026e-05
2.066116948029605993e-05
2.066138275591544726e-05
2.066167256753459469e-05
2.066192272964784138e-05
2.066220829521903113e-05
2.066256649035924653e-05
2.066291798008546010e-05
2.066334295713900815e-05
2.066376383302870323e-05
2.066424211721873405e-05
2.066481150952981238e-05
2.066542244671953910e-05
2.066605601491744437e-05
2.066681844392626033e-05
2.066760491192809468e-05
2.066843702386300663e-05
2.066934553290877830e-05
2.067033666530715408e-05
2.067142667327992456e-05
2.067267062777489173e-05
2.067394083504758839e-05
2.067520061399541476e-05
2.067644328629381079e-05
2.067746063572073467e-05
2.067798099691930958e-05
2.067744291212036956e-05
2.067433485997138831e-05
2.066592936111888434e-05
2.064544140156776564e-05
2.059495608186523441e-05
2.046169758884719414e-05
2.004910872976939373e-05
1.835078503664711036e-05
9.704560471113232722e-06
7.504527119162052173e-05
6.054184931159056759e-16
