0.000000000000000000e+00
9.263845246465507444e-10
1.621275114160880548e-09
2.149555644592737735e-09
2.556306721857026787e-09
2.873894788812947354e-09
3.127003989078502855e-09
3.331414921703412801e-09
3.500571166270560752e-09
3.635938661261661764e-09
3.751934540829893194e-09
3.845791907153284228e-09
3.928769087835348728e-09
3.998832487361880794e-09
4.056736946367323071e-09
4.110387141764704211e-09
4.154954491575324482e-09
4.194864233753037297e-09
4.229521843868155884e-09
4.260104824460597683e-09
4.286734522906954226e-09
4.309677614777740473e-09
4.332704195419978532e-09
4.350316440415724628e-09
4.368542083632576123e-09
4.384315244188030647e-09
4.398059694210587622e-09
4.410383280806229322e-09
4.421006005728145283e-09
4.431319089448493287e-09
4.440154688367670133e-09
4.447610946201052684e-09
4.455021684890425604e-09
4.460205760281610310e-09
4.466194081231833479e-09
4.470327774619420325e-09
4.474919101937757659e-09
4.478309501010357963e-09
4.481500059938525737e-09
4.482724969001594673e-09
4.485313787050415613e-09
4.486379490131753300e-09
4.486896187927413848e-09
4.486872651199291795e-09
4.485891547112430544e-09
4.483808657695931288e-09
4.483507343167048020e-09
4.481260029720601779e-09
4.477453630080674429e-09
4.474977277624248018e-09
4.470885328622387078e-09
4.466125025359701795e-09
4.460223967939214162e-09
4.454391744346253290e-09
4.446900514487595046e-09
4.439354328589217857e-09
4.430422473333806010e-09
4.419999255489415191e-09
4.408839071601278192e-09
4.395330766016058988e-09
4.382484486420423764e-09
4.367423755979871203e-09
4.348577942181464095e-09
4.330764524773655921e-09
4.309084755682590639e-09
4.284743448934591470e-09
4.255696239852113649e-09
4.225928940115863952e-09
4.191322955371390435e-09
4.151401666874221519e-09
4.105250694941275924e-09
4.051905255764154390e-09
3.991200592246002543e-09
3.921549640573118722e-09
3.839450424258927796e-09
3.739610066055831794e-09
3.623912725458922068e-09
3.484133315190263147e-09
3.313687324535408152e-09
3.105854906593208398e-09
2.849070313004631316e-09
2.522509312541387771e-09
2.103955010213098831e-09
1.558084328223685588e-09
8.491503056262672544e-10
1.035832530860147926e-10
1.388262393930972394e-09
3.112370805524733441e-09
5.398317903804183970e-09
8.218632885359511420e-09
1.131293192457860641e-08
1.387902093252790792e-08
1.485901979236814441e-08
1.368738622442577935e-08
1.103996538631690782e-08
7.929033096765181199e-09
5.158254268167183909e-09
2.925235165207595855e-09
1.253226633579629379e-09
5.551115123125782702e-16
