0.000000000000000000e+00
1.326265146595062561e-07
1.645126186389234135e-07
1.788493582122185899e-07
1.864074935520321219e-07
1.908498736824526532e-07
1.937071558710812269e-07
1.956301890482237127e-07
1.970019744002016182e-07
1.980086608011077942e-07
1.987688701410306180e-07
1.993655152077167259e-07
1.998302040506771959e-07
2.002152146296509727e-07
2.005319410525174817e-07
2.007909606360769317e-07
2.010096764593072294e-07
2.011953710301384035e-07
2.013541557932541082e-07
2.014873478062284562e-07
2.016095198564826774e-07
2.017113137631199038e-07
2.018047919882803853e-07
2.018837415018737147e-07
2.019560576549395137e-07
2.020207843234089751e-07
2.020769930277666049e-07
2.021273799446277053e-07
2.021731101420343180e-07
2.022134129031627481e-07
2.022499033804692203e-07
2.022824721059635067e-07
2.023130136752371300e-07
2.023406731055388263e-07
2.023639336101723529e-07
2.023860266042731837e-07
2.024059329031047128e-07
2.024237236719628186e-07
2.024406557943336793e-07
2.024534055955484746e-07
2.024650052057097582e-07
2.024772620679016200e-07
2.024875191963815269e-07
2.024940330969116076e-07
2.025012417750104987e-07
2.025055505505690689e-07
2.025092056268107399e-07
2.025122004534196662e-07
2.025135580341341779e-07
2.025135479311046538e-07
2.025130786398321447e-07
2.025104852698689228e-07
2.025060406030121385e-07
2.025009828710011561e-07
2.024956053947590817e-07
2.024874290462719273e-07
2.024784628851250545e-07
2.024685474832921273e-07
2.024558554136746125e-07
2.024425581614863745e-07
2.024269731837335939e-07
2.024072616180205841e-07
2.023887754054598531e-07
2.023675494955412546e-07
2.023438662179799508e-07
2.023167652298596408e-07
2.022883214269910468e-07
2.022550251723487236e-07
2.022190502826148872e-07
2.021799814233560255e-07
2.021344180924700140e-07
2.020849605433028273e-07
2.020288725201879743e-07
2.019658886798225694e-07
2.018974597506328905e-07
2.018150424554221445e-07
2.017250497754474736e-07
2.016267381943492865e-07
2.015098353735922387e-07
2.013710447279493110e-07
2.012199693535166034e-07
2.010332781354762233e-07
2.008251495100310535e-07
2.005671833060773679e-07
2.002638394005273881e-07
1.998948291337399041e-07
1.994418786788187958e-07
1.988695871313339580e-07
1.981355883806656948e-07
1.971699699065965206e-07
1.958661464129818341e-07
1.940313523185466238e-07
1.913648774998222279e-07
1.872233073019202720e-07
1.802807791939642357e-07
1.673338725360906665e-07
1.394064190751720389e-07
4.633478922766443020e-08
5.089488221088345199e-06
2.220446049250313081e-16
