0.000000000000000000e+00
1.877329403043859202e-10
3.555720162751185853e-10
5.085645238267488821e-10
6.478247938090930802e-10
7.744818120158925012e-10
8.854182942386046307e-10
9.942845435872982307e-10
1.085453060767349598e-09
1.175918917795115703e-09
1.253595671713014781e-09
1.322466469666494504e-09
1.391263215744231729e-09
1.447933106746290832e-09
1.501919588697830932e-09
1.550128247984616792e-09
1.598183585471701917e-09
1.637879498694871927e-09
1.673262084445070741e-09
1.708191144089710178e-09
1.739338117978661558e-09
1.766671364755723062e-09
1.791280790364169206e-09
1.813340921863471067e-09
1.833014517949038691e-09
1.850441688766579773e-09
1.864901677528507662e-09
1.876010902179814366e-09
1.889541190180921149e-09
1.899036816688237650e-09
1.907571323123136153e-09
1.913533442809978169e-09
1.917793035488557507e-09
1.919552294893378530e-09
1.920475223293749423e-09
1.917611958113241144e-09
1.917363268155725109e-09
1.911990232805749201e-09
1.908377456061316479e-09
1.900884893935028686e-09
1.888612932710032055e-09
1.879650768366047942e-09
1.867443644165689420e-09
1.851546027609174416e-09
1.833005858209446615e-09
1.814972172553552809e-09
1.794059012460991198e-09
1.768904689392059026e-09
1.742771038593105004e-09
1.711987884789323289e-09
1.677456840099011970e-09
1.643387426142339791e-09
1.603264077054689096e-09
1.555722439761098030e-09
1.509671387900368700e-09
1.454685372159758572e-09
1.398671511942950474e-09
1.334291233057172121e-09
1.263535387430181345e-09
1.185760489796905404e-09
1.100245117235942871e-09
1.005140637388990399e-09
8.996022815566107056e-10
7.888915076748048705e-10
6.603169122598728791e-10
5.224960464289551965e-10
3.734987874537409880e-10
2.087010564366664767e-10
2.691435962987043240e-11
1.715956265968543448e-10
3.875298970612561789e-10
6.211936520728045252e-10
8.771446902144930391e-10
1.141324479370098288e-09
1.421345152685660196e-09
1.720857123466146277e-09
2.012740307755223057e-09
2.306691393449966654e-09
2.598296022782164982e-09
2.862567294314999344e-09
3.087286759573260042e-09
3.276838134169679506e-09
3.407838344848812540e-09
3.478620391739184470e-09
3.484813881904358368e-09
3.419750371769225694e-09
3.293781691837693870e-09
3.112335389410247899e-09
2.885536698471469208e-09
2.626739603606154105e-09
2.341665972238615723e-09
2.048498703999257486e-09
1.749041467213885426e-09
1.457587717190733656e-09
1.177998032453331234e-09
9.035762138509539909e-10
6.504289329356538474e-10
4.190380265001181215e-10
1.965819729221607304e-10
0.000000000000000000e+00
