0.000000000000000000e+00
1.138242003018152815e-05
1.887066346639709735e-05
2.262100840744185604e-05
2.318157117620067709e-05
2.354119875547233676e-05
2.150109184306803201e-05
1.805757163786392283e-05
1.449027125410840000e-05
1.152392391734480270e-05
8.423441043681201279e-06
5.114828875774080075e-06
1.794359469231565640e-06
8.299106196707484173e-07
3.753859677435578135e-06
5.724817029317819106e-06
8.026907998948118461e-06
9.856397823582163653e-06
1.141736269971715956e-05
1.300161394235388457e-05
1.393285460238313789e-05
1.472292115012319158e-05
1.561352601253673811e-05
1.638783873458837803e-05
1.685139001594837538e-05
1.784004218041701506e-05
1.865603548989458460e-05
1.901226290590418699e-05
1.927190482786667047e-05
1.997853776447566787e-05
2.015155611234664690e-05
2.005352603240417864e-05
1.958497340226461603e-05
1.979507495297738728e-05
1.949460401895475314e-05
1.969196898865543943e-05
1.978212015885105757e-05
1.976594908714712773e-05
1.957056696910708382e-05
1.914185429408021832e-05
1.880700554202086039e-05
1.839500778666458558e-05
1.721069141258357860e-05
1.680600438636048466e-05
1.590912894500196018e-05
1.476346586504195812e-05
1.426876121535247677e-05
1.344515910606247644e-05
1.192737496247264772e-05
1.098803122956404366e-05
8.954820857054457406e-06
6.755422054971482737e-06
4.660650999577242715e-06
2.085561740305941214e-06
5.581078285077367696e-07
3.840751168993072895e-06
7.375582234403488258e-06
1.111910799744819656e-05
1.558933856038446919e-05
2.004628913421235836e-05
2.428622992023399263e-05
2.915483565646415087e-05
3.376585133574305786e-05
3.779983356144711593e-05
4.140035028310506959e-05
4.400906973001106337e-05
4.419691212698140248e-05
4.221307279483887953e-05
3.552254693661716090e-05
2.280084641204105367e-05
4.182874664970803735e-06
2.475402458979036879e-05
6.487577596381299827e-05
1.170506225225409480e-04
1.866935573813233162e-04
2.720992374036779182e-04
3.749255549333474491e-04
4.947118454683430144e-04
6.252890511257991335e-04
7.583805186629488659e-04
8.869379964512313919e-04
1.006386931637459625e-03
1.093405865147834000e-03
1.150310550598998560e-03
1.171797304791888372e-03
1.145590525409523330e-03
1.083802701994485140e-03
9.914515997903050604e-04
8.755705217928788642e-04
7.449080714080347221e-04
6.124207608064757835e-04
4.873964490320625842e-04
3.736766406963187848e-04
2.765715502014431948e-04
1.954266237422785935e-04
1.325191628281929823e-04
8.303375069085294768e-05
4.498059200441772987e-05
1.843008007640367651e-05
0.000000000000000000e+00
