0.000000000000000000e+00
1.445032965941006609e-05
1.684746407171200389e-05
1.760781612314410438e-05
1.793889475809606893e-05
1.811112942973203133e-05
1.821208220953440815e-05
1.827637677043192355e-05
1.831974449284512474e-05
1.835046824494313000e-05
1.837347001942823965e-05
1.839056028085650496e-05
1.840407070075045226e-05
1.841468555618952507e-05
1.842325462386718016e-05
1.843018895231196552e-05
1.843602164530722121e-05
1.844100044101626423e-05
1.844515054449935576e-05
1.844862295552474052e-05
1.845159756652670069e-05
1.845425640500941711e-05
1.845673436040584647e-05
1.845876960648862308e-05
1.846048367903918574e-05
1.846215422851571475e-05
1.846356712675856215e-05
1.846468039812254602e-05
1.846595293719666131e-05
1.846696175766826542e-05
1.846786702974778649e-05
1.846868035471072034e-05
1.846941157435111336e-05
1.847000350729821605e-05
1.847066000926211871e-05
1.847119053000056965e-05
1.847160123391589082e-05
1.847209068417399180e-05
1.847239599095384932e-05
1.847280344868806878e-05
1.847309766589422253e-05
1.847329010362663837e-05
1.847357408235605902e-05
1.847362471130153949e-05
1.847391337272963341e-05
1.847403505916833666e-05
1.847406275445884205e-05
1.847418709999271158e-05
1.847421859002551514e-05
1.847415750821923552e-05
1.847412209499132985e-05
1.847406546462426746e-05
1.847405058708062597e-05
1.847393353560100593e-05
1.847372154528681421e-05
1.847353202466539557e-05
1.847331685866926421e-05
1.847313829816954467e-05
1.847277740996133844e-05
1.847238450025656675e-05
1.847215004069369115e-05
1.847173248326061668e-05
1.847120003506397268e-05
1.847074296401629567e-05
1.847016142031421282e-05
1.846951429385068622e-05
1.846872832211854387e-05
1.846799411353572395e-05
1.846710326802725177e-05
1.846604297961462748e-05
1.846492526769161202e-05
1.846361676971497445e-05
1.846237590252819416e-05
1.846073361311262317e-05
1.845898042329707778e-05
1.845705525294061289e-05
1.845478210982243183e-05
1.845218081464317095e-05
1.844918630089509293e-05
1.844563688613298780e-05
1.844166375031264238e-05
1.843689139890969386e-05
1.843121612399301057e-05
1.842439196120260192e-05
1.841596985741045245e-05
1.840571001454627265e-05
1.839279251003578253e-05
1.837634249834962930e-05
1.835458906107589883e-05
1.832499552312238933e-05
1.828394141500933046e-05
1.822349784752486102e-05
1.812955854163522673e-05
1.797122002167306221e-05
1.767399520158363657e-05
1.701279316967951871e-05
1.505484241626220410e-05
4.722457492167819737e-06
1.017794220328216426e-04
1.750542288903034205e-08
