0.000000000000000000e+00
3.383862077210864072e-07
5.950634648366204260e-07
7.902173558838043732e-07
9.391852898721353426e-07
1.055955357265325745e-06
1.149879130135644800e-06
1.225414273164915357e-06
1.286534710431830320e-06
1.336478892666193019e-06
1.378452230471616247e-06
1.413731872679235835e-06
1.444008760675963288e-06
1.469539840148748056e-06
1.491099307693311005e-06
1.510121711345568940e-06
1.527057569172818319e-06
1.541169580732137945e-06
1.554262435532471898e-06
1.565494074484696796e-06
1.575442273971106033e-06
1.583989153064457867e-06
1.592155853491483697e-06
1.599186786438444585e-06
1.605195299458905822e-06
1.611107792176547093e-06
1.615841150770513934e-06
1.620681784997302088e-06
1.624737840710821501e-06
1.628369134087925829e-06
1.631348579334002125e-06
1.634506229475363170e-06
1.636773112712042177e-06
1.639340373116304761e-06
1.641327685764082389e-06
1.642497609033455319e-06
1.644531753108857686e-06
1.645776065095638785e-06
1.646796449872311996e-06
1.647344516020332605e-06
1.648196983117244940e-06
1.648588390024130490e-06
1.648522498176596685e-06
1.648476735449655450e-06
1.648559747491340488e-06
1.647892555300956019e-06
1.647533534376854902e-06
1.646708458591383817e-06
1.645667088934210653e-06
1.644400885569829995e-06
1.642899288945010028e-06
1.640889184417737567e-06
1.638874870923956450e-06
1.636841719498960401e-06
1.634244562009889989e-06
1.631320158845817048e-06
1.628039693279959010e-06
1.624369604047437576e-06
1.620270755786634709e-06
1.615382337671888990e-06
1.610596350287707423e-06
1.604904764640480153e-06
1.598549055681353082e-06
1.591154109470416245e-06
1.583481162414912546e-06
1.574542908389098272e-06
1.564176967394637074e-06
1.552757143641336768e-06
1.539549670526163538e-06
1.525572652982809529e-06
1.508418909113018458e-06
1.489540295773750245e-06
1.467267523036497323e-06
1.440920905815268327e-06
1.410613962971041246e-06
1.374757874650356371e-06
1.331549091432293608e-06
1.281205790015782497e-06
1.218911128808564115e-06
1.141195811737993893e-06
1.047213456839557466e-06
9.265718172724035639e-07
7.730651209181260697e-07
5.746948045226574209e-07
3.122401951438646961e-07
3.807754789253436911e-08
5.097180828528280472e-07
1.147004609847179779e-06
1.983348915435279025e-06
3.025654347732498195e-06
4.163048156979876069e-06
5.108937177866756940e-06
5.473053131921368220e-06
5.047426780424579817e-06
4.061086234741217993e-06
2.919014746693981976e-06
1.896090167874397991e-06
1.076106001973720083e-06
4.598391588617189996e-07
6.661338147750939243e-16
