0.000000000000000000e+00
2.652989050666576532e-09
3.828082850709790819e-09
3.831532091602696255e-09
3.038539198030321131e-09
1.790168235871192337e-09
2.163178525194098256e-10
1.506544555773814409e-09
3.274635562711125658e-09
5.076732034758890677e-09
6.820374820470931354e-09
8.339810064761365993e-09
9.814907442340370380e-09
1.121464676678840533e-08
1.242730285344606500e-08
1.358753520808164694e-08
1.453466602630015814e-08
1.552343420474500135e-08
1.623268464090443786e-08
1.685469930290395268e-08
1.745518540818835618e-08
1.789513259797814726e-08
1.844545116647111627e-08
1.878065236660120263e-08
1.917793468475537111e-08
1.937482596581219241e-08
1.965119378333213263e-08
1.980333286244473356e-08
1.997757914651288047e-08
2.010328947754658202e-08
2.024771483810638983e-08
2.033948687252262744e-08
2.038510515944835788e-08
2.041509716832479171e-08
2.039523594454806243e-08
2.046529379295947138e-08
2.038705360085657503e-08
2.036393820237236696e-08
2.026811929400906820e-08
2.012733868461680231e-08
2.002899257558254931e-08
1.993440590375428201e-08
1.965705453965682636e-08
1.960780171561538054e-08
1.928858373023700779e-08
1.888156531126838900e-08
1.845978825354421815e-08
1.796652726593350735e-08
1.745298672251038852e-08
1.705246355232503674e-08
1.626967294221515203e-08
1.564208196302985243e-08
1.472471433672239982e-08
1.370255786614649196e-08
1.267086602307898602e-08
1.144617289838834040e-08
1.006975913764307506e-08
8.579174037848247281e-09
6.969058441441688956e-09
5.341866726737976023e-09
3.561490102832465254e-09
1.824214779233557238e-09
1.060104226624503099e-10
1.490885637167593814e-09
2.719241609661082748e-09
3.684305860396364096e-09
3.670177939341101592e-09
2.677324584254847650e-09
3.294247097329616736e-10
4.256470731434092158e-09
1.122352277782567853e-08
2.175780944302374564e-08
3.636527545758383440e-08
5.577170669734954345e-08
8.114405924963818961e-08
1.126237973991806030e-07
1.506369934345386241e-07
1.932732877074627709e-07
2.403452907806524763e-07
2.891165509222304308e-07
3.348829412663789640e-07
3.752215707031325564e-07
4.054336240066902519e-07
4.233625471306012855e-07
4.221502510892705118e-07
4.083038258606563886e-07
3.791189022717134094e-07
3.397744614552777875e-07
2.938467054125482036e-07
2.455888071795087058e-07
1.980015226221709668e-07
1.544126503327802880e-07
1.161920918368863909e-07
8.394600392591655691e-08
5.784864209879003738e-08
3.793792191508771339e-08
2.277734445499390858e-08
1.200813848356574454e-08
4.654530760817010560e-09
0.000000000000000000e+00
