0.000000000000000000e+00
2.664074263747373550e-06
2.936786443696881577e-06
3.218402475191339818e-06
3.498111271649229082e-06
3.771739974456345124e-06
4.036854180600180086e-06
4.284128749421078908e-06
4.518721060331465367e-06
4.734630964620123450e-06
4.933486912772622190e-06
5.116870242183324535e-06
5.285819532963031975e-06
5.439874862567251057e-06
5.578687405471960403e-06
5.705309464643093520e-06
5.819641495596883374e-06
5.923168947763457481e-06
6.016470254999184419e-06
6.099572490425586579e-06
6.173784981355900925e-06
6.241734836764933902e-06
6.302135042268730558e-06
6.355647804823227887e-06
6.402376241942953072e-06
6.442385172222842016e-06
6.479473241838284991e-06
6.511014187249308804e-06
6.535590112100031490e-06
6.557343996460573976e-06
6.576041861383608023e-06
6.589872822981845957e-06
6.598874856877934292e-06
6.605030572592873739e-06
6.607008115500079271e-06
6.606198616698755188e-06
6.600059702766003511e-06
6.590814640605735519e-06
6.578416520075514029e-06
6.559722501520148796e-06
6.539162553664823463e-06
6.514050557737682823e-06
6.484837271281129745e-06
6.447279621513146708e-06
6.407035346378542329e-06
6.361597247206418615e-06
6.308614086014685540e-06
6.249837587013473694e-06
6.182793199749347934e-06
6.109436056167538709e-06
6.028567773763704452e-06
5.935667684919820886e-06
5.834411938687722454e-06
5.721375858414035065e-06
5.596611504121717928e-06
5.458810060754437643e-06
5.306501737134539098e-06
5.140993790453407541e-06
4.960329662462292788e-06
4.762230681243373454e-06
4.547920725461729319e-06
4.316797793890714274e-06
4.070061412342340645e-06
3.806121588678657019e-06
3.533958620294264108e-06
3.255072303032235936e-06
2.973176437937041783e-06
2.698413420376688521e-06
5.961560420264522264e-06
2.190329676410307513e-06
2.061358691518577757e-06
1.973769271024217176e-06
1.991897485620341968e-06
2.142267355842442100e-06
2.456430406194698435e-06
2.949432303944732325e-06
3.632618022719746875e-06
4.503186478377330104e-06
5.523499852055913095e-06
6.629079525422021391e-06
7.727625106590529924e-06
8.705961977217846481e-06
9.447172574117423949e-06
9.863368295337515690e-06
9.885701672485147640e-06
9.515697672379808125e-06
8.810398766656568625e-06
7.852068557800961912e-06
6.759279312928967443e-06
5.649604673974017999e-06
4.614707280081731255e-06
3.723747811545941033e-06
3.016759770324561885e-06
2.501747907168727636e-06
2.166121353064376365e-06
1.997601536407600520e-06
1.966308229350843817e-06
2.042876532049042737e-06
2.198022485466744058e-06
0.000000000000000000e+00
