0.000000000000000000e+00
1.754050424906949956e-07
1.933490367811430133e-07
2.118787598703875119e-07
2.302829159583907881e-07
2.482869494446759973e-07
2.657306785724955489e-07
2.820005700066019472e-07
2.974359949448057705e-07
3.116421131155178159e-07
3.247261317618210796e-07
3.367920859975725989e-07
3.479083516833014755e-07
3.580445718798230814e-07
3.671779005287589825e-07
3.755091748658401229e-07
3.830317223396662030e-07
3.898434066673672760e-07
3.959822981736138559e-07
4.014500327720327277e-07
4.063329048786812336e-07
4.108037185979185324e-07
4.147777935559204820e-07
4.182987035639129658e-07
4.213732759383859161e-07
4.240057032145472249e-07
4.264459332325998275e-07
4.285211366861219062e-07
4.301381625326783364e-07
4.315694288603566520e-07
4.327996615538509673e-07
4.337096746187540930e-07
4.343020062469449272e-07
4.347069619825560949e-07
4.348371392959293757e-07
4.347837959661760010e-07
4.343798892803008016e-07
4.337716554836390515e-07
4.329558220828033654e-07
4.317258905928156310e-07
4.303730585242249163e-07
4.287208619224713857e-07
4.267986616346419737e-07
4.243275888438091670e-07
4.216796715139636831e-07
4.186899605906901911e-07
4.152038753924003345e-07
4.113366031122112076e-07
4.069253829452890159e-07
4.020987752761939760e-07
3.967778764435436756e-07
3.906654544305609988e-07
3.840031441715296978e-07
3.765657790033571928e-07
3.683567336709714368e-07
3.592898861759508122e-07
3.492685347605828383e-07
3.383786658650578261e-07
3.264915457990014147e-07
3.134572452712092172e-07
2.993562914221925553e-07
2.841490563953996684e-07
2.679144639472497147e-07
2.505478706726904647e-07
2.326401398189403835e-07
2.142899332424619274e-07
1.957416255748967160e-07
1.776624599658660486e-07
3.351671252482812946e-07
1.451150088982444686e-07
1.357435022164565908e-07
1.299791126951888032e-07
1.311704208584174580e-07
1.410626101483458683e-07
1.617314573376660292e-07
1.941672327365751016e-07
2.391165330184463755e-07
2.963944338851831617e-07
3.635247147748543739e-07
4.362644170363694229e-07
5.085423329109772794e-07
5.729106848928466889e-07
6.216770669364990454e-07
6.490609628651000662e-07
6.505309368964873329e-07
6.261878399138609552e-07
5.797846724941990715e-07
5.167335643818660174e-07
4.448355743758014569e-07
3.718263386076614552e-07
3.037366299585286811e-07
2.451170507677957744e-07
1.986017712507504029e-07
1.647174827645869755e-07
1.426359277356681332e-07
1.315491769959820090e-07
1.294913124505470137e-07
1.345302365063361094e-07
1.447391484443727450e-07
0.000000000000000000e+00
