0.000000000000000000e+00
2.738501314603070114e-09
1.016575446044498676e-08
2.275174093568921307e-08
4.049846624720743193e-08
6.252026585329417685e-08
8.843054266627348170e-08
1.182211699646273928e-07
1.514209697628388085e-07
1.876199353656460289e-07
2.252356846588199346e-07
2.650763227807217959e-07
3.059711828345967888e-07
3.465509768041385996e-07
3.870114388959677854e-07
4.262865587190134420e-07
4.639360369207423673e-07
4.986442796450774040e-07
5.316474012140304239e-07
5.609857991473177208e-07
5.858527682978120765e-07
6.065107981401141046e-07
6.223865294252561853e-07
6.348049572668656992e-07
6.409811165175582914e-07
6.422050553567260067e-07
6.390573457082382447e-07
6.291898420052177698e-07
6.148325965016354644e-07
5.967462769485010199e-07
5.742083024617983256e-07
5.470792175943373081e-07
5.151288720028901480e-07
4.816952242636673986e-07
4.457537190472038446e-07
4.068976235949151032e-07
3.667933676787527020e-07
3.263368266726018874e-07
2.856463567901812439e-07
2.448983451586173032e-07
2.062787453072090216e-07
1.692039860445859745e-07
1.345443153555336835e-07
1.030696000769992793e-07
7.506634625009667161e-08
5.122132229473663756e-08
3.119667257855951448e-08
1.597793153340631989e-08
5.998624263980900650e-09
8.315943489378696540e-10
5.971853012098904401e-10
5.624627985589825130e-09
1.566749929793331830e-08
3.081133659321722007e-08
5.081624443459276108e-08
7.481473818238271178e-08
1.027080402948854498e-07
1.345358898729998032e-07
1.691963371630578195e-07
2.064473783036646637e-07
2.452287692911170325e-07
2.849234987944981867e-07
3.253325819851937695e-07
3.658381861892934239e-07
4.065073132553109758e-07
4.449221215896415060e-07
4.807791214034295990e-07
5.151541880854537681e-07
5.462274258460908527e-07
5.733230521443033467e-07
5.961564932821517004e-07
6.146220886682485229e-07
6.295392108723874003e-07
6.380341137646183824e-07
6.417765917587914259e-07
6.403953221045810551e-07
6.344298212335175435e-07
6.227471813780027787e-07
6.058679460352323076e-07
5.855158945466953924e-07
5.600200556621359738e-07
5.310257563673204118e-07
4.980230187134893072e-07
4.630175736153319122e-07
4.259367726300311574e-07
3.866086412118718840e-07
3.455201060820201064e-07
3.050392239911658976e-07
2.648112303882399488e-07
2.257684591500108695e-07
1.874761398346080910e-07
1.515483861735944515e-07
1.181174249520466901e-07
8.824930575190848003e-08
6.219719816957791636e-08
4.013928744939221360e-08
2.250242592261031405e-08
9.998348593498462833e-09
2.404036636427520079e-09
0.000000000000000000e+00
