0.000000000000000000e+00
5.109985767859370753e-10
1.896905521547864737e-09
4.245427565052750651e-09
7.556939962682918122e-09
1.166616980796675307e-08
1.650097614103174237e-08
2.205985283332267954e-08
2.825487033231155465e-08
3.500952927559808359e-08
4.202855008461625630e-08
4.946272780248506251e-08
5.709362260741812634e-08
6.466572088914546157e-08
7.221554265690599550e-08
7.954418368427695896e-08
8.656948213836557215e-08
9.304594450476599832e-08
9.920423571507797078e-08
1.046787008185390278e-07
1.093188093381769477e-07
1.131735305470726871e-07
1.161358964552050566e-07
1.184531361886342893e-07
1.196055887664471129e-07
1.198339660835046061e-07
1.192466148047799379e-07
1.174053650965234397e-07
1.147263426481970328e-07
1.113514878081645065e-07
1.071459646562189505e-07
1.020837508969307805e-07
9.612189955099381677e-08
8.988326516412570300e-08
8.317667221646729558e-08
7.592621753538253415e-08
6.844285871387967291e-08
6.089376247686573151e-08
5.330100716349761569e-08
4.569751110850006626e-08
3.849117646836930362e-08
3.157309769186156245e-08
2.510566876612330134e-08
1.923254266955609637e-08
1.400718607769135815e-08
9.557745039856513358e-09
5.821178428178086506e-09
2.981387470235574710e-09
1.119268233651382616e-09
1.551094808149855453e-10
1.113682479569888528e-10
1.049483167037124076e-09
2.923471797977583719e-09
5.749291487333607620e-09
9.482180374220661179e-09
1.396025783861887248e-08
1.916510239396984616e-08
2.510412955292196102e-08
3.157170280765342341e-08
3.852268315451823355e-08
4.575921241922742411e-08
5.316616613626479193e-08
6.070641633826312500e-08
6.826467147114101408e-08
7.585343375637876306e-08
8.302154608230694066e-08
8.971237208665883145e-08
9.612667239977668032e-08
1.019248564437802429e-07
1.069808246434433840e-07
1.112414834691932697e-07
1.146871133617111127e-07
1.174706069084763271e-07
1.190557307184647584e-07
1.197540695496712715e-07
1.194963316075714488e-07
1.183831861428785714e-07
1.162032432500126333e-07
1.130536282367700096e-07
1.092559940296666809e-07
1.044985423748201470e-07
9.908828357829690958e-08
9.293006508759305007e-08
8.639813675603846832e-08
7.947895697135720638e-08
7.214042352376992540e-08
6.447339606641122600e-08
5.691975746291433325e-08
4.941330322694170718e-08
4.212800286396145566e-08
3.498272760360521261e-08
2.827867673360628942e-08
2.204051863241573983e-08
1.646718139625136246e-08
1.160590079596346413e-08
7.489931896920154486e-09
4.198918324149758519e-09
1.865675169909764008e-09
4.485868343451215878e-10
2.220446049250313081e-16
