0.000000000000000000e+00
3.132130821370537888e-08
4.551053045531716634e-08
4.503360817587065412e-08
3.529973113813866803e-08
2.027566248230527890e-08
2.196188453318370648e-09
1.658918502567274800e-08
3.874779674895023618e-08
5.930139801435529989e-08
7.938625601333626491e-08
9.811246137747531293e-08
1.150225661383785791e-07
1.312991781965422433e-07
1.443864379169212953e-07
1.584210388427820249e-07
1.697213203311065399e-07
1.811108066851474518e-07
1.904110665806868496e-07
1.983105984981747838e-07
2.032003653118508169e-07
2.103771525874265080e-07
2.159296559334222820e-07
2.203064581873803718e-07
2.244523750194460376e-07
2.284160101062582271e-07
2.307157647152280333e-07
2.316473870500601606e-07
2.335949959020311439e-07
2.356380975898630936e-07
2.375716838809438514e-07
2.382410497769882340e-07
2.397306204660054618e-07
2.391590560035794510e-07
2.389670382685338268e-07
2.395322981074698987e-07
2.395320194414907178e-07
2.388364958028077467e-07
2.373461089888451170e-07
2.356556019211808461e-07
2.336699278515652622e-07
2.331851819414865190e-07
2.316980107774924136e-07
2.291045179125816844e-07
2.249894537342811418e-07
2.204784557147121404e-07
2.163226242579696645e-07
2.102376277512973957e-07
2.040058213470530291e-07
1.987931531610698244e-07
1.916905749688169180e-07
1.823760258368167797e-07
1.711443479157637171e-07
1.606250953356536115e-07
1.461067425934103881e-07
1.332198011905205703e-07
1.176071686703750174e-07
9.981688831040003151e-08
8.149137475932377583e-08
6.169557020818672299e-08
4.083578197811021937e-08
2.093291195937041493e-08
3.994282682384664440e-10
1.837823460082432803e-08
3.312280971723424727e-08
4.304226242091147014e-08
4.519915919320993680e-08
3.225035127840669702e-08
4.559852384566909222e-09
4.683910292957449428e-08
1.280669271741530224e-07
2.520672554018332789e-07
4.223613589982022631e-07
6.504090250825100838e-07
9.482617290279549138e-07
1.316978640475419127e-06
1.756219275117487655e-06
2.260582488644580224e-06
2.814343579737865753e-06
3.382913742355775355e-06
3.927328556918574520e-06
4.401594578928857970e-06
4.751647877276887755e-06
4.947373095420815048e-06
4.961190190444497716e-06
4.785271894958142980e-06
4.454883396398656714e-06
3.988752001582440698e-06
3.448868137412297585e-06
2.883171342449308838e-06
2.325262862479249293e-06
1.813171943587654766e-06
1.366298511440433572e-06
9.877304418814958353e-07
6.839327700847164238e-07
4.463808221943921239e-07
2.692760127098736689e-07
1.424641699054873811e-07
5.604018704641333670e-08
0.000000000000000000e+00
