0.000000000000000000e+00
5.847216710819225227e-09
8.497377801397476560e-09
8.410600327302120149e-09
6.596253654400641153e-09
3.794632497111649627e-09
4.225846339522831840e-10
3.081351618305916418e-09
7.214908448460732870e-09
1.104899682857762855e-08
1.479571121176803672e-08
1.828925499935962762e-08
2.144379385171646391e-08
2.448027236479077828e-08
2.692177469842960136e-08
2.953994404641946403e-08
3.164807182987061651e-08
3.377277779659237922e-08
3.550778737704263222e-08
3.698146544550695580e-08
3.789377256424586449e-08
3.923245839310141037e-08
4.026828914760471889e-08
4.108487949849859433e-08
4.185829194369716788e-08
4.259762498293184763e-08
4.302660849830886036e-08
4.320053537121282261e-08
4.356384464276885637e-08
4.394499242277305484e-08
4.430572064784144004e-08
4.443056356162600196e-08
4.470824543911788851e-08
4.460167035702511384e-08
4.456585123158163242e-08
4.467120695572646127e-08
4.467127745488852497e-08
4.454152657817900263e-08
4.426337996132900798e-08
4.394809993701898065e-08
4.357779159747110498e-08
4.348731064141020397e-08
4.320992585959970711e-08
4.272612785793938883e-08
4.195842795429172156e-08
4.111699991593553705e-08
4.034165668187483789e-08
3.920653957045772131e-08
3.804396642159701969e-08
3.707146811748884829e-08
3.574640894399294666e-08
3.400871828596052637e-08
3.191353770137794754e-08
2.995095826907601122e-08
2.724259839936848948e-08
2.483839733891102242e-08
2.192573811399256556e-08
1.860692722122081477e-08
1.518827930091504186e-08
1.149550021839473857e-08
7.604142204797881277e-09
3.891454269933092291e-09
6.131328778025135762e-11
3.441026241723932344e-09
6.190605694733619657e-09
8.039623855538025055e-09
8.439883791844238203e-09
6.021288800894808446e-09
8.516370941791251425e-10
8.742227386449030746e-09
2.390232056725949406e-08
4.704381073583618900e-08
7.882395292035937473e-08
1.213805888022889690e-07
1.769622514080637643e-07
2.457670545963352993e-07
3.277303309845436274e-07
4.218442175574210751e-07
5.251743638856609664e-07
6.312657226947848699e-07
7.328499682657252379e-07
8.213434667947439038e-07
8.866592884348989401e-07
9.231796243014400716e-07
9.257568065468291252e-07
8.929331339890822505e-07
8.312865115156498064e-07
7.443114731220390468e-07
6.435730908194159383e-07
5.380178649261324608e-07
4.339137589237651582e-07
3.383581158589166193e-07
2.549710231836144203e-07
1.843283549129992593e-07
1.276369381297826067e-07
8.330693568314728736e-08
5.025592553220548098e-08
2.658971176572322292e-08
1.045996866899656652e-08
0.000000000000000000e+00
