0.000000000000000000e+00
8.209969371009151473e-10
1.565525598046235700e-09
2.254486486386042543e-09
2.876727411837975978e-09
3.442647500406792460e-09
3.957118965836059488e-09
4.424750454923298548e-09
4.849826429342840584e-09
5.236313382894763890e-09
5.587792673011904299e-09
5.891076293451646961e-09
6.182371392604579796e-09
6.463260704414608426e-09
6.704248156630399080e-09
6.923540962766594475e-09
7.123026168898149990e-09
7.304377214190083123e-09
7.469086904521304859e-09
7.618474739956582198e-09
7.753717778946622730e-09
7.875851082417284488e-09
7.975686222572164752e-09
8.084368952054887814e-09
8.172270971051887045e-09
8.250140126619953662e-09
8.308714605220757221e-09
8.377842419804437668e-09
8.418873043147812041e-09
8.470979251384846975e-09
8.505400495018022866e-09
8.532041295694625660e-09
8.541508500492511757e-09
8.558920350232313012e-09
8.566750198113481929e-09
8.550252394989854565e-09
8.552848873577545419e-09
8.534722928388305263e-09
8.499400405703738670e-09
8.465894096865156371e-09
8.434080434049917585e-09
8.384375971282054252e-09
8.326096145871986209e-09
8.258833172902768638e-09
8.178348887000197465e-09
8.095470405145022141e-09
7.998217310678512604e-09
7.889675690542219400e-09
7.769050180961301066e-09
7.635435284036873327e-09
7.487804043471157911e-09
7.325000050961705256e-09
7.145718683432278340e-09
6.933292717725692000e-09
6.731673551918504472e-09
6.489206172410888485e-09
6.231594573691268124e-09
5.943927239293600451e-09
5.627788235429420638e-09
5.280285764186487540e-09
4.898185967938673002e-09
4.473254988646147012e-09
4.015637711241026864e-09
3.507026002935731412e-09
2.932538989419697373e-09
2.327112058608804546e-09
1.656375814285127035e-09
8.977149024147479395e-10
9.669720579807972172e-11
7.845232241621147296e-10
1.755542711201485417e-09
2.813949517843639114e-09
3.937029924294677130e-09
5.110374234895687096e-09
6.368567895265186962e-09
7.673918389627942815e-09
9.003042866773114383e-09
1.035229924006841884e-08
1.159825913088496918e-08
1.277791228382341160e-08
1.382135661476269206e-08
1.464983634402727830e-08
1.524449810830219576e-08
1.557032325294471775e-08
1.558845041937928499e-08
1.529771531671997309e-08
1.473486943570634367e-08
1.395555282446281353e-08
1.291077278420260654e-08
1.174581720775336180e-08
1.048067332920510353e-08
9.162774206039614455e-09
7.840425420013730218e-09
6.547352326968791658e-09
5.258318114265136956e-09
4.061858072113011531e-09
2.923999598003490519e-09
1.890154144312816697e-09
8.961816844177405983e-10
0.000000000000000000e+00
