0.000000000000000000e+00
5.411308142466708659e-06
2.871243074520357652e-06
3.467806959922548060e-06
4.268308578025958866e-06
5.292167187254115390e-06
6.504868988344014724e-06
7.881406409171454186e-06
9.428888263496304489e-06
1.109009812594319300e-05
1.283957802677981874e-05
1.467747921835016456e-05
1.654523717686817719e-05
1.842748041391839564e-05
2.029813172199634863e-05
2.213069286993718521e-05
2.385207487709539720e-05
2.549623231917763633e-05
2.699416213491900862e-05
2.835437867942935952e-05
2.951722667521305965e-05
3.047868425554156602e-05
3.123727874909665303e-05
3.178125214775562313e-05
3.208770575691133331e-05
3.213881963859410718e-05
3.197051476944157145e-05
3.153623963325635771e-05
3.088836884690415729e-05
3.003146606184170508e-05
2.895227043364645425e-05
2.769151123871438358e-05
2.625713545389984915e-05
2.469466711463308428e-05
2.301513334335147931e-05
2.123704136958171063e-05
1.937643613403317033e-05
1.749268607420528809e-05
1.560849058190871830e-05
1.375762408206693266e-05
1.196737717445994775e-05
1.025233307938577809e-05
8.653294766403085703e-06
7.192145175527464573e-06
5.867990696573066600e-06
4.748322057213094638e-06
3.842831916567313044e-06
3.144058373760749703e-06
2.804268170453205755e-06
1.230566613291683709e-05
1.235179225583804552e-05
2.817844558800075561e-06
3.142365620711906615e-06
3.841058072606706730e-06
4.752695151766239690e-06
5.882990671723931086e-06
7.173319150788337595e-06
8.641967151112872614e-06
1.024845640351657039e-05
1.195410546128705676e-05
1.375196372122022836e-05
1.561318881193596297e-05
1.748563692915983125e-05
1.936953855252721013e-05
2.122637219081902060e-05
2.300235919638904392e-05
2.469126740489713256e-05
2.626235549574307271e-05
2.769851569983661221e-05
2.895946300063290124e-05
3.002726586187609570e-05
3.089196010186423536e-05
3.152979569231995072e-05
3.197125438447745438e-05
3.212811807717930179e-05
3.209956280236792026e-05
3.177738032134058699e-05
3.124134936627331882e-05
3.049198102744732353e-05
2.951672998385834745e-05
2.834919029703897309e-05
2.699455097687764038e-05
2.549077888402973002e-05
2.386340880089488081e-05
2.213552487462244756e-05
2.030686289689054291e-05
1.843370163567836784e-05
1.655119091770185236e-05
1.467526605813951335e-05
1.284895536513008807e-05
1.109538439891810668e-05
9.435777098554254394e-06
7.903066568837324724e-06
6.508102833646667307e-06
5.276858109248827589e-06
4.271526650168055994e-06
3.468798452477273031e-06
2.870295578549786342e-06
5.425017436722079367e-06
0.000000000000000000e+00
