0.000000000000000000e+00
2.122264031179099675e-09
2.429871637232849935e-09
2.936197618375047114e-09
3.615564625469858129e-09
4.466105596456770854e-09
5.508457245895215237e-09
6.687748577149932316e-09
7.983649852327801000e-09
9.387245314407266505e-09
1.086943568484599609e-08
1.240990021855736813e-08
1.399794402612286603e-08
1.559113982363413697e-08
1.716668263096465807e-08
1.870809063220235657e-08
2.016687183914456227e-08
2.154919975794200582e-08
2.281327848852043871e-08
2.395906439911499319e-08
2.494365258787212269e-08
2.576313784530270823e-08
2.639212592914219613e-08
2.685292999071720033e-08
2.710233004687978564e-08
2.714963076577703305e-08
2.699932710736874242e-08
2.665285803171713042e-08
2.609409321951972061e-08
2.538070009716619779e-08
2.446147129298026357e-08
2.340829030611502048e-08
2.220038264333368261e-08
2.086230288522727960e-08
1.944594085756534696e-08
1.793967630003834302e-08
1.637776370078114496e-08
1.479073641341699386e-08
1.320431997076099151e-08
1.162703677781706801e-08
1.010743788665280363e-08
8.667594197930839073e-09
7.313406658049359521e-09
6.071292246723203334e-09
4.979877621380524033e-09
4.023216315651723107e-09
3.250670510546171954e-09
2.659681697103621900e-09
2.257325770749218918e-09
2.055566827863231083e-09
2.048614944349935740e-09
2.249667896414564439e-09
2.662227438499087384e-09
3.253632918642779259e-09
4.019940935684473970e-09
4.967098399255576169e-09
6.087338300098110722e-09
7.323017858773539501e-09
8.673962770266996358e-09
1.012538397571205451e-08
1.163673624127170569e-08
1.319961595580565472e-08
1.479831446271617779e-08
1.638182967056422967e-08
1.795120352365842109e-08
1.945009842074796325e-08
2.087410810869272382e-08
2.219109618284420549e-08
2.340523741484190623e-08
2.446470481753948434e-08
2.538385612815829973e-08
2.609154226007603938e-08
2.665243170607567436e-08
2.700031676017289328e-08
2.715966551658510753e-08
2.709413049473141655e-08
2.685640010380296872e-08
2.639132123949394781e-08
2.576027380296608271e-08
2.494098350069862136e-08
2.394854614617969446e-08
2.281891986477546652e-08
2.154408396126683556e-08
2.016509170754687830e-08
1.870029675554718551e-08
1.716299014020705727e-08
1.558320716910088777e-08
1.399666349488626338e-08
1.240999270013531941e-08
1.085428613656347352e-08
9.376316167930554002e-09
7.975278104588312544e-09
6.670869523439648674e-09
5.505657818538622905e-09
4.478127091367412049e-09
3.612723120660632503e-09
2.934515186403530151e-09
2.429471068765565178e-09
2.129447396193029363e-09
0.000000000000000000e+00
