0.000000000000000000e+00
3.983016139130768352e-10
4.557005883754072784e-10
5.501781252803539246e-10
6.769551585961153251e-10
8.356663139252873407e-10
1.030173946148238429e-09
1.250232473104517794e-09
1.492047152495956652e-09
1.753963307926653670e-09
2.030545398490346543e-09
2.317996905532027085e-09
2.614331195971431043e-09
2.911624163992598824e-09
3.205622212121284065e-09
3.493255240627490821e-09
3.765466827232444302e-09
4.023415489662340860e-09
4.259292585295781919e-09
4.473101777868748741e-09
4.656829033500287096e-09
4.809743381350983782e-09
4.927114605202120856e-09
5.013100268236314605e-09
5.059640817428601167e-09
5.068467423541278549e-09
5.040419748247870757e-09
4.975766576542639541e-09
4.871502201631017215e-09
4.738381353952547670e-09
4.566847455755862484e-09
4.370323547497889649e-09
4.144925513926978056e-09
3.895234024220428637e-09
3.630940770271706697e-09
3.349866051216565666e-09
3.058410080747364646e-09
2.762264972311356814e-09
2.466239323872798650e-09
2.171912871773429288e-09
1.888353362566874694e-09
1.619673950514766148e-09
1.366976642991346580e-09
1.135199378943241300e-09
9.315372917484410209e-10
7.530199797045611376e-10
6.088599624476387362e-10
4.985837298576711873e-10
4.234995687468767755e-10
3.858549035840042052e-10
3.845563867344026221e-10
4.220755966954925498e-10
4.990597934906304545e-10
6.094148519153463894e-10
7.524100231748320766e-10
9.291487579332624591e-10
1.138188876481649459e-09
1.368773872023609783e-09
1.620860889950392902e-09
1.891701684186841703e-09
2.173721425080543668e-09
2.465362580750252164e-09
2.763680728712358814e-09
3.059167918983973777e-09
3.352018551616708919e-09
3.631713485496845806e-09
3.897436817723587410e-09
4.143192677830143111e-09
4.369755557398491419e-09
4.567450417880536406e-09
4.738969772155599003e-09
4.871024583685823472e-09
4.975689305020125630e-09
5.040606931849822558e-09
5.070341146939938426e-09
5.058109819877643076e-09
5.013750525861837559e-09
4.926961838513932435e-09
4.809210474299163707e-09
4.656326768603946675e-09
4.471138681516606539e-09
4.260343633433194555e-09
4.022456479013669650e-09
3.765137090994130631e-09
3.491800404376022016e-09
3.204938536782719893e-09
2.910143348522353790e-09
2.614094607444883422e-09
2.318015224211933401e-09
2.027717327379718881e-09
1.751923273118904945e-09
1.490487622213265695e-09
1.247079772781489737e-09
1.029648699635288267e-09
8.379120730594991073e-10
6.764245830126469627e-10
5.498671518111564183e-10
4.556254262766401553e-10
3.996389885685402987e-10
0.000000000000000000e+00
