0.000000000000000000e+00
5.767255273347871025e-08
1.070166039118802814e-07
1.548150323493757696e-07
1.971530938504884034e-07
2.360077898666546048e-07
2.710030568842114462e-07
3.014187611727336957e-07
3.319393709899642886e-07
3.572882303348734467e-07
3.812198804409305808e-07
4.038764735980748810e-07
4.227994844230309468e-07
4.413774884470811344e-07
4.577711245623561354e-07
4.726891694728507787e-07
4.865422681410436212e-07
4.980937130527607337e-07
5.100775065658424978e-07
5.194781771411527416e-07
5.294886641360463386e-07
5.375245024641372993e-07
5.452699842756203452e-07
5.519725733149627445e-07
5.572402815845478585e-07
5.632445748693371002e-07
5.678933736597002735e-07
5.712337551866397689e-07
5.753766402216697884e-07
5.780028222712729757e-07
5.796587103645833849e-07
5.817300582355855454e-07
5.834500319545909974e-07
5.844923552933423139e-07
5.847735444763912938e-07
5.838717731521114729e-07
5.831465973438199057e-07
5.825957049010455080e-07
5.801621321133154652e-07
5.778834955005862639e-07
5.757522703042639023e-07
5.723726942408191576e-07
5.674499804486643484e-07
5.638360279780485484e-07
5.583569994138670722e-07
5.520121351132445398e-07
5.451247988563778790e-07
5.384647803197140092e-07
5.297918433955217665e-07
5.206327979845326581e-07
5.113503935838537018e-07
4.999993400423008438e-07
4.878035299027416727e-07
4.738641624646433570e-07
4.599267218186042783e-07
4.437217347996735839e-07
4.259161348052487028e-07
4.063513966423570878e-07
3.845409469738214625e-07
3.612157039034613604e-07
3.352282110791193759e-07
3.064298486066263649e-07
2.746449714319254554e-07
2.403869575617889609e-07
2.023288916408461091e-07
1.588846608724381326e-07
1.141177635721746242e-07
6.231193216965635884e-08
8.381888738639986514e-09
5.344614495417232547e-08
1.191764839036935086e-07
1.882061505531495982e-07
2.667117938726093485e-07
3.481420386419742385e-07
4.316820912952934464e-07
5.205590608570176414e-07
6.139417503270294674e-07
7.011981729698746335e-07
7.885393757955938554e-07
8.650899069317929957e-07
9.409768860768608079e-07
9.971679936215949169e-07
1.038539814368633074e-06
1.055326209531415316e-06
1.056558526113526852e-06
1.037439249840232947e-06
9.998651044895723317e-07
9.486459898733201612e-07
8.795399134564618748e-07
7.979455886042430279e-07
7.124506675726394178e-07
6.242394070543610951e-07
5.313675380813620563e-07
4.444145392801246430e-07
3.582234286980678917e-07
2.762331949845986401e-07
1.977528222285585002e-07
1.258687138960823404e-07
6.105280625501308123e-08
0.000000000000000000e+00
