0.000000000000000000e+00
1.605692381834167293e-06
2.968444815398818548e-06
4.062384970193733125e-06
4.919927689361891510e-06
5.583274962361883809e-06
6.094711777149264265e-06
6.490312839391165767e-06
6.796935059893982611e-06
7.036424841455612977e-06
7.222525651218170140e-06
7.370239313742033005e-06
7.487501799796625335e-06
7.579863953721677206e-06
7.653619367053998701e-06
7.712359944789248800e-06
7.759095383419456482e-06
7.797263002817800270e-06
7.827684172623250447e-06
7.851507143774583142e-06
7.871169514617193386e-06
7.887870357325965642e-06
7.902004274806806450e-06
7.911124429327287544e-06
7.919789385968378781e-06
7.925300760103226594e-06
7.931155657336930176e-06
7.935497879585362568e-06
7.937699844640100366e-06
7.940992004185076780e-06
7.943339383365000117e-06
7.944263737735823838e-06
7.945563289868395884e-06
7.946949014403514866e-06
7.946023294236326251e-06
7.947133456420729658e-06
7.947187933288191175e-06
7.947416735820667100e-06
7.947394827789722171e-06
7.946310241702114752e-06
7.946413511650263217e-06
7.947613951508891716e-06
7.947680652931055079e-06
7.946919576173883115e-06
7.946668589164929131e-06
7.948435528870589906e-06
7.946338843378697447e-06
7.946993785479250505e-06
7.946546439985269217e-06
7.946918042844863805e-06
7.946786744428280258e-06
7.946051560958622417e-06
7.946523875812516735e-06
7.945590782210132375e-06
7.943369857654758448e-06
7.943329635828888513e-06
7.941561338986602436e-06
7.938505511062565745e-06
7.934499564932195881e-06
7.929800258654751133e-06
7.925625755578202813e-06
7.918645128723866833e-06
7.910426101931378184e-06
7.899998196725377397e-06
7.885622499870237334e-06
7.870018394307010112e-06
7.850576090984162647e-06
7.825618109968957015e-06
7.793970193681332148e-06
7.754182284935851044e-06
7.706674913565692009e-06
7.647504645325042816e-06
7.572300734004500100e-06
7.477527781851733835e-06
7.357690114062620523e-06
7.208127511648676489e-06
7.015539579935392567e-06
6.771152582296657840e-06
6.456761610373895621e-06
6.051714551369435924e-06
5.527339874578096612e-06
4.848433458048972966e-06
3.969760675071043465e-06
2.851418425264817813e-06
1.463179615690535229e-06
1.602790549171118073e-07
1.799424876658406447e-06
2.849206458432895772e-06
1.958417398251199870e-06
3.038897647633653776e-06
1.363438716417419982e-05
2.655535523798935316e-05
3.232397954988641686e-05
2.544620006339481932e-05
1.239129425956164710e-05
2.319698686026328005e-06
2.188674915637456309e-06
2.811052877582653764e-06
1.667178384900935839e-06
5.551115123125782702e-15
