0.000000000000000000e+00
7.919397360112157003e-10
3.154762007184785944e-09
7.062737839014232577e-09
1.246327929749213581e-08
1.927840909132783054e-08
2.740295468317555105e-08
3.663965042477457246e-08
4.687667409797313667e-08
5.795346036396864520e-08
6.972443988839671647e-08
8.192651512750614984e-08
9.445630511084601721e-08
1.071113847617155557e-07
1.195873762238619520e-07
1.316017722574613913e-07
1.432340839269130583e-07
1.541252676595661342e-07
1.641544238317749205e-07
1.731038989927213834e-07
1.808971740180354004e-07
1.873442829758431571e-07
1.924192294389115432e-07
1.959565898435045028e-07
1.978961161608339125e-07
1.983580523168271270e-07
1.971233063446931055e-07
1.944567182832201979e-07
1.900703378021617596e-07
1.843030280612723004e-07
1.771761426461182509e-07
1.687808764971876485e-07
1.592831389007898224e-07
1.488226144541471285e-07
1.375264366831885354e-07
1.256599863053153854e-07
1.134308548200735345e-07
1.008332536356348896e-07
8.818729380077883206e-08
7.584167360796811863e-08
6.382482542477418974e-08
5.238464451107205377e-08
4.171033607391905207e-08
3.195532571886872120e-08
2.324919179397255675e-08
1.575605834691629070e-08
9.654336885489556153e-09
4.980788004260716662e-09
1.864965071263213758e-09
2.875945037672522631e-10
2.624546135976402184e-10
1.847560215928467642e-09
5.027522842482312626e-09
9.688670865592996506e-09
1.583210773592469423e-08
2.325893500021436466e-08
3.194332443001712818e-08
4.170092804400837849e-08
5.237788580636504321e-08
6.386207174191582681e-08
7.589174433331180580e-08
8.829034126023316276e-08
1.008647370071003024e-07
1.133957621135550653e-07
1.257268510412856699e-07
1.376748314241282856e-07
1.488725888121322782e-07
1.594306895391639500e-07
1.688676112276965569e-07
1.772290481039107135e-07
1.844697332664679834e-07
1.901964634676289734e-07
1.943911354107541456e-07
1.972039755937515793e-07
1.984428870116516919e-07
1.980716701766027654e-07
1.960352329355430356e-07
1.924793654461964820e-07
1.874760715558920765e-07
1.810386652811857289e-07
1.731380212532940277e-07
1.642490963238429913e-07
1.542404846066602886e-07
1.432862005712465248e-07
1.317294925362588742e-07
1.195382320906546170e-07
1.070977289074903638e-07
9.450081239759100526e-08
8.199856815771511265e-08
6.975281918730757980e-08
5.797420721265211796e-08
4.686981702750614431e-08
3.661705394453207418e-08
2.737732873736575812e-08
1.928806880879818664e-08
1.250513026462840571e-08
7.093918452660830098e-09
3.179679963771775419e-09
7.952611902339867811e-10
0.000000000000000000e+00
