0.000000000000000000e+00
7.161695791957356505e-09
2.919649277899338813e-08
6.601461410848941114e-08
1.164172334089386140e-07
1.797350216437010317e-07
2.549960794739902781e-07
3.409460267445041382e-07
4.364087923258708202e-07
5.396153542891468646e-07
6.495494880853769359e-07
7.635894588853275877e-07
8.802072253288883985e-07
9.974265100520796068e-07
1.113772969851822836e-06
1.226170688650718432e-06
1.334665330032791530e-06
1.435928222326410264e-06
1.529788119847275141e-06
1.613079309237264169e-06
1.685736076284527485e-06
1.746610145625382415e-06
1.792496055252890130e-06
1.825556117829307823e-06
1.844833824260483368e-06
1.847786419095776012e-06
1.835868730926115688e-06
1.811290369024831648e-06
1.771957812923830033e-06
1.718364134539740462e-06
1.650622219573349980e-06
1.572941333072286341e-06
1.484771596116374326e-06
1.387865948387911885e-06
1.282425354576233190e-06
1.170903232150521944e-06
1.055923805726166620e-06
9.387421515683058715e-07
8.214398762307340007e-07
7.060467899222544474e-07
5.941841937362468684e-07
4.877002612868608367e-07
3.880248524712470726e-07
2.971170887100527125e-07
2.158716712052921594e-07
1.465023782287744325e-07
8.975487097995227259e-08
4.636878048192016877e-08
1.700484419941972192e-08
2.406196908388835709e-09
2.091387507618946984e-09
1.676191319077702246e-08
4.633261307951386243e-08
8.981712951161568981e-08
1.469407493459584657e-07
2.163523411535805963e-07
2.971322290434841307e-07
3.880412526857668354e-07
4.873268073524172905e-07
5.944063706797564350e-07
7.064453410032811576e-07
8.219731828518206385e-07
9.390817112819860313e-07
1.056184074199606471e-06
1.170724545307422204e-06
1.281563265509433336e-06
1.386576578443765584e-06
1.484352642799890987e-06
1.572884347766922986e-06
1.650751119575133430e-06
1.718389755378524342e-06
1.771385962467952879e-06
1.810849683425708179e-06
1.836857564829763589e-06
1.847979133273724983e-06
1.843608531060247913e-06
1.825422926704511895e-06
1.793487076739985753e-06
1.748290848757605431e-06
1.686182949045544888e-06
1.612868691935887000e-06
1.529688581802801650e-06
1.437193806741454694e-06
1.335876260055712805e-06
1.226749618332689806e-06
1.113504196181835937e-06
9.974015244829104176e-07
8.797956033701481715e-07
7.629706502143562830e-07
6.493356210501843861e-07
5.398536251366437000e-07
4.365409438378264895e-07
3.410374600498755626e-07
2.548161126547654476e-07
1.792097098496370222e-07
1.161595405418935911e-07
6.600334012674125006e-08
2.955366129597791769e-08
7.541029467539317466e-09
0.000000000000000000e+00
