0.000000000000000000e+00
3.520548319535521387e-08
7.426864945259126216e-08
1.152061509523960581e-07
1.568837207921447430e-07
1.974369813195764323e-07
2.370086847891528237e-07
2.744397249454522125e-07
3.095620372262075648e-07
3.422026442212455777e-07
3.725586558145366212e-07
4.003829239263012596e-07
4.260712147541312333e-07
4.493253304982403051e-07
4.703414798745697567e-07
4.896915067886808970e-07
5.069976489746608195e-07
5.224356574018429455e-07
5.366291517816534906e-07
5.491902810295101744e-07
5.606712376593492309e-07
5.706351493550698706e-07
5.799652877946925855e-07
5.876603088594833935e-07
5.947687420349012655e-07
6.008392940959339512e-07
6.064301503183600062e-07
6.111449099011068142e-07
6.147270472656174434e-07
6.182667885434867117e-07
6.207135542224406777e-07
6.226710929091439084e-07
6.241640935211734131e-07
6.252871118661573746e-07
6.255472746463652811e-07
6.249473381014780671e-07
6.242109784615479384e-07
6.228071395275591726e-07
6.209879582774746609e-07
6.183737605303107898e-07
6.153490634819291927e-07
6.116602089267786369e-07
6.067836874068532893e-07
6.016253444318664378e-07
5.955629391873884515e-07
5.887136652615865273e-07
5.809825954772307455e-07
5.718366190565760121e-07
5.618734811863035361e-07
5.506113057718309278e-07
5.382631600436837971e-07
5.243742106086912713e-07
5.089916235156977109e-07
4.918924625396670081e-07
4.727961495643029366e-07
4.520045338018974235e-07
4.289908863697178276e-07
4.036538380214338417e-07
3.760648971118385475e-07
3.460609481198417825e-07
3.136790531765853984e-07
2.787956709937589039e-07
2.416796549553623663e-07
2.026270619071013357e-07
1.619250357132173690e-07
1.203370187941033009e-07
7.912677335575324378e-08
3.969408535198226673e-08
4.014916843431137750e-09
2.532222354023616617e-08
4.530825625792544997e-08
5.201804320620340150e-08
4.078180471100978366e-08
6.847403977161548028e-09
5.374819567194322190e-08
1.447807255194888398e-07
2.675229208159990435e-07
4.210102104718060900e-07
5.984578446138755226e-07
7.893972980843599885e-07
9.780273417803186931e-07
1.145811718838984916e-06
1.272377411876135511e-06
1.342737595000365047e-06
1.346766577370317464e-06
1.284104031662458567e-06
1.163503686951727900e-06
9.998066985428266662e-07
8.124029264866550193e-07
6.209333889284351926e-07
4.411884890753725585e-07
2.842639925670908951e-07
1.578198357554683184e-07
6.274857600185868023e-08
1.258534831904967177e-09
3.782276780661675275e-08
5.175872497265032735e-08
4.694560507001455107e-08
2.863667669661396076e-08
0.000000000000000000e+00
