0.000000000000000000e+00
3.894656496195025852e-07
4.829243449577802494e-07
5.249496393133767924e-07
5.470807317164982919e-07
5.601194514870400099e-07
5.684679209583265447e-07
5.741184719854075524e-07
5.781212045752326389e-07
5.810698774366684916e-07
5.833043267289284017e-07
5.850461340939361321e-07
5.864076303430110215e-07
5.875356713369583872e-07
5.884636463671100159e-07
5.892111420990886472e-07
5.898602633003235951e-07
5.904074179552409873e-07
5.908589947312137269e-07
5.912739796665178460e-07
5.916226133440005697e-07
5.919261462095093407e-07
5.921933635688603204e-07
5.924242785226851993e-07
5.926356868579674142e-07
5.928234458885128788e-07
5.929903967860639113e-07
5.931392184077566299e-07
5.932708911915440808e-07
5.933901714438860608e-07
5.934970782606185935e-07
5.935925065925218291e-07
5.936800745454107187e-07
5.937630273011862414e-07
5.938337588329289929e-07
5.938973391961255288e-07
5.939544319710776676e-07
5.940060665565738418e-07
5.940559646422371998e-07
5.940903781143092033e-07
5.941272998022384400e-07
5.941632056361001446e-07
5.941913644447183174e-07
5.942123485480621525e-07
5.942310206119572058e-07
5.942485125087770825e-07
5.942594992758287731e-07
5.942655798563123426e-07
5.942695494587368898e-07
5.942685912252443359e-07
5.942681504667035597e-07
5.942568997996389157e-07
5.942475288511772646e-07
5.942330417729735359e-07
5.942123159075052286e-07
5.941916649820910834e-07
5.941667265974004408e-07
5.941361008732215510e-07
5.940952140237598655e-07
5.940532648018859163e-07
5.940158785966431765e-07
5.939595744131054289e-07
5.939069442906230734e-07
5.938417712014754102e-07
5.937715438220081410e-07
5.936947735651898483e-07
5.936100799797117133e-07
5.935147531221929285e-07
5.934087302650326023e-07
5.932891281590357835e-07
5.931602260478285871e-07
5.930142565890861306e-07
5.928523590936762844e-07
5.926708225301169364e-07
5.924644562727010566e-07
5.922229918686738870e-07
5.919593122349908754e-07
5.916583228904315206e-07
5.913151450709364099e-07
5.909194062958533777e-07
5.904648489041264270e-07
5.899305226542139735e-07
5.893227240649778764e-07
5.885795700821816467e-07
5.876854383135565740e-07
5.866027742440493853e-07
5.852698842234715926e-07
5.835914542728914967e-07
5.814425786399013418e-07
5.786134056329217401e-07
5.747837391600896240e-07
5.694172823256238303e-07
5.615721991869548901e-07
5.494762013169562920e-07
5.290767653987060726e-07
4.911914869287770102e-07
4.093407730554332602e-07
1.361320074444449801e-07
1.494325984574551569e-05
0.000000000000000000e+00
