0.000000000000000000e+00
1.563360341183539504e-07
1.939174318899006266e-07
2.108209150586404235e-07
2.197230752898349238e-07
2.249679815768956814e-07
2.283262461322266290e-07
2.305992559126224251e-07
2.322094118101247773e-07
2.333955632094486532e-07
2.342944045441441858e-07
2.349950769531261585e-07
2.355427664024745127e-07
2.359965360909654919e-07
2.363698360374755225e-07
2.366705285083980925e-07
2.369316496331208555e-07
2.371517494603736509e-07
2.373334069272203806e-07
2.375003430588051856e-07
2.376405869863873477e-07
2.377626878713456904e-07
2.378701811078798301e-07
2.379630730242610070e-07
2.380481134434120349e-07
2.381236443582679385e-07
2.381908007498267921e-07
2.382506666398498396e-07
2.383036361575108231e-07
2.383516168880106534e-07
2.383946237083378605e-07
2.384330142213286763e-07
2.384682366018964217e-07
2.385016069084144874e-07
2.385300617024910252e-07
2.385556381323539199e-07
2.385786025405067790e-07
2.385993737030744910e-07
2.386194466463820163e-07
2.386332911274990920e-07
2.386481443572563421e-07
2.386625855832491538e-07
2.386739135218363117e-07
2.386823546585148392e-07
2.386898680928339900e-07
2.386969030210295273e-07
2.387013213756006280e-07
2.387037678630576920e-07
2.387053632535440784e-07
2.387049820029574221e-07
2.387048002594482909e-07
2.387002742132438016e-07
2.386965071154989460e-07
2.386906781115527565e-07
2.386823393374370994e-07
2.386740336479675761e-07
2.386640030049846928e-07
2.386516799735005634e-07
2.386352362382382353e-07
2.386183597380409083e-07
2.386033203238824285e-07
2.385806703308901433e-07
2.385595009313234982e-07
2.385332844578869071e-07
2.385050318354231536e-07
2.384741490946140630e-07
2.384400805688358105e-07
2.384017329104537453e-07
2.383590844701188871e-07
2.383109710679676141e-07
2.382591182126247986e-07
2.382003962964063248e-07
2.381352708358264181e-07
2.380622479147831427e-07
2.379792365392319198e-07
2.378820985748930639e-07
2.377760304206333331e-07
2.376549488314338987e-07
2.375169040336189141e-07
2.373577085990064006e-07
2.371748535345830078e-07
2.369599118035026208e-07
2.367154139371052679e-07
2.364164667367774086e-07
2.360567877834895967e-07
2.356212647214306344e-07
2.350850859533792914e-07
2.344099102602470452e-07
2.335454905022515959e-07
2.324074096504702425e-07
2.308668693995485910e-07
2.287081400931256780e-07
2.255523665617431561e-07
2.206866731579992802e-07
2.124810436487933885e-07
1.972426346696920518e-07
1.643274526452742634e-07
5.463592822607665767e-08
5.997068906027358537e-06
1.110223024625156540e-16
