0.000000000000000000e+00
4.529406627540311092e-09
1.680932815162350380e-08
3.761633371457406838e-08
6.695607801532332815e-08
1.033618814982872891e-07
1.461965376536866756e-07
1.954445082441580439e-07
2.503313816237806577e-07
3.101757272139238353e-07
3.723625278118092297e-07
4.382286535875579148e-07
5.058419619841103554e-07
5.729272156695941476e-07
6.398176612965045251e-07
7.047521735081829775e-07
7.669990538250459622e-07
8.243821698616926597e-07
8.789425713917609073e-07
9.274468303344107767e-07
9.685585761198822752e-07
1.002716155107385987e-06
1.028961409410555916e-06
1.049492807214669199e-06
1.059703846451043319e-06
1.061724497319893601e-06
1.056522494824463365e-06
1.040210057201562677e-06
1.016473468284928572e-06
9.865694849953143830e-07
9.493059401899373029e-07
9.044554489801015507e-07
8.516326093221948668e-07
7.963588477544192301e-07
7.369346098906603970e-07
6.726953640789901101e-07
6.063898521091459770e-07
5.395070007407909429e-07
4.722366264697797078e-07
4.048663285738385298e-07
3.410192694897062893e-07
2.797269170740079858e-07
2.224281767659874731e-07
1.703930870844416745e-07
1.240998265261694655e-07
8.467848044979575661e-08
5.157481464124202830e-08
2.641462526487003970e-08
9.915280596572983995e-09
1.372386870812647430e-09
9.834626446547645173e-10
9.296016179050070605e-09
2.589981140665997827e-08
5.093459343186168553e-08
8.400459572399654462e-08
1.236787824376861522e-07
1.697926640398250697e-07
2.224138702100475484e-07
2.797151371636275030e-07
3.412986016027019787e-07
4.054139964848602062e-07
4.710401301233346771e-07
5.378461692684410878e-07
6.048102707545410794e-07
6.720405538729323780e-07
7.355505264872164162e-07
7.948399604051914480e-07
8.516755151122268330e-07
9.030452392533305783e-07
9.478377833715967427e-07
9.855891296428609394e-07
1.016123152841608146e-06
1.040781025474224464e-06
1.054828100643945277e-06
1.061023020776374892e-06
1.058736710968233297e-06
1.048866972275241949e-06
1.029553092779522672e-06
1.001650489440564229e-06
9.679975631060599994e-07
9.258468091077887152e-07
8.779142657289185081e-07
8.233525865541935218e-07
7.654726754680041267e-07
7.041653160566596625e-07
6.391492184398828158e-07
5.712228026144572368e-07
5.042991590986645178e-07
4.377889455398076279e-07
3.732431527181390152e-07
3.099376669757347713e-07
2.505435249267051745e-07
1.952736807808719277e-07
1.458919532959512821e-07
1.028231335631346610e-07
6.635787030973006040e-08
3.720308661137039508e-08
1.653039016780155634e-08
3.973384510302935269e-09
0.000000000000000000e+00
