0.000000000000000000e+00
2.980095059612608566e-10
1.105959879232898402e-09
2.474941251939810627e-09
4.405331988088789785e-09
6.800637053494540396e-09
9.618920882026316121e-09
1.285916340076909137e-08
1.647041236729762659e-08
2.040783841916748997e-08
2.449938429904818804e-08
2.883300165290592076e-08
3.328157882620530472e-08
3.769541023768141486e-08
4.209642423536053002e-08
4.636874606500640539e-08
5.046423590115978186e-08
5.423971638496283276e-08
5.782947243293534711e-08
6.102077254599436174e-08
6.372568950308021840e-08
6.597306045907913585e-08
6.769984162158237950e-08
6.905068650198131763e-08
6.972250699011084407e-08
6.985545186743991053e-08
6.951318498593650475e-08
6.843991751104283594e-08
6.687818154826885575e-08
6.491067006120232463e-08
6.245893813261460537e-08
5.950802728360571336e-08
5.603257891007018543e-08
5.239587641536758156e-08
4.848609747032384121e-08
4.425951116715509670e-08
3.989697938688863132e-08
3.549645699596482018e-08
3.107043788919128247e-08
2.663784837153571061e-08
2.243706276328083504e-08
1.840436247846355400e-08
1.463442211857568509e-08
1.121079773458433237e-08
8.164952269851255551e-09
5.571247574387427903e-09
3.393206715607277602e-09
1.737805344070864066e-09
6.522402618003297903e-10
9.016443147658037560e-11
6.457734347264931785e-11
6.114980743987530332e-10
1.703942653641377092e-09
3.351095068104825714e-09
5.526927027155181804e-09
8.137276519271097186e-09
1.117132342187687755e-08
1.463350995933865306e-08
1.840362573446441274e-08
2.245547703338957035e-08
2.667392351440867060e-08
3.099175904797135672e-08
3.538722637141944460e-08
3.979309404211761603e-08
4.421647648022997146e-08
4.839507539156073790e-08
5.229599164824350055e-08
5.603545139010179810e-08
5.941529213071561344e-08
6.236239169510326974e-08
6.484621650759692102e-08
6.685518461058137518e-08
6.847753220018404363e-08
6.940175456549013688e-08
6.980934852407472135e-08
6.965892718202582046e-08
6.900955995536861565e-08
6.773882099686545644e-08
6.590299606035188162e-08
6.368882843332812627e-08
6.091554982656788297e-08
5.776186351447165634e-08
5.417202109114782616e-08
5.036385364309836632e-08
4.633017403055106342e-08
4.205248549382645251e-08
3.758330979763968571e-08
3.318011032593659593e-08
2.880411098526991509e-08
2.455735637063582999e-08
2.039220714511458254e-08
1.648440162149711341e-08
1.284794792777432804e-08
9.598902117602392536e-09
6.765209947801054113e-09
4.365988792720543188e-09
2.447761215940147395e-09
1.087614109884782465e-09
2.614313210358432116e-10
1.110223024625156540e-16
