0.000000000000000000e+00
8.451671584808195803e-10
3.136536919079446761e-09
7.019027248311715539e-09
1.249369507849706906e-08
1.928685655627759843e-08
2.727960368709148042e-08
3.646904433995956651e-08
4.671067921346860885e-08
5.787734336237804200e-08
6.948108821624998654e-08
8.177137211795582061e-08
9.438766557234856691e-08
1.069054088587151341e-07
1.193867933402259496e-07
1.315032056581344477e-07
1.431181140265636031e-07
1.538254560395913018e-07
1.640060938168375060e-07
1.730566860924653838e-07
1.807278795507016866e-07
1.871014588816777291e-07
1.919986457599165419e-07
1.958296708126638919e-07
1.977349802784189592e-07
1.981120139049608042e-07
1.971413506884900357e-07
1.940975479230999667e-07
1.896684528324144026e-07
1.840885557324867250e-07
1.771354042334749579e-07
1.687665761584966617e-07
1.589101482624144523e-07
1.485963909697574081e-07
1.375081715160320073e-07
1.255214874262833291e-07
1.131492431971636847e-07
1.006692602611991560e-07
8.811696072807961855e-08
7.554600112147369373e-08
6.363245708129738887e-08
5.219560050839788801e-08
4.150392629576060699e-08
3.179441376843783473e-08
2.315630354132736102e-08
1.580046127269696399e-08
9.623456587171119736e-09
4.928675134685533976e-09
1.849978725765311083e-09
2.559208400754187096e-10
1.833505569592830398e-10
1.734440369105527679e-09
4.832647060304395836e-09
9.504037112861851710e-09
1.567477003749928599e-08
2.307780333499209746e-08
3.168245943374614626e-08
4.150134336189381656e-08
5.219349941132378490e-08
6.368468929984771876e-08
7.564830983852743884e-08
8.789381455986955416e-08
1.003594769510840479e-07
1.128546255335649562e-07
1.253994329486474157e-07
1.372500378904462082e-07
1.483131070179055655e-07
1.589182923034115902e-07
1.685035749821039985e-07
1.768615912611792851e-07
1.839057631736196186e-07
1.896032254533608352e-07
1.942042345826067162e-07
1.968253301454225834e-07
1.979812607189046503e-07
1.975546572996478289e-07
1.957130336682766369e-07
1.921091953294151722e-07
1.869027478340612447e-07
1.806233295154058283e-07
1.727582567001562097e-07
1.638143439786077238e-07
1.536334672813666202e-07
1.428334170938683201e-07
1.313938169378303655e-07
1.192621775780722260e-07
1.065874770667107896e-07
9.409988388497936285e-08
8.168942511321830580e-08
6.964550791632717619e-08
5.783301193496015458e-08
4.675034748213846569e-08
3.643724488799904293e-08
2.722283409806180998e-08
1.918637748676843557e-08
1.238211633225461128e-08
6.941950791983231284e-09
3.084510313833277451e-09
7.414201474986725771e-10
0.000000000000000000e+00
