0.000000000000000000e+00
2.552126487920247655e-08
5.413151138444760591e-08
8.414462704386949099e-08
1.144664326657718334e-07
1.441843521243768578e-07
1.731586970477039245e-07
2.004672750022251648e-07
2.261081648580187675e-07
2.500283113882062480e-07
2.721347833745113576e-07
2.925465018011053075e-07
3.111490235463421072e-07
3.280488853896201817e-07
3.435192764689176670e-07
3.576560546614260261e-07
3.702267932226277480e-07
3.816211417984050058e-07
3.919593815071564791e-07
4.011165506412339710e-07
4.093472473210013618e-07
4.169750801308325094e-07
4.233119710317367890e-07
4.291174393600272197e-07
4.342658675993149586e-07
4.388766527974041765e-07
4.430222850793086309e-07
4.463435870905030356e-07
4.489746741054290169e-07
4.515454914422178945e-07
4.533299529096979086e-07
4.547205372240625820e-07
4.559434596540512530e-07
4.564957398756064322e-07
4.567041422820494745e-07
4.566210227707756530e-07
4.559307889007158110e-07
4.549848782176013628e-07
4.535613096212642859e-07
4.517104164047935910e-07
4.492943642686597627e-07
4.466907963518451652e-07
4.432454936420526792e-07
4.394278194652656566e-07
4.348563151790330039e-07
4.299292211129568386e-07
4.242385507335910688e-07
4.176912294928669667e-07
4.104031469109870045e-07
4.022994959385073344e-07
3.931855909744541577e-07
3.829054878723425759e-07
3.717853080953403833e-07
3.592942170449475725e-07
3.454285236736964748e-07
3.300371992365214169e-07
3.134413304461958205e-07
2.948693963444881661e-07
2.748366012550462756e-07
2.528694683645582586e-07
2.292317613505900908e-07
2.037729762704998393e-07
1.766926760460307833e-07
1.481633595812326121e-07
1.187128328972164582e-07
8.834406761693003318e-08
5.825079729682158813e-08
2.962413536700125860e-08
3.481538612959411694e-09
1.803663807198319091e-08
3.252237756878884056e-08
3.735189424425300331e-08
2.919201802509263644e-08
4.474272841115123356e-09
3.975637730135872516e-08
1.062978505217415659e-07
1.961814827255992100e-07
3.079851089715646140e-07
4.373394638657046585e-07
5.768512183479401756e-07
7.146386575840324440e-07
8.367963414412926682e-07
9.294167192530622401e-07
9.801044104085221420e-07
9.830174806380043151e-07
9.369448770168986584e-07
8.487355288577802526e-07
7.297110338200241131e-07
5.926641679643296357e-07
4.532132311663161772e-07
3.216978011755244893e-07
2.074760314663137706e-07
1.149825056279141222e-07
4.561502364719416391e-08
1.069531130326595303e-09
2.787214825605843771e-08
3.793651426331479115e-08
3.435453388433984401e-08
2.096645834726018620e-08
2.220446049250313081e-16
