0.000000000000000000e+00
1.151607142979571563e-09
1.664031468173732264e-09
1.695477092056307811e-09
1.337729482742133769e-09
8.001072027141731269e-10
8.986755783979560874e-11
6.327923740556684606e-10
1.485141898349695566e-09
2.258719322689728415e-09
3.035065976320083792e-09
3.711988494359275137e-09
4.383344021086088560e-09
4.992503743750376088e-09
5.493136390199993002e-09
6.025551724242461660e-09
6.471585600742457700e-09
6.881557768068091718e-09
7.228106557732871806e-09
7.505102872507052325e-09
7.726239759087150105e-09
7.968526616330962042e-09
8.222868941309968704e-09
8.426048525578266890e-09
8.495418812870525471e-09
8.631944936610125296e-09
8.718781252525786840e-09
8.818698105095279516e-09
8.891322900161924281e-09
8.964847308945422810e-09
9.037251058607864707e-09
9.056588812228483221e-09
9.082771090795915825e-09
9.067380291050142205e-09
9.098411579699927643e-09
9.113714782849058338e-09
9.137096079747664135e-09
9.072016360356371933e-09
9.025867830914080514e-09
8.955989394543450999e-09
8.914050053654420935e-09
8.879887825052890094e-09
8.824615371771926675e-09
8.732068512706803176e-09
8.589831623773136471e-09
8.392990857863935616e-09
8.220667369052137019e-09
8.021538322466881255e-09
7.790094902482280759e-09
7.534444845802568125e-09
7.314601924157670965e-09
6.951002884392210035e-09
6.497669957639118365e-09
6.101778637912502745e-09
5.642312062015264473e-09
5.052857909859653773e-09
4.492168970138266104e-09
3.803314552186520814e-09
3.102870294036108589e-09
2.378259922330983045e-09
1.574556707240049036e-09
8.272423857036415029e-10
2.214894934127187298e-12
6.760279003259483943e-10
1.211081790408741199e-09
1.583504327662410560e-09
1.616068612264598414e-09
1.189159104519887933e-09
1.417130857106485564e-10
1.804525306958737474e-09
5.017105952909162170e-09
9.564757319502348309e-09
1.614092026702707017e-08
2.483541228226471276e-08
3.597925424259074134e-08
5.004457970247955245e-08
6.674822172758609895e-08
8.585615862699569334e-08
1.068369056556051078e-07
1.285987120125398064e-07
1.491943898423997439e-07
1.672012910347575598e-07
1.805231124585304769e-07
1.879425900463971288e-07
1.882500250127705499e-07
1.817517698565751516e-07
1.691437752082691759e-07
1.516984510230301453e-07
1.309182598996372349e-07
1.096271592393449623e-07
8.830932984871253666e-08
6.887252002041321930e-08
5.192094276740277792e-08
3.748615429177704073e-08
2.595852965914247079e-08
1.695092111120288791e-08
1.017961370752828998e-08
5.384432011368289750e-09
2.119237341169366573e-09
0.000000000000000000e+00
