0.000000000000000000e+00
2.239055953423552126e-06
3.917619857740639588e-06
5.191852292751875098e-06
6.167915984733873813e-06
6.942838482237867481e-06
7.551231968494498403e-06
8.049118305208935453e-06
8.450280807759114055e-06
8.780923692386366497e-06
9.056255564576787265e-06
9.287678544023236782e-06
9.482525829107579796e-06
9.651419505374292385e-06
9.795557186054182353e-06
9.920320850231867382e-06
1.002774189129418403e-05
1.011975111364638025e-05
1.020748349189748438e-05
1.028120040247326727e-05
1.034649362019468555e-05
1.040450693656769232e-05
1.045619009587550607e-05
1.050233629928953860e-05
1.054361149455118607e-05
1.058057747926888226e-05
1.061371021593426889e-05
1.063985732074890223e-05
1.067003556232126726e-05
1.069284751931132149e-05
1.071516737549682574e-05
1.073414834473762625e-05
1.074858175409421079e-05
1.076487280438076510e-05
1.077891952727672020e-05
1.079024421912766485e-05
1.079994874320089338e-05
1.080811554110550077e-05
1.081382127365859702e-05
1.082009477793022256e-05
1.082400470020505878e-05
1.082423237330765176e-05
1.082683378972326693e-05
1.082775940541846893e-05
1.082638562643900570e-05
1.082368972904479421e-05
1.081631206523159250e-05
1.081423509641243896e-05
1.080740028303051048e-05
1.079809460324820947e-05
1.078923442576762426e-05
1.077435993734887631e-05
1.076353326512347053e-05
1.074705905235173731e-05
1.073243097282627900e-05
1.071222073389943574e-05
1.068923133240584633e-05
1.066761872270394207e-05
1.063968226566736064e-05
1.061070095498273247e-05
1.057722075648026561e-05
1.053986515042737437e-05
1.049708074962740767e-05
1.045150642309256028e-05
1.039816086179090604e-05
1.033948167561415943e-05
1.027454619528800350e-05
1.019699060345047315e-05
1.011541054685149987e-05
1.001918281617886208e-05
9.909152560161338386e-06
9.782689780135633839e-06
9.632972780004855906e-06
9.466448145034611628e-06
9.267226080522661391e-06
9.030584489311266339e-06
8.751952494612247335e-06
8.413711503729714991e-06
8.006434940699413971e-06
7.504174717953837614e-06
6.878871361082339320e-06
6.091327669488499907e-06
5.076081027843848403e-06
3.767514657693205038e-06
2.049428338812830930e-06
2.500738193189633307e-07
3.364882563139381944e-06
7.512536643217160304e-06
1.298686309969543373e-05
1.983061657739870753e-05
2.737930376950359346e-05
3.350941443525101704e-05
3.583483072899795729e-05
3.300529966199228227e-05
2.667942678113988109e-05
1.913844603695924462e-05
1.240129079160823267e-05
7.060586696416848440e-06
3.006975588859539528e-06
5.551115123125782702e-16
