0.000000000000000000e+00
8.058571985269935567e-07
1.223754126700171696e-06
1.489038227608929787e-06
1.669054855990559361e-06
1.830922315648741971e-06
1.968749289482651932e-06
2.092315020574275763e-06
2.218853561664069218e-06
2.338679636615381696e-06
2.448918500985719504e-06
2.550929638189813886e-06
2.647381569742535135e-06
2.735722221647307606e-06
2.821139152731078070e-06
2.900712262721150125e-06
2.974473555017453918e-06
3.038217089912365054e-06
3.101353649892502062e-06
3.159969086619085488e-06
3.214965066056230114e-06
3.264773671851628478e-06
3.309791324568323034e-06
3.349606682689909576e-06
3.387989343517361363e-06
3.421425819993828554e-06
3.453498329308857251e-06
3.482079673711169221e-06
3.511161348002111993e-06
3.536294631567571400e-06
3.559098951444461534e-06
3.577320329073430116e-06
3.596202268862924711e-06
3.612963126453649920e-06
3.623158768006895514e-06
3.634229148286038935e-06
3.644056655538463474e-06
3.657736759477003829e-06
3.658462685240948531e-06
3.665663356855475286e-06
3.669697443808850323e-06
3.672532875031997435e-06
3.681708213743029035e-06
3.672564059642446921e-06
3.670343995731961684e-06
3.667561819575837490e-06
3.672416287403557078e-06
3.655931036128379219e-06
3.649607928535303358e-06
3.641443031998647939e-06
3.637037943482468449e-06
3.625396219786303220e-06
3.608099989227397941e-06
3.595538538236908721e-06
3.573716585547614955e-06
3.555895249918172851e-06
3.530041974952879968e-06
3.503662317716482733e-06
3.477066717660903805e-06
3.448740053979548748e-06
3.415601364520348682e-06
3.379532297786980166e-06
3.343101106167978287e-06
3.301181220161097940e-06
3.256148782271317543e-06
3.207017647444132535e-06
3.152599342914896852e-06
3.089717997450946996e-06
3.025682946189434119e-06
2.959456822271278043e-06
2.889280019457984849e-06
2.809182060081738541e-06
2.724903020112634522e-06
2.631890287929650185e-06
2.527370652316562882e-06
2.423429956488476478e-06
2.318513851573555939e-06
2.200052311329692145e-06
2.078058895071954737e-06
1.949682233881588900e-06
1.802805129957896213e-06
1.648408557541891639e-06
1.459877611686977161e-06
1.185425888783342430e-06
7.321515559377544946e-07
1.187723621676184393e-07
1.847149837197470390e-06
5.475817088651524500e-06
1.275065951011900012e-05
2.612058947348838700e-05
4.635043432965613164e-05
6.767091924497758981e-05
7.681301053663602829e-05
6.599325463585437035e-05
4.425608446856355016e-05
2.453986118799988958e-05
1.186600877789434350e-05
5.028616773872229828e-06
1.640611413833426013e-06
6.661338147750939243e-16
