0.000000000000000000e+00
3.525613426758056335e-07
4.598245038067716450e-07
5.556189101030284405e-07
6.841278088476343555e-07
8.450559265682500154e-07
1.042233590875518701e-06
1.265381736281767644e-06
1.510585495023697433e-06
1.776182486645794256e-06
2.056691034812985208e-06
2.348264467877392292e-06
2.648837957419658551e-06
2.950376341570581928e-06
3.248669711686247297e-06
3.540482933939159693e-06
3.816703628922724079e-06
4.078434489129811880e-06
4.317819814136925061e-06
4.534809565082120741e-06
4.721270529417509465e-06
4.876484684501747324e-06
4.995602337798388248e-06
5.082924852239933955e-06
5.130087611493472366e-06
5.139089286787523747e-06
5.110597699475860622e-06
5.045029571104642230e-06
4.939145830329394471e-06
4.804024662519168487e-06
4.629914546083746529e-06
4.430489676021664991e-06
4.201750833487949421e-06
3.948344756699029290e-06
3.680171166253742854e-06
3.394993839167526062e-06
3.099297550601676221e-06
2.798876249876514066e-06
2.498578934306827648e-06
2.200033450527882906e-06
1.912491194522303317e-06
1.639963200017469092e-06
1.383767008977798696e-06
1.148731386457768622e-06
9.422463028707639410e-07
7.612467647355458666e-07
6.151067935000753550e-07
5.033063543713467425e-07
4.271761414598174156e-07
1.186613400039338018e-06
1.186638875882994881e-06
4.257306975841146368e-07
5.037748995739832480e-07
6.156469603002534541e-07
7.606181640085196705e-07
9.398233234980679640e-07
1.151754701722573770e-06
1.385578767498785169e-06
1.641206656799454322e-06
1.915876501890068084e-06
2.201907346122133902e-06
2.497719701288758642e-06
2.800316480033870903e-06
3.100068749484208297e-06
3.397181335795806945e-06
3.680966795926998714e-06
3.950629536508820649e-06
4.199973130281087208e-06
4.429949225448481798e-06
4.630572235986285534e-06
4.804641871580805912e-06
4.938682709454411679e-06
5.044931028708177223e-06
5.110793855234163630e-06
5.140980120943439147e-06
5.128552355015969511e-06
5.083564403762785844e-06
4.995450873623852317e-06
4.875953384608777696e-06
4.720705871208430437e-06
4.532802357459786435e-06
4.318893578103555342e-06
4.077461221552169945e-06
3.816336592854518983e-06
3.539014507225601847e-06
3.247964847519213549e-06
2.948908169542185931e-06
2.648560425200230384e-06
2.348216692538152017e-06
2.053819741609785865e-06
1.774130758080971759e-06
1.508970882246885026e-06
1.262203071950018796e-06
1.041716814920157219e-06
8.473273279685500370e-07
6.835962605977741191e-07
5.553035294925123821e-07
4.597601579447996301e-07
3.540331591223022656e-07
0.000000000000000000e+00
