0.000000000000000000e+00
2.570468771168066269e-08
3.046103524972920695e-08
3.676393056650795188e-08
4.521931262768674742e-08
5.580773987379217260e-08
6.878123570697169953e-08
8.346347335486115071e-08
9.959686997351724358e-08
1.170720337340114270e-07
1.355282953641179233e-07
1.547125559886453061e-07
1.744889559507356580e-07
1.943288147066013494e-07
2.139551420476948351e-07
2.331550874590249123e-07
2.513290900951758999e-07
2.685497070276099407e-07
2.843000878050006008e-07
2.985769284036265958e-07
3.108451182010085745e-07
3.210574147649580823e-07
3.288947442170453428e-07
3.346401127313214374e-07
3.377431755380300160e-07
3.383354334474120151e-07
3.364608286426928885e-07
3.321467689776369525e-07
3.251801531378717414e-07
3.162898497555133304e-07
3.048342691602812238e-07
2.917130881296969847e-07
2.766631824746568213e-07
2.599902799715891888e-07
2.423457303724063649e-07
2.235823921559187966e-07
2.041269284713820298e-07
1.843605635931666598e-07
1.646023282120268050e-07
1.449593343139099488e-07
1.260402846536834431e-07
1.081090850174604157e-07
9.125243138896621531e-08
7.578804184227294627e-08
6.220214454621952882e-08
5.029308891568717854e-08
4.067764791670924751e-08
3.332161269131717063e-08
2.831253598234440005e-08
5.716363904451071676e-08
5.844763223405990971e-08
2.821742417502548506e-08
3.335243015101241326e-08
4.071317394327422790e-08
5.025171279093854082e-08
6.204270219800633868e-08
7.598693052557337069e-08
9.137160617012085595e-08
1.081908689304356130e-07
1.262629906184642437e-07
1.450825982685088889e-07
1.645457635701674803e-07
1.844552842689139993e-07
2.041776298034037040e-07
2.237262762827540996e-07
2.423980366428324373e-07
2.601405663105182953e-07
2.765461768472476933e-07
2.916774841654756756e-07
3.048774928071651402e-07
3.163304068687367021e-07
3.251496294431888145e-07
3.321402446410104403e-07
3.364737027888864418e-07
3.384598168398866846e-07
3.376421536804841139e-07
3.346821954020029466e-07
3.288847879590051093e-07
3.210224739369493818e-07
3.108079820179909802e-07
2.984448793652560994e-07
2.843707441746445852e-07
2.684856869050733508e-07
2.513049509600406850e-07
2.330584822907155740e-07
2.139087794672533960e-07
1.942322289671949420e-07
1.744707055495453574e-07
1.547094231613144188e-07
1.353393889180765086e-07
1.169370523745882906e-07
9.949064716519018248e-08
8.325434719402835526e-08
6.874724400862675111e-08
5.595719976270174811e-08
4.518434704170459781e-08
3.674318727053815792e-08
3.045680596613919988e-08
2.583680569490098833e-08
0.000000000000000000e+00
