0.000000000000000000e+00
4.448251766930866324e-10
8.588870725745323398e-10
1.228813717446541887e-09
1.577949215736396127e-09
1.894710943695088190e-09
2.172885982254513237e-09
2.424699441228028718e-09
2.669178988945475339e-09
2.881888172545643556e-09
3.075327659196602781e-09
3.241766077799468349e-09
3.406394499805287523e-09
3.552221738978289522e-09
3.684936689118956110e-09
3.805706527693075714e-09
3.916234225798120860e-09
4.020077604138805327e-09
4.110726536943332121e-09
4.192946767567207189e-09
4.267379671851756484e-09
4.334597902833081662e-09
4.395108610388831494e-09
4.449359214397929918e-09
4.489713600897005108e-09
4.536896414109037323e-09
4.578218026907165950e-09
4.607218162533399664e-09
4.634570172079577333e-09
4.662135566491087957e-09
4.676892317867498150e-09
4.695740574156559433e-09
4.698439637351725651e-09
4.712564782849426592e-09
4.711245060740054669e-09
4.705291711815107192e-09
4.703021860841261059e-09
4.697216171578588728e-09
4.675259956954391782e-09
4.656813490377942344e-09
4.638187389716108555e-09
4.610242299030176127e-09
4.578725731896327034e-09
4.541688913839436736e-09
4.495146144201100924e-09
4.455464774899553504e-09
4.401940034703955007e-09
4.342201598284134434e-09
4.271981324244222833e-09
4.202280523557533343e-09
4.112543638967736115e-09
4.031428302297968003e-09
3.928734559899282885e-09
3.824212169156737673e-09
3.700040718257469052e-09
3.568818129906503600e-09
3.424629912984755720e-09
3.271330539789119030e-09
3.092092248913047570e-09
2.900713780285002485e-09
2.695791589957252654e-09
2.464502046883865205e-09
2.205106097719067293e-09
1.924117865037544561e-09
1.615982236913282577e-09
1.283630979287408991e-09
9.116133403708204241e-10
4.975212464231049125e-10
5.638101097105163717e-11
4.317765034400622426e-10
9.627835195757938891e-10
1.537384664018759395e-09
2.154888045780012362e-09
2.812579169564344284e-09
3.513122348586250610e-09
4.233646100360033415e-09
4.974512024524813114e-09
5.682203263468466048e-09
6.404587415964613228e-09
7.042547767177609330e-09
7.612109942378708638e-09
8.073356538851328423e-09
8.403062357054125187e-09
8.574976839703651876e-09
8.574104537473203891e-09
8.430126929859227403e-09
8.109584004323266981e-09
7.675886259939090905e-09
7.105659727280055904e-09
6.464510482473428965e-09
5.768216904122880351e-09
5.042883888251026292e-09
4.310884427205508018e-09
3.599874953685855417e-09
2.894001593922723714e-09
2.231790197093630468e-09
1.609273714286985069e-09
1.044196618060766468e-09
5.073215181283785569e-10
0.000000000000000000e+00
