0.000000000000000000e+00
1.721041915869747640e-06
3.249808545824350858e-06
4.730337442082621635e-06
6.023585746750548253e-06
7.224153323215354305e-06
8.306065288121722290e-06
9.309747869834517076e-06
1.021731225081534689e-05
1.102436161204423115e-05
1.176442352046613848e-05
1.244199906946796830e-05
1.306455706640008430e-05
1.361750749340195910e-05
1.412895542773906499e-05
1.458217526539851150e-05
1.500895522876799504e-05
1.537282768238057429e-05
1.572378733316615040e-05
1.603586085752173318e-05
1.632894498626580315e-05
1.657994451154110038e-05
1.682830836524651374e-05
1.702949398163511319e-05
1.721519943143068332e-05
1.738763344616423012e-05
1.753461015052693028e-05
1.766004292036438272e-05
1.774845672553038156e-05
1.782909150838118961e-05
1.789970520638117790e-05
1.795605374532716070e-05
1.799630931720308524e-05
1.802293633934581862e-05
1.803668460786944649e-05
1.802981073750764551e-05
1.800007306640427629e-05
1.796891276695244954e-05
1.791449562738023360e-05
1.784366347457044810e-05
1.776014186560814778e-05
1.765045549473320818e-05
1.755065640363095980e-05
1.741301561786201546e-05
1.723759200111807388e-05
1.706065479700757948e-05
1.685456650479810747e-05
1.660916896129016607e-05
1.636008174910053015e-05
1.607171153217290538e-05
1.576335826103392179e-05
1.541526218795663539e-05
1.504834592835901930e-05
1.463490247355370144e-05
1.418691292187634900e-05
1.368119074551810144e-05
1.312796887364964249e-05
1.250853017609188100e-05
1.184810090892884915e-05
1.111422837440922962e-05
1.032262004985184944e-05
9.425593977541169011e-06
8.442226938076835552e-06
7.358914644206571154e-06
6.178361536157694900e-06
4.890563175097284443e-06
3.447488105545737369e-06
1.902603887438125696e-06
1.333138486270257772e-07
1.622939105883069999e-06
3.720728776079873512e-06
5.869180306761201393e-06
8.302571476326292554e-06
1.068237376200542599e-05
1.353150753191645350e-05
1.624881171369274568e-05
1.881002792558650327e-05
2.155904129363950261e-05
2.426720219372846543e-05
2.675714359179348634e-05
2.913722481212577264e-05
3.059010473982493039e-05
3.187256670311722218e-05
3.254649250961083595e-05
3.270248250053509054e-05
3.217942400091100552e-05
3.101609063260735155e-05
2.915258439395440604e-05
2.713827938316537569e-05
2.463202525959662381e-05
2.188471153929949509e-05
1.924433409128400996e-05
1.641087307402422368e-05
1.360541864670050671e-05
1.114691204551210291e-05
8.518528448409057319e-06
6.097826526829663862e-06
4.000888202182473208e-06
1.873838920918302620e-06
0.000000000000000000e+00
