0.000000000000000000e+00
5.558966110763563506e-07
9.765848425491441276e-07
1.293280303404920062e-06
1.536890028908111105e-06
1.731179639530289194e-06
1.883727797968859363e-06
2.006423186928785185e-06
2.105823682430063570e-06
2.188830235616556763e-06
2.257457282106578589e-06
2.314635647482354841e-06
2.364034642154955179e-06
2.405800887506082120e-06
2.441726467350413543e-06
2.472823018573322429e-06
2.499185040694129611e-06
2.523577633195550618e-06
2.543988281589193434e-06
2.562769062630643191e-06
2.579042679307086416e-06
2.593114661109119368e-06
2.606001404448221592e-06
2.617884557132299506e-06
2.627573966851315390e-06
2.637385108861245442e-06
2.645642977139317509e-06
2.653046330181041412e-06
2.659321526210511877e-06
2.665621313457933184e-06
2.670574589802576781e-06
2.675660357498443886e-06
2.678954558299473376e-06
2.683568029349103767e-06
2.686470356727532760e-06
2.689294014479592931e-06
2.692060040110355601e-06
2.694095475264113304e-06
2.695764606097661442e-06
2.697081096791897892e-06
2.697711723453899424e-06
2.698352248198254699e-06
2.699006954598459629e-06
2.698110157184352431e-06
2.698648990162588746e-06
2.697438470034008162e-06
2.696626019482728509e-06
2.695620670456477797e-06
2.693917208529406082e-06
2.691302169455234150e-06
2.689389674070952196e-06
2.685630492105239853e-06
2.682333181458496085e-06
2.679129223803755622e-06
2.674879048369938062e-06
2.670448595587515683e-06
2.664724937928575343e-06
2.658507284425404293e-06
2.652373960243536999e-06
2.644892956538136275e-06
2.635588453148152155e-06
2.627238121832853324e-06
2.616233806373990944e-06
2.604833571617781729e-06
2.592192934192105724e-06
2.577177690810117383e-06
2.560455415689943948e-06
2.542111563363924631e-06
2.520758403457001862e-06
2.497463622685991425e-06
2.470039398905221617e-06
2.438067458365722473e-06
2.402083619124084635e-06
2.358868585905504744e-06
2.309535739652979203e-06
2.251416987397725222e-06
2.181609065066147934e-06
2.096639935778021879e-06
1.994638166191720074e-06
1.870590001895600096e-06
1.714744704006676557e-06
1.518436937630873729e-06
1.265596512811661967e-06
9.415331232442980536e-07
5.116213829259308454e-07
6.187027312698489823e-08
8.339609324226060494e-07
1.867760737961354778e-06
3.242420212212770991e-06
4.965005730217519897e-06
6.827595702030286873e-06
8.372454303406939857e-06
8.944985586456510873e-06
8.247545797313016180e-06
6.628269809905162901e-06
4.772509363148991213e-06
3.094170348272307081e-06
1.755189285357339202e-06
7.561302687308923964e-07
1.522683756860487847e-09
