0.000000000000000000e+00
2.234120501931613489e-07
3.925415749117533437e-07
5.198583826748759407e-07
6.177973748133780418e-07
6.959273667339616054e-07
7.572679120437797451e-07
8.066063595935091257e-07
8.465776181187933958e-07
8.799594563013712900e-07
9.075581354212047813e-07
9.305522782332431575e-07
9.504198199561386673e-07
9.672171085162162285e-07
9.816656015848579386e-07
9.941720884310001338e-07
1.004772933965725201e-06
1.014584949610153330e-06
1.022793388316678431e-06
1.030347453023772175e-06
1.036892635086772430e-06
1.042551856955675760e-06
1.047734911163722415e-06
1.052514807864390889e-06
1.056410761868242787e-06
1.060357982529680498e-06
1.063679330060018913e-06
1.066656997839032783e-06
1.069180490809173989e-06
1.071714743505758349e-06
1.073706563103904443e-06
1.075752523838069408e-06
1.077076074884608659e-06
1.078933061671172311e-06
1.080099994221761506e-06
1.081235704081251470e-06
1.082348627057250212e-06
1.083167303406185056e-06
1.083838645055124061e-06
1.084368151604842012e-06
1.084621400138097158e-06
1.084879028945273660e-06
1.085142749102097071e-06
1.084780716475997053e-06
1.084998772715728421e-06
1.084510951598893769e-06
1.084184720112624234e-06
1.083780755140040242e-06
1.083095598874983523e-06
1.082042844324782038e-06
1.081274578096369510e-06
1.079761220545982781e-06
1.078435000079203121e-06
1.077147317229965040e-06
1.075437856212779764e-06
1.073656309524828600e-06
1.071353782244877095e-06
1.068852373609097128e-06
1.066386570602873007e-06
1.063377674803689388e-06
1.059633787825475792e-06
1.056276834110470020e-06
1.051849691680040166e-06
1.047265206111092084e-06
1.042181637322947552e-06
1.036142031174414058e-06
1.029415551800916262e-06
1.022038584319595600e-06
1.013449577480507457e-06
1.004082187949784100e-06
9.930525596280048717e-07
9.801933503750248633e-07
9.657221119452330527e-07
9.483400350562831704e-07
9.285012653181823339e-07
9.051289804329343269e-07
8.770554633663607547e-07
8.428821748340808995e-07
8.018632798867386668e-07
7.519850322434962209e-07
6.893189566925528311e-07
6.103870352491824747e-07
5.087218958310657513e-07
3.784506360515749179e-07
2.056288433971431573e-07
2.486747063823457893e-08
3.351255833949906560e-07
7.503996835023230005e-07
1.302496642874295674e-06
1.994139501082514698e-06
2.741439992570704476e-06
3.361107650756700593e-06
3.590581462487030251e-06
3.310950954849012362e-06
2.661328220798786504e-06
1.916733955664717826e-06
1.242974197901425271e-06
7.051837292992857442e-07
3.038991015502645610e-07
6.185929546376200960e-10
