0.000000000000000000e+00
3.636138070750583040e-06
2.242598114765570472e-06
2.708104902993113683e-06
3.332447273574068447e-06
4.114359124063327044e-06
5.072316212051397599e-06
6.156786082178733466e-06
7.348371421245225577e-06
8.639189405301728186e-06
1.000283107033261842e-05
1.142044492918881105e-05
1.288173358304778304e-05
1.434777263187303475e-05
1.579855281563791181e-05
1.721772784046837756e-05
1.856136083422388339e-05
1.983448612985494464e-05
2.099941960065354607e-05
2.205567360447080461e-05
2.296208489938056374e-05
2.371298359227225205e-05
2.429689913741039931e-05
2.472267616582257688e-05
2.495516846168222003e-05
2.498785930249436404e-05
2.485281087361013164e-05
2.451820730686726790e-05
2.400798957635785769e-05
2.336006104608490119e-05
2.254808252888373943e-05
2.156965691091361492e-05
2.042803848334440175e-05
1.920277123768077132e-05
1.788821386083938592e-05
1.651240816347154805e-05
1.507051675442294680e-05
1.360560067420468755e-05
1.215160743639476237e-05
1.070391604562903609e-05
9.306300405187428737e-06
7.980303193599880274e-06
6.731387218184003984e-06
5.589590152399459555e-06
4.586391165850578489e-06
3.707654895213075008e-06
2.998915927032719253e-06
2.455751787033833011e-06
1.834947510936935089e-06
9.325039681429281302e-06
9.376948408135188373e-06
1.822917006677471363e-06
2.457833882862914265e-06
3.001339147989945388e-06
3.705602549031183912e-06
4.576348316520650883e-06
5.606135411007073799e-06
6.742386160385471783e-06
7.984750186817990425e-06
9.319791995143766883e-06
1.071021864795795864e-05
1.214833818707905522e-05
1.361947856848289007e-05
1.507703193170950584e-05
1.652198973256524539e-05
1.790212993546536069e-05
1.921393564063844650e-05
2.042668431434524479e-05
2.154648745078535654e-05
2.252232774957452222e-05
2.336309689410231982e-05
2.401848112398852209e-05
2.453605923813384493e-05
2.486094497977653361e-05
2.499829959135002611e-05
2.494236292271967415e-05
2.471295380657156926e-05
2.428023187894812196e-05
2.369500511534283760e-05
2.298497609853900059e-05
2.207746154803125194e-05
2.100602613674951158e-05
1.982976133518832285e-05
1.854940520507053492e-05
1.721418024414056447e-05
1.579204128798750162e-05
1.433746220536047389e-05
1.287481438205784201e-05
1.142197795589439124e-05
9.993037322852948989e-06
8.632917343653900843e-06
7.341385704573433202e-06
6.138226924190526290e-06
5.067969421235218874e-06
4.125007999400409631e-06
3.328994580775734846e-06
2.706612565628319089e-06
2.242776696914638990e-06
3.600309202100859807e-06
2.410181429435276357e-16
