0.000000000000000000e+00
2.200352852699261064e-05
2.416354781764606940e-05
2.465820075947533496e-05
2.481284503852432266e-05
2.487024023878348089e-05
2.489346661460611898e-05
2.490300218449537084e-05
2.490670478894063677e-05
2.490752057227041405e-05
2.490712583602672225e-05
2.490617263106731372e-05
2.490495359064315295e-05
2.490362960549941107e-05
2.490240599184456727e-05
2.490117164899441349e-05
2.490006003985634209e-05
2.489906343616787865e-05
2.489815610906553900e-05
2.489730243959709099e-05
2.489652096859806818e-05
2.489582000064771705e-05
2.489513800818521361e-05
2.489453204135294584e-05
2.489398372795825765e-05
2.489348848233596811e-05
2.489303430430744868e-05
2.489264327421025769e-05
2.489225973523190305e-05
2.489195327681770209e-05
2.489165021746231332e-05
2.489136804117997315e-05
2.489106564207421712e-05
2.489085330181772804e-05
2.489064137534136023e-05
2.489044815123797605e-05
2.489027111518549162e-05
2.489013553375052368e-05
2.488994699068047822e-05
2.488982112536231028e-05
2.488973617320588971e-05
2.488963004321220751e-05
2.488956546775611400e-05
2.488946790912827112e-05
2.488941159750623910e-05
2.488936419475784589e-05
2.488937253830592056e-05
2.488930915300890945e-05
2.488934224653682747e-05
2.488932612498828689e-05
2.488931575994612899e-05
2.488932121136322451e-05
2.488940668077255225e-05
2.488939291012126631e-05
2.488949813272967049e-05
2.488952283630219142e-05
2.488965007185761635e-05
2.488973051995024832e-05
2.488980369808047044e-05
2.488996553628997077e-05
2.489006712602659377e-05
2.489026063123844779e-05
2.489043103603982843e-05
2.489058977617197854e-05
2.489080088940998081e-05
2.489106701308863023e-05
2.489128354399294807e-05
2.489156291540783883e-05
2.489191225563125442e-05
2.489218559387218477e-05
2.489258960980400559e-05
2.489296551966280191e-05
2.489340909361814624e-05
2.489390390691958999e-05
2.489444772668658601e-05
2.489502329949822013e-05
2.489572326691558146e-05
2.489643382275197325e-05
2.489721536136357827e-05
2.489801123628510027e-05
2.489891201207239391e-05
2.489992739485025197e-05
2.490102696750540190e-05
2.490218672579480597e-05
2.490350907802252323e-05
2.490477330274742940e-05
2.490598435267443733e-05
2.490702637947261877e-05
2.490754092587810220e-05
2.490691363332686592e-05
2.490383343856095166e-05
2.489555482054761626e-05
2.487535275397245726e-05
2.482530857128573132e-05
2.469328835952300238e-05
2.428410201493758080e-05
2.260327542058515604e-05
1.394719760927642938e-05
7.946040336903603674e-05
1.995376911444191048e-09
