0.000000000000000000e+00
9.538728044100608372e-07
1.873920774331239159e-06
2.679495869406522957e-06
3.408527143866635356e-06
4.107016789323125749e-06
4.711804592272272885e-06
5.278141024578353324e-06
5.764698277954671823e-06
6.245816409289339788e-06
6.664883967055779124e-06
7.027173223095317667e-06
7.374418669270355053e-06
7.701197482168353758e-06
7.988605573161500217e-06
8.257334368932944813e-06
8.495287559084907514e-06
8.694378665796698158e-06
8.900886153240250565e-06
9.085883319714938011e-06
9.240312755065538397e-06
9.392673392394357279e-06
9.527187390778735221e-06
9.644665774355409837e-06
9.732735121947833079e-06
9.832170488666136521e-06
9.924434319019681539e-06
9.988685769402039227e-06
1.004497094436729299e-05
1.009557171172126289e-05
1.013662304472084941e-05
1.017889428145402064e-05
1.020157177444858121e-05
1.020896324310793801e-05
1.020979360710771999e-05
1.021638682818792887e-05
1.019321333828315801e-05
1.018209175196460592e-05
1.015144636018483482e-05
1.009458675826913066e-05
1.004512758817632800e-05
9.992281092774391027e-06
9.922766229908397406e-06
9.853328868159039189e-06
9.755370531161489112e-06
9.640152525247636106e-06
9.541987413097530180e-06
9.386121166410354988e-06
9.265368620559044643e-06
9.106098871614065615e-06
8.913269806343215862e-06
8.736053439872826232e-06
8.522342095584889421e-06
8.279902360963653507e-06
8.028611738097879424e-06
7.718987338867222547e-06
7.432441764376740423e-06
7.062910540978073470e-06
6.712569669331536204e-06
6.270466441415933900e-06
5.842658847177162329e-06
5.341566286398702346e-06
4.790301984081146713e-06
4.183789505951551746e-06
3.506439206324429847e-06
2.782088485475675554e-06
1.975856303682022030e-06
1.055274155170593531e-06
1.222157737235107788e-07
9.359450758861243003e-07
2.087076152568201337e-06
3.334929843390455062e-06
4.673970074975386524e-06
6.130635131551542827e-06
7.628820601457420025e-06
9.197096624058431757e-06
1.075593918087314194e-05
1.229222485754632999e-05
1.381189191551612794e-05
1.523705373451811340e-05
1.654724902644399975e-05
1.747607220792257721e-05
1.825929819265770249e-05
1.861922965651352513e-05
1.858822040978758139e-05
1.830463365348755644e-05
1.756878400260841744e-05
1.660832220018448879e-05
1.541402859628338007e-05
1.406375716173080548e-05
1.250004208797061978e-05
1.097673666095033695e-05
9.378111421654011792e-06
7.821720474754378927e-06
6.280094042021566736e-06
4.853873262211649831e-06
3.503333577348222150e-06
2.243563161585804266e-06
1.096880086759455253e-06
0.000000000000000000e+00
