0.000000000000000000e+00
3.491412819983663596e-05
1.798644865447229790e-05
1.326031661874615963e-05
1.709527762316920274e-05
2.120925746174062709e-05
2.606764525148186351e-05
3.163255433036304964e-05
3.779880551602055050e-05
4.444069002051964645e-05
5.146405716494051319e-05
5.880160470694839603e-05
6.634913057168567718e-05
7.390296126064122006e-05
8.140834679792874340e-05
8.872329779807675010e-05
9.566433066265922491e-05
1.022727714534710231e-04
1.083104372057164255e-04
1.137215998637808312e-04
1.184276066307221598e-04
1.223132811651872487e-04
1.253545928514565588e-04
1.274699592255235103e-04
1.286933976392123924e-04
1.289567419988646435e-04
1.282354262108764686e-04
1.265250064377276829e-04
1.238931488198868891e-04
1.204359795178300274e-04
1.161059867671454526e-04
1.111005817115984229e-04
1.053220236990615177e-04
9.901972347925447338e-05
9.219955140260527315e-05
8.507555270986788543e-05
7.762619815143700919e-05
7.009243787381436164e-05
6.254030396135590308e-05
5.507107581781411909e-05
4.787414891327390620e-05
4.104857524567240290e-05
3.460122001541776626e-05
2.872247123653082213e-05
2.347732140395297762e-05
1.896892448582931934e-05
1.526497689896544330e-05
1.346853895989319483e-05
3.595342812695578871e-05
5.080183666114623797e-05
5.084560055110265431e-05
3.594314610677606936e-05
1.354991930935245392e-05
1.533335968861848642e-05
1.900582220326629823e-05
2.349347829777581609e-05
2.872165973899498681e-05
3.460093666607377827e-05
4.102058584809498143e-05
4.786441768989124768e-05
5.505860295096365320e-05
6.251235200238625112e-05
7.007586017260258870e-05
7.762000849043104722e-05
8.506689767384667533e-05
9.218083624695783129e-05
9.899225795750865586e-05
1.053027343421719664e-04
1.110864137030542764e-04
1.160891004747810484e-04
1.204424603564735463e-04
1.238896349151641374e-04
1.265155675522766643e-04
1.281848558176701403e-04
1.289235365580232440e-04
1.286913228769615003e-04
1.274443621364085288e-04
1.253141672180602129e-04
1.222477339184457890e-04
1.183883017639164592e-04
1.136966727176558223e-04
1.082864060191202071e-04
1.022510763724060467e-04
9.564640761994258611e-05
8.869464801597448655e-05
8.137159470633648084e-05
7.387841694439511997e-05
6.633457899940520264e-05
5.879710324607767546e-05
5.143942265362078103e-05
4.443491745353966849e-05
3.779267016656984168e-05
3.160897050746847015e-05
2.604899824443229761e-05
2.116673078678132924e-05
1.702355648791620268e-05
1.318744095701873675e-05
1.796479632321101860e-05
3.495177894696777088e-05
0.000000000000000000e+00
