0.000000000000000000e+00
1.535155948084732103e-06
1.114067169294408188e-06
9.435707911675805803e-07
1.128200172839655124e-06
1.398994631807148892e-06
1.718782531079376952e-06
2.085067316026645301e-06
2.490922919373694810e-06
2.928073180696877387e-06
3.390318618179399834e-06
3.873227483186525433e-06
4.369940241111258672e-06
4.867055275803444658e-06
5.360965639078507650e-06
5.842328755556458475e-06
6.299070112514293385e-06
6.733912034762035148e-06
7.131183237141236475e-06
7.487221004409683189e-06
7.796851188679454481e-06
8.052502323385724026e-06
8.252592993529539456e-06
8.391760218162680474e-06
8.472241217361009546e-06
8.489554627844064782e-06
8.442084423854190334e-06
8.329535191475834210e-06
8.156356598121305979e-06
7.928873051454843335e-06
7.643959021641499874e-06
7.314596999319356030e-06
6.934355029852845576e-06
6.519640383451097421e-06
6.070834262961177785e-06
5.602019707562355677e-06
5.111780967292922639e-06
4.615973316579591312e-06
4.118942409592207810e-06
3.627356855773200550e-06
3.153676724654275176e-06
2.704423885058204746e-06
2.280055901415778408e-06
1.893103625749681385e-06
1.547848260452511227e-06
1.251082916042811632e-06
1.007265790331501876e-06
9.911770061377112029e-07
1.653914471044792833e-06
2.164616664052099182e-06
2.162809117522979108e-06
1.807503698492141098e-06
9.911610738821963196e-07
1.011747104207039172e-06
1.253486867081043954e-06
1.548881326196571706e-06
1.893014652920577134e-06
2.279996769050107730e-06
2.702537357679446473e-06
3.152986583931927100e-06
3.626482908858363885e-06
4.117048429841396739e-06
4.614825645288256339e-06
5.111315205974520381e-06
5.601389991838345850e-06
6.069539746578200834e-06
6.517769406522155862e-06
6.933023161459495043e-06
7.313602576775046771e-06
7.642786454042926891e-06
7.929238104775748752e-06
8.156063738828933651e-06
8.328852529881913824e-06
8.438698778534536871e-06
8.487316008776168985e-06
8.472055788244503560e-06
8.390032047667084214e-06
8.249891071954174038e-06
8.048148726236270534e-06
7.794226311363949833e-06
7.485544456398152136e-06
7.129568766583993522e-06
6.732454825519873509e-06
6.297865127513624373e-06
5.840419450620082387e-06
5.358524892251637084e-06
4.865420565436373579e-06
4.368965858536633107e-06
3.872917349934112963e-06
3.388687033867299192e-06
2.927683531828151331e-06
2.490510501274023625e-06
2.083508149230972606e-06
1.717549270918716786e-06
1.396190472902070212e-06
1.123475409703367234e-06
9.116547770027239039e-07
1.057596802911398015e-06
1.518642807896153357e-06
0.000000000000000000e+00
