0.000000000000000000e+00
2.650071380116969522e-07
5.597650261091047241e-07
8.683168126744078563e-07
1.180890297880488049e-06
1.487714552883545593e-06
1.785937909559720538e-06
2.067654218729231275e-06
2.332834349694223874e-06
2.579608827435464491e-06
2.808209926818960867e-06
3.018159446366297516e-06
3.210241014794945613e-06
3.385921441667605336e-06
3.544492985896319226e-06
3.690397354594310286e-06
3.820242228669279427e-06
3.937796734687637468e-06
4.042891529776326820e-06
4.138712418222389999e-06
4.225439249827545041e-06
4.302242473497308595e-06
4.370149106591725285e-06
4.428886360874351169e-06
4.481486300278447743e-06
4.528476310161622109e-06
4.570459848585173290e-06
4.604673859542884884e-06
4.635217645598821434e-06
4.658879417585026772e-06
4.677907856187601965e-06
4.692842816345077495e-06
4.704626012763668541e-06
4.712506668558269496e-06
4.714647671932858941e-06
4.713219436403015550e-06
4.705045624331383181e-06
4.694299672092228093e-06
4.680735416817682903e-06
4.662005860911477839e-06
4.638291153602480676e-06
4.610201897570220808e-06
4.576677878009860478e-06
4.534875700179519242e-06
4.489315912126201624e-06
4.437399038215161795e-06
4.378269590987748927e-06
4.310733291101875864e-06
4.235822193776606071e-06
4.152148645575337582e-06
4.057937870838301819e-06
3.953218416841153271e-06
3.836750657182363966e-06
3.707841148670176779e-06
3.564562990332476033e-06
3.407961954637883650e-06
3.234763146342523044e-06
3.044256538853318261e-06
2.835720649740913757e-06
2.609972404199467633e-06
2.366003464149279978e-06
2.103599703318081993e-06
1.823634711017874110e-06
1.527601519168975130e-06
1.220836571169670037e-06
9.092342921901419572e-07
5.991154199413983861e-07
3.026966606256564774e-07
3.298408857155266105e-08
1.890966593309784116e-07
3.384258535632511666e-07
3.883344600330573826e-07
2.962882789114829052e-07
4.306783041307937765e-08
4.134113051890153656e-07
1.098055251169682833e-06
2.022602610840529280e-06
3.178270251980030991e-06
4.518194108182882474e-06
5.963906618444703156e-06
7.379281599773079847e-06
8.630384701779902912e-06
9.592641604827534252e-06
1.011819898577570598e-05
1.014539220145493914e-05
9.668269523421813005e-06
8.761363645137798528e-06
7.526793393552999589e-06
6.116899926578156510e-06
4.675594731162746598e-06
3.319633836151858475e-06
2.138553279351640413e-06
1.185475323906004519e-06
4.693902779795422475e-07
1.269991756203125988e-08
2.894228583461000426e-07
3.911673236434154433e-07
3.542962707658858790e-07
2.161805727762811102e-07
0.000000000000000000e+00
