0.000000000000000000e+00
4.944646170290667442e-08
1.044451414244917942e-07
1.620182841222117531e-07
2.203421921587178645e-07
2.775936206456108835e-07
3.332403121225624432e-07
3.858069085316273572e-07
4.352879954261368312e-07
4.813347065368844824e-07
5.239903345666263590e-07
5.631657183924332344e-07
5.990069932293451416e-07
6.317878101791407630e-07
6.613764007568079251e-07
6.886011927331736615e-07
7.128292622837761883e-07
7.347643629085354178e-07
7.543743457683049769e-07
7.722538778454079988e-07
7.884362234200636976e-07
8.027672180332956486e-07
8.154380881641998258e-07
8.263982309575368390e-07
8.362127497107962881e-07
8.449807242794094009e-07
8.528145265529474273e-07
8.591985847239413943e-07
8.648977251057843318e-07
8.693129022185885901e-07
8.728637441723918755e-07
8.756504821239019520e-07
8.778487944338664306e-07
8.793191288436474906e-07
8.797185906406213007e-07
8.794520655053261748e-07
8.779269634606734485e-07
8.759222620557949313e-07
8.733912311154057306e-07
8.698959622632784772e-07
8.654709444666508489e-07
8.602295704651652386e-07
8.539741919166843331e-07
8.461742426746354795e-07
8.376730570303081436e-07
8.279855918669198900e-07
8.169524655654569756e-07
8.043505815846785367e-07
7.903725488533908106e-07
7.747595587304090259e-07
7.571804288009076345e-07
7.376403118319885266e-07
7.159081274465961542e-07
6.918543090650430827e-07
6.651197703710920450e-07
6.358984322440974779e-07
6.035804169801650687e-07
5.680328216683960818e-07
5.291213576175124444e-07
4.869974560284262566e-07
4.414739835922887323e-07
3.925106542013168109e-07
3.402704409349865955e-07
2.850323257419518086e-07
2.277915100989957864e-07
1.696482654356401554e-07
1.117819476981196658e-07
5.647288026100483194e-08
6.147621522956114859e-09
3.528862668744636721e-08
6.314830780507207919e-08
7.245418465195996305e-08
5.527444613129262052e-08
8.014470864736722433e-09
7.717839045628949179e-08
2.049446878871208355e-07
3.774758534635935803e-07
5.931310443907378271e-07
8.431519625817784913e-07
1.112929231439352407e-06
1.377026606741438286e-06
1.610466852985936725e-06
1.789996048384701055e-06
1.888058108079349040e-06
1.893143053433021805e-06
1.804121608106612484e-06
1.634908632919263027e-06
1.404554865080953618e-06
1.141482925959280692e-06
8.725432079081940628e-07
6.195213828608103768e-07
3.991256624091832350e-07
2.212713742233418657e-07
8.763867442862505186e-08
2.331181470083265594e-09
5.397874947021819025e-08
7.297336213074601119e-08
6.610068958856629706e-08
4.033447242868248850e-08
0.000000000000000000e+00
