0.000000000000000000e+00
1.743821365085551633e-08
3.683364635520547381e-08
5.713644357641101124e-08
7.770361765135902488e-08
9.789236055102179535e-08
1.175150323717844003e-07
1.360514714221494614e-07
1.534997896568413012e-07
1.697369984565710865e-07
1.847783859254548133e-07
1.985925321967840773e-07
2.112309729351835585e-07
2.227902111684443298e-07
2.332238031588218519e-07
2.428238395912885039e-07
2.513671792936378324e-07
2.591019667708138741e-07
2.660168616497315952e-07
2.723215587474570043e-07
2.780277826852639578e-07
2.830811880460970542e-07
2.875492000065094089e-07
2.914139911602831035e-07
2.948747891418079803e-07
2.979665607583115161e-07
3.007289145484648429e-07
3.029800650367064918e-07
3.049896937223905979e-07
3.065465815632606450e-07
3.077986847621616562e-07
3.087813409408113330e-07
3.095565002109168518e-07
3.100749624840304364e-07
3.102158142587185807e-07
3.101218238876768396e-07
3.095840435118901723e-07
3.088771391990263737e-07
3.079846309095302104e-07
3.067521083810476057e-07
3.051917419893968031e-07
3.033435036492448944e-07
3.011377069928045103e-07
2.983872756656680281e-07
2.953895557045171927e-07
2.919735326845085410e-07
2.880829982343513507e-07
2.836392873906135037e-07
2.787103091650422471e-07
2.732048073328385840e-07
2.670060050835587617e-07
2.601157031989487223e-07
2.524524318481269347e-07
2.439704898105077291e-07
2.345432599248908900e-07
2.242391063944637608e-07
2.128429830161593372e-07
2.003080162849002477e-07
1.865868413108984214e-07
1.717328308448173857e-07
1.556799917867834893e-07
1.384140970728253706e-07
1.199925769856946545e-07
1.005137753029572423e-07
8.032855669526384190e-08
5.982482209621053926e-08
3.941835624576839336e-08
1.991312870153194581e-08
2.164666668136305816e-09
1.245016389983533145e-08
2.227861084502791300e-08
2.556578937440434629e-08
1.951493633356449209e-08
2.858606906741556486e-09
2.717226088577717746e-08
7.221424014325350527e-08
1.330406190769295449e-07
2.090735169435475882e-07
2.972254319333345052e-07
3.923459628296654955e-07
4.854660009545597177e-07
5.677782641821949028e-07
6.310826465849572742e-07
6.656615618716443805e-07
6.674558408192865500e-07
6.360669877469860012e-07
5.764021329124346948e-07
4.951794755347904697e-07
4.024217615805625314e-07
3.075969818855384119e-07
2.183867415794793487e-07
1.406819132299119701e-07
7.797804313369738338e-08
3.086694211340557104e-08
8.489426939206623501e-10
1.905298319115900085e-08
2.574434176949580433e-08
2.331567761082453671e-08
1.422589224198134161e-08
0.000000000000000000e+00
