0.000000000000000000e+00
5.065254432223831316e-06
8.837632426983432765e-06
1.171417494738591358e-05
1.393403218530320231e-05
1.565396282743325429e-05
1.703960599852560875e-05
1.815442812824752394e-05
1.906511552351997096e-05
1.980333938755851619e-05
2.041634560434602008e-05
2.094376102357298208e-05
2.137831131010514696e-05
2.175799530923505642e-05
2.208213113585877352e-05
2.235669318095823144e-05
2.260686017308000118e-05
2.281477051091496122e-05
2.300826985279780246e-05
2.316497687349095003e-05
2.332073882482799121e-05
2.345113123369824137e-05
2.355872272852277405e-05
2.367102657185871095e-05
2.376378547086499537e-05
2.384685728440416597e-05
2.391617915586952137e-05
2.398806141046261331e-05
2.404788053345097154e-05
2.410143401510023153e-05
2.414929097283025072e-05
2.418695336470211288e-05
2.422483323472057748e-05
2.425543606254798590e-05
2.428477562421704761e-05
2.431024910343193568e-05
2.433978169413819614e-05
2.435813041701262449e-05
2.437317691861284885e-05
2.437251176434784838e-05
2.438618746647414071e-05
2.439960050792944202e-05
2.440240502143975476e-05
2.440226460187489010e-05
2.439917814445191624e-05
2.439312126789605628e-05
2.438404589155673818e-05
2.435932439392995974e-05
2.435652341448157898e-05
2.433785192057502655e-05
2.431079020748239117e-05
2.428990640890305031e-05
2.426021892343310782e-05
2.422141346969386433e-05
2.418020249317365256e-05
2.414495407465633292e-05
2.409657552826516280e-05
2.403440366960385433e-05
2.398199941033851701e-05
2.391455024375321869e-05
2.383931400429251113e-05
2.375536635590425050e-05
2.366161990530191161e-05
2.355679056764703461e-05
2.343932797788106370e-05
2.329862475203281491e-05
2.315901885685534012e-05
2.298214143092724981e-05
2.280128735898667713e-05
2.258494846363312547e-05
2.233755869662790161e-05
2.205319642778480471e-05
2.172445464831973538e-05
2.134569700262822778e-05
2.088362089358586360e-05
2.036885257605813848e-05
1.972179258225015275e-05
1.898644058373477606e-05
1.805316474801088589e-05
1.691776788115273433e-05
1.551296863622209088e-05
1.374555296262958137e-05
1.145981892969327731e-05
8.520238174658523178e-06
4.644462401892646142e-06
5.817955851528111566e-07
7.593536400229972116e-06
1.704320080542220950e-05
2.950413823732400687e-05
4.516633567253069970e-05
6.210968458886245713e-05
7.642542751096215170e-05
8.174068106370224740e-05
7.543389137831812974e-05
6.068271392567492484e-05
4.350410239806201673e-05
2.812090305137626700e-05
1.599895719295307828e-05
6.844260530658452524e-06
4.440892098500626162e-16
