0.000000000000000000e+00
2.870987327596719041e-05
3.224313605987294551e-05
3.305354108251723488e-05
3.330672887402741367e-05
3.340067232082688520e-05
3.343870972827289734e-05
3.345436580337590726e-05
3.346033471163245565e-05
3.346172900320354415e-05
3.346100771417503950e-05
3.345952355404691048e-05
3.345752417660552425e-05
3.345535474741367921e-05
3.345328009896064714e-05
3.345132898358027518e-05
3.344948202377295843e-05
3.344787704118168392e-05
3.344639201285914965e-05
3.344499449908777677e-05
3.344374918046177925e-05
3.344254366177690230e-05
3.344148830719539944e-05
3.344049085074463079e-05
3.343955928825081969e-05
3.343874780914468658e-05
3.343800363053706093e-05
3.343728934102063732e-05
3.343672846334300175e-05
3.343624105400788693e-05
3.343574403202875800e-05
3.343520349607942421e-05
3.343478315942505219e-05
3.343443274084201278e-05
3.343409646205941499e-05
3.343376822373400614e-05
3.343347957207587484e-05
3.343321448723290956e-05
3.343295145241675925e-05
3.343279911072194466e-05
3.343261392485530337e-05
3.343240653375101346e-05
3.343228629093530913e-05
3.343215590834169859e-05
3.343214190076881920e-05
3.343200418681746555e-05
3.343195752225636141e-05
3.343193187355097962e-05
3.343196648342150468e-05
3.343193311222680819e-05
3.343195769234252879e-05
3.343194882932110090e-05
3.343199147443076669e-05
3.343212844908460823e-05
3.343213747197815167e-05
3.343225044172282168e-05
3.343246584219805584e-05
3.343259408294940727e-05
3.343271747779930081e-05
3.343297847968607073e-05
3.343317403248224906e-05
3.343343461914560777e-05
3.343373983200059740e-05
3.343400264954610179e-05
3.343437583447350647e-05
3.343478053641213421e-05
3.343519198562017181e-05
3.343567509839218133e-05
3.343613998807448695e-05
3.343666910349263333e-05
3.343723953175281594e-05
3.343785253973052818e-05
3.343861232740774625e-05
3.343946541134457107e-05
3.344027592455667275e-05
3.344130415960933078e-05
3.344237737323840776e-05
3.344353037471048395e-05
3.344476924282968611e-05
3.344617867839794201e-05
3.344769824664695079e-05
3.344927946735687385e-05
3.345102642515751512e-05
3.345298595558432453e-05
3.345513881258810329e-05
3.345720602676571787e-05
3.345918874331221815e-05
3.346082666866312394e-05
3.346165939177581095e-05
3.346080555888253372e-05
3.345575796576127914e-05
3.344204465749456290e-05
3.340883823055307289e-05
3.332692487467703302e-05
3.311021462537588889e-05
3.244040402705650195e-05
2.968082583998388202e-05
1.773551954209473536e-05
1.209999850260157217e-04
2.272487753529617294e-15
