0.000000000000000000e+00
4.917239222601565984e-05
3.274526785435050158e-05
3.572351959379993502e-05
4.405771597826291242e-05
5.214191463687178896e-05
5.992989933123471502e-05
6.725281027464280470e-05
7.412540370665965384e-05
8.050014847704733967e-05
8.636443419240968922e-05
9.180483990667287486e-05
9.672846503949728003e-05
1.012406508339447342e-04
1.053374864352640827e-04
1.090806844997738168e-04
1.124558113368978596e-04
1.155324201630447689e-04
1.182645691942818544e-04
1.207119536892342637e-04
1.229386910723828663e-04
1.249443498744229331e-04
1.266968799623624520e-04
1.282844907848357252e-04
1.296534004665561568e-04
1.308433493744098897e-04
1.319285033373196470e-04
1.328488715748310511e-04
1.335813367520088946e-04
1.342440772807984573e-04
1.347882985865966887e-04
1.351882454732056260e-04
1.355060230816551581e-04
1.356555684083327051e-04
1.357483869797171394e-04
1.357023799305467904e-04
1.355139866433541229e-04
1.352115156213473668e-04
1.348400564052942840e-04
1.343098438927325944e-04
1.337117051625202890e-04
1.329270097298884679e-04
1.320533015106706287e-04
1.309986305547683472e-04
1.298260301220155455e-04
1.284746990304341807e-04
1.269127737154596147e-04
1.251619333852982408e-04
1.231948144549965818e-04
1.210097958054268119e-04
1.185975791300197812e-04
1.159104920667175520e-04
1.128608173212031218e-04
1.095164484116173398e-04
1.058254237967792832e-04
1.017756128681712724e-04
9.727794058833616475e-05
9.238106250097910532e-05
8.702486816103416345e-05
8.121872532385054910e-05
7.491155837080487601e-05
6.806613310028630792e-05
6.077324298991992890e-05
5.303067142292672287e-05
4.498416596032672743e-05
3.676409131136981756e-05
3.421203080156143272e-05
6.285687756463209652e-05
4.144009667476911130e-05
6.235918095626180602e-05
1.725338743674420527e-05
2.275443044319480634e-06
6.626011882504556638e-07
3.898651120159968286e-06
1.303850440093068386e-05
2.759349227476892708e-05
4.769067442678132096e-05
7.349988182991928909e-05
1.036930876640029808e-04
1.363695155907063139e-04
1.689538427314118962e-04
1.979425317074623436e-04
2.200549011222019402e-04
2.323304231228728867e-04
2.329917633098199659e-04
2.221833315835253231e-04
2.010813721788906605e-04
1.727785254527214320e-04
1.404257913860673668e-04
1.075791887223953580e-04
7.701755855549219376e-05
5.065010712790307679e-05
2.984948075346327556e-05
1.461817940218157474e-05
4.834292708921772430e-06
1.167094331178120115e-07
1.266869191107744541e-06
7.509536145033912646e-06
3.928980842909934879e-05
0.000000000000000000e+00
