0.000000000000000000e+00
8.955987063075099286e-10
1.249265357827766820e-09
1.261894477799785363e-09
9.981531157166045887e-10
5.811322534299279141e-10
7.965483828087371876e-11
4.855766899680702409e-10
1.068181543217860963e-09
1.668261306875251648e-09
2.226142936656572147e-09
2.751501915199128234e-09
3.223603051161205713e-09
3.651889901590266163e-09
4.067899794790719170e-09
4.437738398976875942e-09
4.785197460499546196e-09
5.094789701232116386e-09
5.332040586836228613e-09
5.553641102551409858e-09
5.694020255297971289e-09
5.896945376449025389e-09
6.048969103389367774e-09
6.204278091281878460e-09
6.312100286898214563e-09
6.396441487588333530e-09
6.426663867742377079e-09
6.487914094854829727e-09
6.563637189316295917e-09
6.602313806780557570e-09
6.660290985394112795e-09
6.680137554226917018e-09
6.693494314369274889e-09
6.689177656227229818e-09
6.701516119811401495e-09
6.708860467163901831e-09
6.687209785916081728e-09
6.699062748971584824e-09
6.650826112064578410e-09
6.604956470646072830e-09
6.571764910034971763e-09
6.491714721335029026e-09
6.498781068842163222e-09
6.378604533452403302e-09
6.311961620042438881e-09
6.207875324903966430e-09
6.060819290887309307e-09
5.893774357446091017e-09
5.764620780723817006e-09
5.546672898759652526e-09
5.332118968581767149e-09
5.085512566616046115e-09
4.794067254287881497e-09
4.464070668674935405e-09
4.120439545118870228e-09
3.735288522932478372e-09
3.295074102460660015e-09
2.799973142231237944e-09
2.296183576611099397e-09
1.747071931568200398e-09
1.162000495824599966e-09
5.495085497742024927e-10
5.542677428138631512e-12
5.033593541980962982e-10
9.057788963318103015e-10
1.190422982411121211e-09
1.256164505747392468e-09
8.902467651950018990e-10
1.161925000658925455e-10
1.324061749130578391e-09
3.624823552428324547e-09
7.088826636802991743e-09
1.185036668793770787e-08
1.823599982131440811e-08
2.652075481446303229e-08
3.686261562663162294e-08
4.921276819391806612e-08
6.330563884215933967e-08
7.882496400046790086e-08
9.472200490634463677e-08
1.100598071568370528e-07
1.234414809259121171e-07
1.331131446180577882e-07
1.386097605582392589e-07
1.389397482620680080e-07
1.340355774148704882e-07
1.245652825332399516e-07
1.117224076585543457e-07
9.655914479100857761e-08
8.084339231384518598e-08
6.508433347818254333e-08
5.078446096984379210e-08
3.824891936510255164e-08
2.768572404665547992e-08
1.915208069913632016e-08
1.250032000132961230e-08
7.532296564249918447e-09
3.981494911542426962e-09
1.566974550115673992e-09
0.000000000000000000e+00
