0.000000000000000000e+00
4.943643272525832799e-10
7.306154570230205536e-10
7.114826505727478434e-10
5.664064772759047628e-10
3.318653130079951552e-10
3.751865484957761510e-11
2.648699037877122464e-10
6.095275395523458428e-10
9.523682953371803706e-10
1.273160354919866677e-09
1.559910978166101359e-09
1.835420149198796480e-09
2.085617234470760195e-09
2.323318537555962848e-09
2.547057120771967220e-09
2.720162983749219165e-09
2.897737272355982441e-09
3.027571304770049210e-09
3.158720618401389402e-09
3.252371372219897694e-09
3.368263112868419284e-09
3.455124852891344744e-09
3.543868087874102457e-09
3.605485354718496183e-09
3.633884637643802762e-09
3.670954540346826889e-09
3.710177498561506582e-09
3.742052334665402213e-09
3.771310153055651426e-09
3.804425885434170596e-09
3.819762395274040045e-09
3.826721495236995452e-09
3.820919913799514234e-09
3.827959171864847576e-09
3.826310601695581681e-09
3.823682925840898861e-09
3.826592376299231546e-09
3.807473558659069113e-09
3.777068657839777188e-09
3.737272380455181064e-09
3.735535991644667320e-09
3.712174567738202313e-09
3.670246662146325889e-09
3.605460707767349504e-09
3.531107406473665833e-09
3.464720510493179972e-09
3.377209623067756183e-09
3.281969696011799442e-09
3.168263651431857397e-09
3.072521681524165160e-09
2.904845364248842543e-09
2.735871640346942968e-09
2.564956025352671531e-09
2.359669237783634799e-09
2.133326293396464735e-09
1.876622079954870514e-09
1.603734145483315388e-09
1.304424346315613548e-09
9.948731838349544887e-10
6.574089050914722065e-10
3.406482873558047686e-10
1.043087838326073324e-11
2.880951033290557461e-10
5.211587827957941954e-10
6.789275808216643782e-10
7.007078250964582367e-10
5.085709631202917080e-10
6.957490139569699750e-11
7.732180451469616855e-10
2.091680717519750488e-09
4.051340041222317723e-09
6.790964679481703570e-09
1.042148667362852166e-08
1.516916403598855823e-08
2.108653729404608157e-08
2.811816213199591630e-08
3.617378652176483911e-08
4.502628103697503548e-08
5.414552861626731328e-08
6.286267184574256817e-08
7.045261785076917249e-08
7.605809770883098508e-08
7.927744039015749422e-08
7.933702617091142884e-08
7.660124268227264110e-08
7.128768464426116225e-08
6.383661610431801137e-08
5.521827495247322304e-08
4.612322135333357664e-08
3.718945418285102278e-08
2.902186968523068344e-08
2.186879077825665263e-08
1.582029995894629337e-08
1.094415569280471345e-08
7.143384772589911336e-09
4.312681434193166297e-09
2.256597908534274666e-09
8.823076713682098671e-10
3.552713678800500929e-15
