0.000000000000000000e+00
1.118444226122505825e-10
2.375345475869039547e-10
3.684875737874904189e-10
5.010575288011409611e-10
6.317245615505839851e-10
7.580689409536489620e-10
8.774649895570973968e-10
9.897799246871841206e-10
1.094309642901691859e-09
1.191567067237997435e-09
1.280290207184009432e-09
1.361746937433849780e-09
1.436115892872180666e-09
1.504063984469894422e-09
1.565644724976777979e-09
1.620824363612882735e-09
1.670700910949562967e-09
1.716447761701545005e-09
1.755827705451906695e-09
1.792069381778560455e-09
1.825465778537704864e-09
1.853969089360418820e-09
1.878616706640912071e-09
1.901209634169731544e-09
1.921321102216211330e-09
1.938898597231286658e-09
1.954003070459009450e-09
1.966030671596286084e-09
1.976780072965311774e-09
1.984621356143634330e-09
1.991522058375494453e-09
1.996019460825948499e-09
1.998445076090149541e-09
1.999795662399606044e-09
1.998994303420431606e-09
1.995918874619917460e-09
1.992124021299446213e-09
1.985459352482621398e-09
1.977228714089562800e-09
1.967609186692698131e-09
1.954494455169708544e-09
1.940132943190064907e-09
1.923429970851486814e-09
1.903684321291621018e-09
1.881892641719673520e-09
1.857194176224652438e-09
1.829257301189102236e-09
1.796689463873235582e-09
1.761237489183997695e-09
1.721350728622894621e-09
1.676345284806757263e-09
1.627654899749586548e-09
1.572958985285310973e-09
1.512430181094259751e-09
1.445627173524144382e-09
1.372225111317959545e-09
1.291304396744408223e-09
1.202802857314111407e-09
1.106869484956973793e-09
1.003484184636249665e-09
8.921318128685129523e-10
7.734182183583016013e-10
6.484561776431974067e-10
5.175442296945220733e-10
3.854052632590310168e-10
2.537645649169917306e-10
1.277910000041515559e-10
1.346589506567852368e-11
8.019629404998340760e-11
1.446271991056846673e-10
1.651537795410717990e-10
1.298299245888756559e-10
2.094957540776931637e-11
1.729818510654013153e-10
4.639495454483721915e-10
8.577624166505870562e-10
1.347390643502421881e-09
1.915211100822489243e-09
2.523253050945584164e-09
3.127113124001823508e-09
3.661796310616693972e-09
4.068669512413691791e-09
4.291216271212761058e-09
4.304791634268667622e-09
4.104802164839327361e-09
3.718841345978773916e-09
3.195553488488656058e-09
2.596970194446157620e-09
1.985843822716049090e-09
1.410632721743354523e-09
9.101652764798018325e-10
5.043374606827910611e-10
2.013087474495023343e-10
3.500866263550506119e-12
1.223744439116103422e-10
1.654598680289609547e-10
1.506028635134271099e-10
9.128409139691484597e-11
3.108624468950438313e-15
