0.000000000000000000e+00
3.027674777555944274e-09
5.288237403533457837e-09
7.025288795148298959e-09
8.353139069328108235e-09
9.393674726965173249e-09
1.022603945965983030e-08
1.088761325540588132e-08
1.143759020827417316e-08
1.188382525718623128e-08
1.225739743038189999e-08
1.257329951265262480e-08
1.284194839357155615e-08
1.306913999243874969e-08
1.326215925967488829e-08
1.343138544829258763e-08
1.358098722370471023e-08
1.370983326864916307e-08
1.382309056108255163e-08
1.392304493919027664e-08
1.400816107555158396e-08
1.409023786536067746e-08
1.416031980561172077e-08
1.422289175323498966e-08
1.427886331395455954e-08
1.432898599773579917e-08
1.437078911425970773e-08
1.441419383851894054e-08
1.445029451652146690e-08
1.448260866787620671e-08
1.451148801123736121e-08
1.453532472162066824e-08
1.455520903803630972e-08
1.457836473761631169e-08
1.459499421319065959e-08
1.461329635077390776e-08
1.462645538019557989e-08
1.463275334234737102e-08
1.464475030132916800e-08
1.465191801219845047e-08
1.465907695230583840e-08
1.465781629406137654e-08
1.466425292306894335e-08
1.466416565953920781e-08
1.465941601441755893e-08
1.465864718497300601e-08
1.465131549416298640e-08
1.464582810584147410e-08
1.463469534446204534e-08
1.462528997908663086e-08
1.460899179406283110e-08
1.459635701195338697e-08
1.457547538219472472e-08
1.455612053113952697e-08
1.453000031403917092e-08
1.450585807027948704e-08
1.447967723500198645e-08
1.444701436259521188e-08
1.441053787409884990e-08
1.436670626908664872e-08
1.432443441640174342e-08
1.427378260032696744e-08
1.421721806948994526e-08
1.415191130949011722e-08
1.407767391548020441e-08
1.400014759678214205e-08
1.391402282280296276e-08
1.380930658712031800e-08
1.369233870729402724e-08
1.356777235006489946e-08
1.341623745432229953e-08
1.324066700725268220e-08
1.304223085085709499e-08
1.281835249056229031e-08
1.254825199303866157e-08
1.222655621191393038e-08
1.184671460929820341e-08
1.138776428710741584e-08
1.083904177523464796e-08
1.014802308851869839e-08
9.304244374952475027e-09
8.236082482682149930e-09
6.865307544678955765e-09
5.097596345038368781e-09
2.775242369246200269e-09
3.536179127294758473e-10
4.531202746349549670e-09
1.017204420694639566e-08
1.760867618383343824e-08
2.686079447755673755e-08
3.697393979873453418e-08
4.541285669734662633e-08
4.852621726669781310e-08
4.478600246216046799e-08
3.602928677626238141e-08
2.591429093534713957e-08
1.683031169985582665e-08
9.571951897768826711e-09
4.074564907696753835e-09
2.220446049250313081e-16
