0.000000000000000000e+00
1.217934086916727665e-09
2.127288789566250671e-09
2.826052170057380408e-09
3.360202782687338185e-09
3.778779067431514704e-09
4.113610008182888578e-09
4.379744567017951340e-09
4.600980263447240759e-09
4.780489892830530607e-09
4.930763575217156358e-09
5.057845253730874902e-09
5.165913918858677789e-09
5.257303925532141875e-09
5.334948594004629285e-09
5.403024250227872471e-09
5.463207108924450495e-09
5.515038092873680853e-09
5.560597315934501239e-09
5.600804042771301283e-09
5.635041655516204173e-09
5.668062130759210504e-09
5.696251026421350616e-09
5.721424445326306341e-09
5.743939546221099590e-09
5.764105304173483546e-09
5.780919964948338929e-09
5.798376112586822728e-09
5.812898828949641938e-09
5.825898652389582821e-09
5.837518357587612172e-09
5.847107464873602112e-09
5.855107731989050990e-09
5.864419394541187103e-09
5.871110486665997996e-09
5.878471931453077559e-09
5.883764586656070605e-09
5.886296450263728275e-09
5.891123144863286143e-09
5.894006394058237674e-09
5.896884980316485780e-09
5.896381716219423197e-09
5.898971089379756449e-09
5.898934452019943819e-09
5.897023758194563925e-09
5.896713339836878731e-09
5.893765253617289090e-09
5.891559351489661367e-09
5.887077714206156998e-09
5.883296405606586177e-09
5.876741981936106640e-09
5.871654606970366785e-09
5.863259100458151352e-09
5.855471330029615729e-09
5.844965622614495260e-09
5.835252614438957153e-09
5.824719817582035830e-09
5.811584102843880828e-09
5.796904178900774696e-09
5.779273948292029672e-09
5.762272881071339725e-09
5.741894071320530202e-09
5.719143381099911494e-09
5.692871396512089177e-09
5.663009505774141417e-09
5.631823563057025694e-09
5.597173169391567171e-09
5.555050086591961644e-09
5.507996503339995797e-09
5.457888807569588607e-09
5.396934232848593638e-09
5.326303509356478116e-09
5.246477807752114586e-09
5.156419624618990838e-09
5.047767648314049893e-09
4.918358276206902246e-09
4.765561056885303515e-09
4.580939849674336983e-09
4.360201977249289484e-09
4.082227222923506815e-09
3.742801402140116807e-09
3.313111118785627696e-09
2.761695427899724109e-09
2.050600245162570445e-09
1.116389536370832047e-09
1.422504336545671322e-10
1.822759054803668732e-09
4.091884275858603814e-09
7.083390762829822052e-09
1.080519329565987618e-08
1.487335443695059212e-08
1.826802675797267739e-08
1.952040995512049903e-08
1.801586602123705916e-08
1.449335251813010927e-08
1.042445052501506098e-08
6.770281890666751679e-09
3.850485041922979690e-09
1.639068325509640545e-09
2.220446049250313081e-16
