0.000000000000000000e+00
1.015721451391726760e-08
2.144125910152894221e-08
3.326264130798506358e-08
4.527602448511913735e-08
5.702381855599014671e-08
6.840647892580875578e-08
7.922026568074613806e-08
8.935437678658786353e-08
9.880032980635888862e-08
1.075595934540984899e-07
1.155787049400558431e-07
1.229069084285328017e-07
1.296862169875012682e-07
1.357543846225439665e-07
1.413360779523031852e-07
1.463124943423821378e-07
1.508118909754330161e-07
1.548969945641687218e-07
1.585163931228095180e-07
1.617679319387832493e-07
1.646646720088185134e-07
1.673908512911381763e-07
1.696159616093595446e-07
1.716585218414223846e-07
1.734479083692619383e-07
1.750222745622309617e-07
1.763270340848777096e-07
1.775115796576187677e-07
1.784093289769472790e-07
1.791420829455603325e-07
1.797729918262547244e-07
1.801545350677002943e-07
1.803488286489240977e-07
1.805471490090582165e-07
1.804917788561510861e-07
1.801699117676136552e-07
1.798013258280661830e-07
1.792257553479004173e-07
1.785076257920792386e-07
1.776448745882674984e-07
1.765243565765572953e-07
1.751337932454077873e-07
1.736544342767487592e-07
1.718436059006123173e-07
1.699019459566741830e-07
1.676466461209003000e-07
1.650662875274377939e-07
1.622091434505534835e-07
1.589325108186656621e-07
1.553504821449891438e-07
1.513210863279823570e-07
1.469206406534695475e-07
1.419882227349233972e-07
1.365060285918318073e-07
1.304215277997400335e-07
1.237837379264306037e-07
1.165751791765146095e-07
1.085785806820283028e-07
9.991441785039967272e-08
9.058217165236470692e-08
8.053052580336839128e-08
6.981490419111224810e-08
5.846014128341181504e-08
4.679578413657736746e-08
3.476428966919797858e-08
2.289500866670124424e-08
1.148857053934193573e-08
1.215299416656989706e-09
7.260229084593561311e-09
1.301246321805393791e-08
1.493456580625718289e-08
1.172182662045884172e-08
1.913914360329727060e-09
1.560230511454818725e-08
4.186293733887680446e-08
7.730740536615599012e-08
1.216125523617606063e-07
1.728460589101032951e-07
2.278804598354611244e-07
2.823591140899139873e-07
3.305498015304664250e-07
3.671081973966039413e-07
3.874082304955450695e-07
3.886860717727813608e-07
3.704780622282299873e-07
3.355817076444722602e-07
2.884278413883833991e-07
2.344039247148543836e-07
1.792399150213341841e-07
1.273363791076675966e-07
8.215315772108766623e-08
4.554695309799683400e-08
1.815183070519310604e-08
3.607226739532620741e-10
1.098524449183457818e-08
1.495458068490052028e-08
1.356613132941220101e-08
8.198256074010146222e-09
3.330669073875469621e-16
