0.000000000000000000e+00
3.961559863485675237e-07
6.127282693446645112e-07
7.856028935160352944e-07
9.207498531393909502e-07
1.025376378360753904e-06
1.106376217308024934e-06
1.169310082871355405e-06
1.218528153490439081e-06
1.257104600860259325e-06
1.287785343584424425e-06
1.312092135608011745e-06
1.331488023281757194e-06
1.347150273334207782e-06
1.359840178238869157e-06
1.370155496283054219e-06
1.378580037680876558e-06
1.385524376118496548e-06
1.391153765184505176e-06
1.395709361529107184e-06
1.399650754740910941e-06
1.402963016206015823e-06
1.405667060860871231e-06
1.407953843624021317e-06
1.409834714860558336e-06
1.411270419082732985e-06
1.412586003057825224e-06
1.413684694751005111e-06
1.414697574864121066e-06
1.415601179721726055e-06
1.416186243941019995e-06
1.416658562680694899e-06
1.417047011509353638e-06
1.417313455376323361e-06
1.417714015850002340e-06
1.418039873635201786e-06
1.418214077286705788e-06
1.418445635836818042e-06
1.418558384425061547e-06
1.418734528857434896e-06
1.418800226971050904e-06
1.418883688653060915e-06
1.418852214052357397e-06
1.418902527139387360e-06
1.418758554860843901e-06
1.418798117103214906e-06
1.418728363788979152e-06
1.418544911424568511e-06
1.418447159617919340e-06
1.418277860931738132e-06
1.418041852274676273e-06
1.417714828533256366e-06
1.417288675198413728e-06
1.416995940584087066e-06
1.416563037648366219e-06
1.416116217400897881e-06
1.415497453360892166e-06
1.414602577853862897e-06
1.413663525018371558e-06
1.412468607853156755e-06
1.411250355132231959e-06
1.409569207910799093e-06
1.407649000584321186e-06
1.405331572779111582e-06
1.402684139173437927e-06
1.399430992310435329e-06
1.395304491502713518e-06
1.390678350032814592e-06
1.384971294760006799e-06
1.377874793484501481e-06
1.369444874055325556e-06
1.358831769548984880e-06
1.345816591280524221e-06
1.329923878690131289e-06
1.310036762292021706e-06
1.285123280791999889e-06
1.253849193583178590e-06
1.214418373307601939e-06
1.164020905553009300e-06
1.099758325628918953e-06
1.016793835018070524e-06
9.093789228309390182e-07
7.706876180568755785e-07
5.948215721085503560e-07
3.655097270405249787e-07
3.980858244850837835e-07
1.706639859433423112e-07
3.893133920795932568e-07
3.651794994175006082e-07
1.955160852107340475e-07
1.511296302880715814e-06
3.174974164577015756e-06
3.930291926690365756e-06
3.029795751841035667e-06
1.359290959679348987e-06
1.111462745173597000e-07
3.860114238252165819e-07
3.760866561508535710e-07
1.459123429858877330e-07
1.730741718128023243e-09
