0.000000000000000000e+00
3.031604878245275358e-08
6.446982381280719210e-08
1.000412361840119502e-07
1.360791724858145813e-07
1.714515365236479738e-07
2.056978962716726755e-07
2.381341939194925317e-07
2.686949474028921259e-07
2.970131858237579081e-07
3.234372436544674656e-07
3.476107653943572018e-07
3.696704297118103000e-07
3.899886886760128846e-07
4.083376176078346020e-07
4.250433984775980889e-07
4.400703077500622840e-07
4.537629899603601302e-07
4.658885845998383957e-07
4.769566528395330351e-07
4.866731870833973517e-07
4.954250207855892540e-07
5.032698116025358104e-07
5.101020388309507325e-07
5.162406472303260330e-07
5.215661486035472194e-07
5.267378346829332258e-07
5.304249055537724189e-07
5.337146360417932556e-07
5.364538365748572346e-07
5.389703525704447884e-07
5.405895374677172072e-07
5.417686164133073135e-07
5.425980313944478439e-07
5.429123035582961165e-07
5.428647875671543943e-07
5.421377335945720688e-07
5.409370287257075915e-07
5.391308132152161647e-07
5.368033111352588094e-07
5.343580624650456912e-07
5.310808625091922863e-07
5.269158585008426599e-07
5.225026656896503141e-07
5.171233264933405849e-07
5.111777566790820515e-07
5.045172946083198440e-07
4.968266354987704858e-07
4.881046322680049343e-07
4.784403737634335130e-07
4.675673763721022169e-07
4.554703247894309470e-07
4.420833115137412506e-07
4.273162337309344139e-07
4.109150382181070427e-07
3.928171043998673895e-07
3.726062461906209933e-07
3.507850950823510061e-07
3.270397874732822174e-07
3.009227351746801560e-07
2.728893442327517960e-07
2.426621905637915688e-07
2.104701972704958735e-07
1.765435433398465648e-07
1.410785912536738351e-07
1.052585281158258113e-07
6.960273735145960927e-08
3.547060289932346677e-08
4.388639562868945632e-09
2.099070717243023410e-08
3.840138140809301603e-08
4.399416164702074639e-08
3.442145468657287211e-08
5.021847715447336213e-09
4.768979544600426834e-08
1.266215122752711864e-07
2.329250955446227067e-07
3.660181876474766227e-07
5.200824415574345494e-07
6.868720998642885434e-07
8.495904028071876724e-07
9.953893758130050173e-07
1.103902497190389909e-06
1.165703520378258418e-06
1.168994656297606127e-06
1.113842395761288628e-06
1.009570334109533007e-06
8.673117021240628333e-07
7.045110758108208415e-07
5.386524850603535697e-07
3.823917055223446937e-07
2.465455432032470640e-07
1.366171196170995472e-07
5.417192261436554190e-08
1.296444507303817772e-09
3.332720832638358388e-08
4.508899853483683273e-08
4.099579276051201759e-08
2.476640270643315489e-08
0.000000000000000000e+00
