0.000000000000000000e+00
6.158473628881111495e-05
1.069301092416763410e-04
1.421566278403396666e-04
1.690974861109362237e-04
1.899084360036384922e-04
2.066001102017933633e-04
2.200084123532564107e-04
2.308997594002715203e-04
2.399351437142316357e-04
2.473589285640898083e-04
2.536572818255811157e-04
2.590925008927325024e-04
2.636320912496881164e-04
2.674760137106879654e-04
2.708573519205614843e-04
2.738207316468344033e-04
2.764036083969800828e-04
2.786735799212847198e-04
2.807549244577822734e-04
2.824507622557481668e-04
2.841027746814939192e-04
2.854824488546237049e-04
2.867797295164065119e-04
2.877725426806421183e-04
2.888694761729038163e-04
2.896904227503993567e-04
2.905811927977897113e-04
2.913033488933791659e-04
2.919946915364013407e-04
2.925275775158553415e-04
2.928989045183350015e-04
2.935436656508194631e-04
2.939029901746215145e-04
2.941598269993184189e-04
2.945639026392665727e-04
2.947311982630651528e-04
2.949530869570393676e-04
2.952737470219846116e-04
2.953839303841965247e-04
2.953978336858176235e-04
2.955596559999218442e-04
2.955935129463904687e-04
2.955918177738325880e-04
2.955545571152740081e-04
2.954814365103697327e-04
2.953284037933157080e-04
2.952580909626467687e-04
2.949336538000668639e-04
2.948475030649655437e-04
2.945803174313477157e-04
2.942689673827159069e-04
2.939107379529293240e-04
2.934581876348207885e-04
2.930402592236092119e-04
2.924752232026373022e-04
2.918912006945051374e-04
2.911354074817129600e-04
2.905080095870760104e-04
2.896869894203346618e-04
2.887343948569931484e-04
2.877979013695686206e-04
2.866661682469073824e-04
2.854006029920919119e-04
2.839602047008948915e-04
2.823614368639981720e-04
2.804959076607715929e-04
2.785487752899884484e-04
2.762437410938067828e-04
2.735461509356662546e-04
2.706388281257243733e-04
2.672011376010363648e-04
2.632411994794026100e-04
2.586196439955390503e-04
2.531007308729238403e-04
2.467841735817044579e-04
2.391466432103417361e-04
2.299817470797771435e-04
2.188456151004380956e-04
2.051450824801515083e-04
1.881099074364511736e-04
1.667884537005503987e-04
1.391699282771163837e-04
1.033452214833641136e-04
5.647199114222622995e-05
6.835253065884394630e-06
9.222862020719091447e-05
2.068550059316498491e-04
3.602879993965801830e-04
5.510678793496648353e-04
7.612652764950045281e-04
9.381726810756552126e-04
1.005596620960891308e-03
9.260458800360860110e-04
7.418083105108497222e-04
5.315419770036688973e-04
3.435001952822869242e-04
1.943459144014836326e-04
8.312936141774418530e-05
9.992007221626408864e-16
