0.000000000000000000e+00
2.673756105409097472e-09
1.065551047396695594e-08
2.380034225257787739e-08
4.196546155021962932e-08
6.471878155611676675e-08
9.182012172814779660e-08
1.228134849373674342e-07
1.571908998521109879e-07
1.944152110411323520e-07
2.339387240590795614e-07
2.750201665291385211e-07
3.169575364392329675e-07
3.591796268187508190e-07
4.009312667418996057e-07
4.418132019123888199e-07
4.806079959562836734e-07
5.173033782446267992e-07
5.509242065881991834e-07
5.807717332606543437e-07
6.072459589612222430e-07
6.288428552325697751e-07
6.456368332186102066e-07
6.575325488533678708e-07
6.643973777809009107e-07
6.656405207028370796e-07
6.614831598028558801e-07
6.520128051912266187e-07
6.379258067346071925e-07
6.187085621611743136e-07
5.943965158961006523e-07
5.663435574954078788e-07
5.346931185590264590e-07
4.992557168792544076e-07
4.616657065525942016e-07
4.215852668076891518e-07
3.802047917611517391e-07
3.381420990988814879e-07
2.959537661606503889e-07
2.543777631869303946e-07
2.140164193642490886e-07
1.755066371122993019e-07
1.396693283250982631e-07
1.069636307304833167e-07
7.781592703537398847e-08
5.289998317170585551e-08
3.231138767656460686e-08
1.670311589041517664e-08
6.042904066028143006e-09
7.171626625890326068e-10
7.946414637416410187e-10
6.076007807997996224e-09
1.654482650881305972e-08
3.220025823758021488e-08
5.268691183335505457e-08
7.781487409985743398e-08
1.070120091428705678e-07
1.397164718364152236e-07
1.755105447642790750e-07
2.139148572721794039e-07
2.542184637244204737e-07
2.956460526393200894e-07
3.380351742965359563e-07
3.803265148372148019e-07
4.213921700468858944e-07
4.611749250260643862e-07
4.990818365246951771e-07
5.341732298713708360e-07
5.660640911564485123e-07
5.942408271009114173e-07
6.181941746286057082e-07
6.375286644155764293e-07
6.522038527023710230e-07
6.611609933981910103e-07
6.653317907723277358e-07
6.637958376298769281e-07
6.572943104243833545e-07
6.454377968756475070e-07
6.283609738089168673e-07
6.067449049851347809e-07
5.805940026526457132e-07
5.505890096069165907e-07
5.169546299921279342e-07
4.803857281965306925e-07
4.413633222233315223e-07
4.010641100338219189e-07
3.592405437569112792e-07
3.167624693656279078e-07
2.747354300725035614e-07
2.338157889525405153e-07
1.943536781512378298e-07
1.572082790612938652e-07
1.228821273624447485e-07
9.188805205617711636e-08
6.463847279647438882e-08
4.179881851751332533e-08
2.369337692709194698e-08
1.059121490509795649e-08
2.678817279111456173e-09
0.000000000000000000e+00
