0.000000000000000000e+00
1.075579181275543306e-09
4.286428101352157682e-09
9.574243620136257960e-09
1.688159245727405278e-08
2.603465965034246210e-08
3.693681915883928468e-08
4.940464670699640237e-08
6.323378543005020447e-08
7.820816871895175382e-08
9.410745738236414581e-08
1.106334697187350002e-07
1.275037997405803480e-07
1.444886749135676496e-07
1.612843051335133282e-07
1.777300743244225600e-07
1.933362474559885413e-07
2.080978801499711039e-07
2.216226998585923980e-07
2.336296203164778262e-07
2.442795422608057265e-07
2.529674328899389479e-07
2.597232324763609768e-07
2.645085748209652365e-07
2.672701144845746057e-07
2.677701899100881633e-07
2.660977731494540421e-07
2.622880722613629700e-07
2.566212045085336513e-07
2.488905674891128683e-07
2.391104103605101727e-07
2.278253851129008467e-07
2.150931821542911848e-07
2.008375796780370592e-07
1.857160392138013094e-07
1.695926657996338349e-07
1.529463297123001553e-07
1.360255558191525438e-07
1.190542473494815567e-07
1.023292685031762517e-07
8.609292911909705026e-08
7.060142193093810192e-08
5.618499177018065893e-08
4.302832756764018995e-08
3.130295600506372011e-08
2.127991716172061842e-08
1.299765972628819100e-08
6.718857914478348903e-09
2.430539658426766891e-09
2.881296312651215885e-10
3.193038056181762840e-10
2.443863889034503245e-09
6.655196393978712877e-09
1.295297635817149740e-08
2.119422926050162914e-08
3.130256420735832990e-08
4.304782141861807077e-08
5.620398957351113722e-08
7.060303874872886354e-08
8.605212031831399599e-08
1.022652473814389396e-07
1.189305302018439647e-07
1.359826108382478083e-07
1.529953654877402869e-07
1.695150663172384498e-07
1.855186909649475524e-07
2.007677152304765400e-07
2.148841330429362984e-07
2.277130582983843965e-07
2.390478803793172347e-07
2.486837407111863740e-07
2.564615495526112454e-07
2.623650383615228066e-07
2.659682906136495717e-07
2.676461147155251297e-07
2.670282478467456144e-07
2.644128490603137038e-07
2.596432686630123499e-07
2.527736847612871429e-07
2.440780701995493018e-07
2.335582075518871648e-07
2.214879427642202359e-07
2.079576618685408107e-07
1.932469025911487392e-07
1.775491659250505450e-07
1.613378024512002185e-07
1.445132349342514999e-07
1.274253776939460181e-07
1.105189723071831054e-07
9.405804402007333920e-08
7.818344560650558606e-08
6.324080448205648963e-08
4.943228160136925453e-08
3.696416994714013526e-08
2.600237358763024531e-08
1.681457650892781430e-08
9.531230138470903057e-09
4.260573227554687037e-09
1.077614109057378755e-09
0.000000000000000000e+00
