0.000000000000000000e+00
3.208366350371250064e-09
4.757859106696571416e-09
4.725563385044040388e-09
3.749090149440803543e-09
2.235320817334240928e-09
2.587516867436079337e-10
1.904054469648031045e-09
4.042230883349873238e-09
6.276638542246359975e-09
8.438833076773732955e-09
1.034728791537986581e-08
1.219175238542646866e-08
1.393547865990996115e-08
1.544883976301036910e-08
1.676292904484455448e-08
1.800451010502968074e-08
1.905666757728852190e-08
2.004744370509570217e-08
2.088139738898320275e-08
2.149685351948704692e-08
2.226693818219160903e-08
2.287934741662667193e-08
2.348198169244142264e-08
2.376193386499636517e-08
2.411888511133497559e-08
2.425963563368327414e-08
2.453773506605472221e-08
2.477941929424076761e-08
2.494449047318880730e-08
2.508956598035183561e-08
2.525266873387721489e-08
2.527283116116052497e-08
2.530212861451275330e-08
2.531202825117873090e-08
2.535892651422955169e-08
2.541038413017560060e-08
2.532204890215439264e-08
2.511214547418205711e-08
2.491997785902810847e-08
2.470937876530854282e-08
2.470817561661675654e-08
2.455431602488289400e-08
2.429670586945320565e-08
2.373586116544146307e-08
2.335291537924888416e-08
2.287321454463864256e-08
2.226090511925349347e-08
2.162426748775203578e-08
2.112807362397717270e-08
2.033443047277927462e-08
1.919486902757228108e-08
1.823020667757191404e-08
1.680244599011615492e-08
1.556346718167844756e-08
1.417759032396048724e-08
1.249486969445712248e-08
1.055935161531351696e-08
8.621890534854514954e-09
6.593055434933603465e-09
4.416248922112231412e-09
2.250149622184949294e-09
1.209546907077196920e-10
1.857507481162201657e-09
3.378021418143362098e-09
4.429380640047497764e-09
4.703946121509261502e-09
3.312443874747827977e-09
4.187863389404355985e-10
5.195477381647606308e-09
1.397432680683152739e-08
2.664150322573277663e-08
4.492126381983041483e-08
6.891788517648933521e-08
1.003420374567909334e-07
1.393746714706267653e-07
1.858790724673653472e-07
2.390778862659814763e-07
2.979549607040610226e-07
3.577211773464483713e-07
4.155326088772781645e-07
4.660607064721489223e-07
5.025866751662277920e-07
5.239838463122481471e-07
5.241894515117806463e-07
5.059832872689185024e-07
4.704828998614019042e-07
4.217946897311364296e-07
3.649918243198158052e-07
3.048261266735963204e-07
2.458730397059127881e-07
1.916942818924738390e-07
1.445240658259905331e-07
1.043891086904835674e-07
7.228947485060643885e-08
4.720627955201450732e-08
2.839854595926283309e-08
1.491282775045732478e-08
5.902616173614205763e-09
4.440892098500626162e-16
