0.000000000000000000e+00
4.225398468316043932e-05
4.642796665821347091e-05
4.738561519646022901e-05
4.768493989437683211e-05
4.779652016284607896e-05
4.784164237692234423e-05
4.786002980428083475e-05
4.786713827709121460e-05
4.786871894590927212e-05
4.786795288180822894e-05
4.786622168651000209e-05
4.786385986188523844e-05
4.786129699596575193e-05
4.785884464009182437e-05
4.785651120953193782e-05
4.785438518462026281e-05
4.785245545424476887e-05
4.785073886393043097e-05
4.784904592469718665e-05
4.784748003439087682e-05
4.784614756991878437e-05
4.784480933361923150e-05
4.784368123955662355e-05
4.784258982692968232e-05
4.784166000548761843e-05
4.784078042963102462e-05
4.784002316071678251e-05
4.783927249962793837e-05
4.783868701874194329e-05
4.783805387231776507e-05
4.783746496572760520e-05
4.783700365562637558e-05
4.783655703766154232e-05
4.783610128777926462e-05
4.783577099165547963e-05
4.783543825526148652e-05
4.783507802275099863e-05
4.783483423997925144e-05
4.783464695545802670e-05
4.783437996802586412e-05
4.783418771714398332e-05
4.783401801045084056e-05
4.783386422302360330e-05
4.783383359918680355e-05
4.783374979167032137e-05
4.783361061044821838e-05
4.783356656634651927e-05
4.783363049132294265e-05
4.783359933335784575e-05
4.783362836258131523e-05
4.783367768668167486e-05
4.783364707716675213e-05
4.783383038253763431e-05
4.783393221907683568e-05
4.783405950259389527e-05
4.783422643950263620e-05
4.783433645372259235e-05
4.783461867330363049e-05
4.783476162972810641e-05
4.783512975981007997e-05
4.783536774721763862e-05
4.783573917599426295e-05
4.783613794201446723e-05
4.783645558703586431e-05
4.783697076760073941e-05
4.783748356163020077e-05
4.783799558460977153e-05
4.783860757406888098e-05
4.783920640294425652e-05
4.783991920354058180e-05
4.784064728213799356e-05
4.784151694814386957e-05
4.784250794065414425e-05
4.784355964770892200e-05
4.784463260953941699e-05
4.784594281037612973e-05
4.784731829909905088e-05
4.784884819741819229e-05
4.785047919175777764e-05
4.785219073732971395e-05
4.785406506924161363e-05
4.785619066383084430e-05
4.785861119960266308e-05
4.786094441777688502e-05
4.786350380658888071e-05
4.786592680705581415e-05
4.786781795562689013e-05
4.786882341711873323e-05
4.786763664044180189e-05
4.786165569570233203e-05
4.784567283089291578e-05
4.780649926894309232e-05
4.770956777988555331e-05
4.745420899943120219e-05
4.665861606611976242e-05
4.339440664880012122e-05
3.464929946928041460e-05
1.433678392767090415e-04
8.500145032286354763e-16
