0.000000000000000000e+00
4.821759730655461595e-05
5.297970698059373262e-05
5.407219348607661402e-05
5.441366332570307662e-05
5.454095503543143764e-05
5.459243071415098569e-05
5.461340740620101997e-05
5.462151682988913848e-05
5.462331989813939970e-05
5.462244580678454753e-05
5.462047064297426147e-05
5.461777606785567230e-05
5.461485213287264884e-05
5.461205429047044646e-05
5.460939220924831972e-05
5.460696659054242730e-05
5.460476499896671498e-05
5.460280655089633228e-05
5.460087514452816038e-05
5.459908873761687431e-05
5.459756847714380967e-05
5.459604178714716483e-05
5.459475468971852763e-05
5.459350956416031408e-05
5.459244870398283211e-05
5.459144521613445988e-05
5.459058122858628792e-05
5.458972484506663392e-05
5.458905684974091344e-05
5.458833454297096210e-05
5.458766275201476503e-05
5.458713637351841896e-05
5.458662683510695501e-05
5.458610696151833253e-05
5.458573004990530109e-05
5.458535048108448251e-05
5.458493953702792112e-05
5.458466132512995728e-05
5.458444761330394357e-05
5.458414305870018524e-05
5.458392371737730286e-05
5.458373010736039532e-05
5.458355473386689027e-05
5.458351967368990643e-05
5.458342406150507031e-05
5.458326538654301174e-05
5.458321513973629635e-05
5.458328794549771601e-05
5.458325244223072303e-05
5.458328556273706056e-05
5.458334183205959533e-05
5.458330699004143582e-05
5.458351603837563459e-05
5.458363222199391629e-05
5.458377743883247035e-05
5.458396784585595185e-05
5.458409344449854927e-05
5.458441533767732778e-05
5.458457855855858298e-05
5.458499842669883861e-05
5.458527001955815194e-05
5.458569373328892027e-05
5.458614863940169926e-05
5.458651115242130203e-05
5.458709883054968515e-05
5.458768382515799544e-05
5.458826801874039347e-05
5.458896618337760742e-05
5.458964940996402504e-05
5.459046259259636713e-05
5.459129328033718309e-05
5.459228549697936472e-05
5.459341601554701384e-05
5.459461588919189978e-05
5.459584011813234383e-05
5.459733481860684634e-05
5.459890411441126190e-05
5.460064949325271755e-05
5.460251025590778795e-05
5.460446294602849804e-05
5.460660136458184155e-05
5.460902639287112947e-05
5.461178778520814348e-05
5.461444980259244630e-05
5.461736968714880902e-05
5.462013399815113246e-05
5.462229157848774719e-05
5.462343866569074891e-05
5.462208466999740608e-05
5.461526125283278077e-05
5.459702668997312713e-05
5.455233579121365750e-05
5.444175109747817487e-05
5.415041062795111770e-05
5.324276761675683645e-05
4.951850463441598293e-05
3.866302346144934177e-05
1.606256971200537009e-04
9.731798700229887800e-16
