0.000000000000000000e+00
5.436751049359145327e-11
1.040278974073771678e-10
1.483926315160033482e-10
1.896298673642604626e-10
2.271358656713573509e-10
2.615823113671922329e-10
2.930180542648486153e-10
3.207174525954314959e-10
3.455795649642823264e-10
3.700357797953301997e-10
3.907927315083270514e-10
4.100677575280542442e-10
4.273278397803892403e-10
4.435756206788710188e-10
4.581015566884616419e-10
4.706713907509652017e-10
4.833295985662289240e-10
4.939894049371673646e-10
5.045087680954907228e-10
5.128533153708758618e-10
5.215570197947272391e-10
5.284729320820247267e-10
5.353648635519903110e-10
5.411838754909581439e-10
5.453968388025032255e-10
5.508670186671338342e-10
5.544465997431302640e-10
5.581599626935940250e-10
5.609647191207045580e-10
5.632458943694018672e-10
5.646634271272432670e-10
5.653546519823748895e-10
5.670316438610711884e-10
5.669611446990074910e-10
5.661762170205975053e-10
5.658175039613411172e-10
5.651870083056564908e-10
5.629114951943847700e-10
5.612682540956370758e-10
5.585254481133006266e-10
5.552296400423983869e-10
5.513733913886653681e-10
5.469176223016347649e-10
5.414804160608355232e-10
5.351449283708120674e-10
5.286954207761596081e-10
5.214972897960024056e-10
5.144840109494452918e-10
5.046454365498220795e-10
4.954798793477266372e-10
4.850778667631061580e-10
4.728162306122385417e-10
4.594883362685209249e-10
4.451197188615196865e-10
4.296069056053397617e-10
4.126677888294238983e-10
3.924938152266577163e-10
3.719544672264873952e-10
3.489296629410887363e-10
3.236029222364322777e-10
2.960842682142583726e-10
2.659203968136125695e-10
2.317617209257605282e-10
1.946964811594398270e-10
1.530389148740596283e-10
1.087516743325522839e-10
6.002465191556893842e-11
6.789124817885294760e-12
5.195044394668002496e-11
1.164619511939690710e-10
1.856259590482522981e-10
2.611892924164749274e-10
3.391180669609639153e-10
4.230997774357092567e-10
5.096123523173901049e-10
5.985125728358298147e-10
6.836897714634915246e-10
7.680478475435847940e-10
8.461652489799575960e-10
9.146571278151327533e-10
9.701265346606646744e-10
1.011351558055650912e-09
1.030448393279925767e-09
1.031650764815594812e-09
1.014874184690484071e-09
9.767162634233272911e-10
9.230077813171533307e-10
8.575972154645228329e-10
7.787022138217025713e-10
6.940392704990472339e-10
6.067691904476646414e-10
5.209217501800367245e-10
4.319710145139765700e-10
3.482132360232981227e-10
2.692116529701138461e-10
1.942767058338290553e-10
1.238638080991449897e-10
5.994360563477130199e-11
0.000000000000000000e+00
