0.000000000000000000e+00
1.690484284666560200e-06
2.614681118395800752e-06
3.348821104198762555e-06
3.924887577166913388e-06
4.369884389565648064e-06
4.714517447990118626e-06
4.982302647560388209e-06
5.190984330272208069e-06
5.355879605928315357e-06
5.486419913158790962e-06
5.589789975002368294e-06
5.672785360122389875e-06
5.738981456060443520e-06
5.793220906991081165e-06
5.837551585008426969e-06
5.872690226449428508e-06
5.901901108829044063e-06
5.925757412428289683e-06
5.945504124582612349e-06
5.962732203101950290e-06
5.976000942098380619e-06
5.987920181138584041e-06
5.997141352742652032e-06
6.005160110511553739e-06
6.012178481951124809e-06
6.017726989937521864e-06
6.022317728615611543e-06
6.026391289548627128e-06
6.029687044661891093e-06
6.032346536621879807e-06
6.034423881251527177e-06
6.036215333682370954e-06
6.037458468388656740e-06
6.039298132476389469e-06
6.040331225198869447e-06
6.041486253605121703e-06
6.042273749007343042e-06
6.043081895890090038e-06
6.042978873410653762e-06
6.043783840281591324e-06
6.044157971563102194e-06
6.044003265426312055e-06
6.044217610523539008e-06
6.044144197026035670e-06
6.043774942399160466e-06
6.043478444683891837e-06
6.042695959385113724e-06
6.042500492520197497e-06
6.041200755979581061e-06
6.040752758784684318e-06
6.039166247973071222e-06
6.037353304511050567e-06
6.036164371558960795e-06
6.034265466081656371e-06
6.032414454959500461e-06
6.029735352686138583e-06
6.025734277326222355e-06
6.021756771334985103e-06
6.016784315665546501e-06
6.011669520522566756e-06
6.004983387541962259e-06
5.996812165620646340e-06
5.986935080581901047e-06
5.974792189111788332e-06
5.960879784439043760e-06
5.944316203376764918e-06
5.923719941569594027e-06
5.899883175120024248e-06
5.870202187341355682e-06
5.833701662405488264e-06
5.788274498041978688e-06
5.733279042297034778e-06
5.665698457169021651e-06
5.581362582995907928e-06
5.475358761053428225e-06
5.342498034743847768e-06
5.173901267419012129e-06
4.960793225206039381e-06
4.686362883976613602e-06
4.331490055742293066e-06
3.876057084739592540e-06
3.286368774890746636e-06
2.535711438489407499e-06
1.592598136368472694e-06
2.767226015276680329e-06
7.224385302206925985e-07
1.653844228122203219e-06
1.545626980403724815e-06
8.451710905577058952e-07
6.454773246122869068e-06
1.352057572712173084e-05
1.670030461420335399e-05
1.289466922771431712e-05
5.787731698569942296e-06
4.803140156717233822e-07
1.633245650278780658e-06
1.594799680204594949e-06
6.131486253169171619e-07
0.000000000000000000e+00
