0.000000000000000000e+00
2.593465970868180648e-06
3.458122727506562910e-06
4.107076423842670465e-06
4.615008182939916992e-06
5.008914268467279385e-06
5.312763525999741887e-06
5.549651079572726076e-06
5.733778452032822770e-06
5.879480835191408516e-06
5.994470032577581264e-06
6.086333719124148445e-06
6.158916263876434982e-06
6.218063696827869080e-06
6.265578260555848544e-06
6.304347321739456333e-06
6.336342753265888916e-06
6.361817924904755728e-06
6.383077519545032885e-06
6.400355883728892081e-06
6.415515890756395834e-06
6.427605566461380704e-06
6.437824227267796573e-06
6.446410275362524089e-06
6.453471928291598658e-06
6.459218965915169974e-06
6.463842375681316810e-06
6.468191520614396950e-06
6.471977766597802884e-06
6.474733510453134500e-06
6.477066459842362178e-06
6.479328938824302497e-06
6.480612605219704392e-06
6.481741088970593978e-06
6.483365329046364423e-06
6.484370691728358338e-06
6.485182328486160941e-06
6.486094664803765397e-06
6.486115562975847126e-06
6.486684031803413575e-06
6.486875942957048835e-06
6.487118107356693031e-06
6.487403463317775731e-06
6.487591285408988995e-06
6.487025616008779139e-06
6.486804153049696708e-06
6.486914107872721047e-06
6.486415880635476583e-06
6.485896127506052267e-06
6.485046682769279869e-06
6.484377904625304723e-06
6.482831487852891428e-06
6.481958611193050501e-06
6.480671116970704304e-06
6.478799375764232593e-06
6.477356431000558246e-06
6.474825922198057526e-06
6.471421261200482888e-06
6.467479787830576754e-06
6.463858450489468055e-06
6.458883298643414150e-06
6.452939188328343789e-06
6.445710692970507694e-06
6.436975450330173487e-06
6.426591874220122236e-06
6.414490818507090353e-06
6.398944151220220533e-06
6.381477980266225813e-06
6.360157818741107860e-06
6.333905622990521067e-06
6.301834526656335811e-06
6.261925005079937989e-06
6.213367652274648378e-06
6.153454840895911104e-06
6.078840272261132327e-06
5.985273565545234931e-06
5.867994244956875605e-06
5.719687082406110790e-06
5.531600033137351602e-06
5.288875948084026390e-06
4.976633885211967367e-06
4.574524559930459588e-06
4.054456147706275715e-06
3.391748653935877655e-06
2.489411098594018767e-06
4.100988199737254369e-06
5.144689130265334143e-07
3.064679660047531229e-07
2.160777164972316200e-07
1.891175520740695504e-06
6.845573147451489149e-06
1.309222626888484342e-05
1.593226423157734217e-05
1.255228825869370013e-05
6.275979556491506628e-06
1.582015056178498469e-06
2.843653515993693759e-07
2.556411479170961343e-07
5.275703807150478042e-07
6.275329529235526560e-09
