0.000000000000000000e+00
3.159372031769080991e-07
2.432728731793787347e-07
2.928807978364034170e-07
3.603838655275026781e-07
4.449227621883267147e-07
5.484583499582029731e-07
6.657638338403160105e-07
7.946491132893029885e-07
9.342038158610677101e-07
1.081662493684909521e-06
1.235238272556671291e-06
1.392978411174361497e-06
1.551274064315322221e-06
1.708785240195354049e-06
1.862550161879639177e-06
2.007842481277499758e-06
2.144677817228490824e-06
2.271121656072239148e-06
2.385024600926044513e-06
2.483195077895850034e-06
2.565196530190938518e-06
2.628204744947737481e-06
2.673274711151307770e-06
2.700362327745509106e-06
2.702762720629969806e-06
2.689573250891363898e-06
2.652447600448581966e-06
2.598821308485987913e-06
2.526103740518870211e-06
2.436314194720345938e-06
2.330296620334237900e-06
2.209527667718091948e-06
2.077425500401908209e-06
1.935404554842534708e-06
1.786068967835063859e-06
1.629927838253664163e-06
1.471514496920178772e-06
1.314060927182225669e-06
1.157553231045937991e-06
1.006371562861652080e-06
8.629441430318962603e-07
7.278523800335889860e-07
6.043522233767362195e-07
4.958481822914251325e-07
4.007990123122695536e-07
3.241383771390715651e-07
2.653841854050043025e-07
3.229589328190840547e-07
5.366498006531550402e-07
6.648245716167622277e-07
2.716861517981783436e-07
2.655270568974188450e-07
3.242889865529008375e-07
4.004327055495693344e-07
4.945881088014303373e-07
6.059398731661502779e-07
7.288092020996117526e-07
8.632752888093619958e-07
1.007493529936454024e-06
1.158036987969346399e-06
1.313676672443087057e-06
1.472115128242634796e-06
1.630518916551082498e-06
1.786974649142791804e-06
1.936489160470067361e-06
2.077716222070868923e-06
2.209096408023469849e-06
2.329710836468379398e-06
2.435722229465753230e-06
2.526464879637480010e-06
2.598520582264285395e-06
2.652993422280758296e-06
2.689513512121877170e-06
2.703663765646346917e-06
2.699369848313537545e-06
2.673598222036055461e-06
2.627860217874200544e-06
2.564081069245105482e-06
2.483230622685184130e-06
2.385464918264190715e-06
2.271085995930732793e-06
2.145132094732993266e-06
2.006881735350241058e-06
1.862137600339153209e-06
1.708044997883462202e-06
1.550745672429520994e-06
1.392469585081990147e-06
1.235415031941577979e-06
1.080868113234600969e-06
9.337562316691361275e-07
7.940653533600183778e-07
6.639366809668700853e-07
5.481826186315430505e-07
4.462089993051421288e-07
3.601099608507851713e-07
2.927949764863768678e-07
2.458117951409377611e-07
3.411093386640473568e-07
0.000000000000000000e+00
