0.000000000000000000e+00
7.107232617141745479e-04
7.683298907161795199e-04
7.815725222782843318e-04
7.857111366651459150e-04
7.872559755621733046e-04
7.878780778124427897e-04
7.881334819350716003e-04
7.882300553341270444e-04
7.882531057799013752e-04
7.882425935910042369e-04
7.882186238326038819e-04
7.881860079631541893e-04
7.881511295680931894e-04
7.881167345171746774e-04
7.880849659634980853e-04
7.880550869319158380e-04
7.880283753490813226e-04
7.880044676408237692e-04
7.879807500743574167e-04
7.879598661866271669e-04
7.879414138426410474e-04
7.879232552958637115e-04
7.879073653521695419e-04
7.878923758586342529e-04
7.878791261974882332e-04
7.878669827889872579e-04
7.878560130710754450e-04
7.878466221927782343e-04
7.878378654688766858e-04
7.878297634428266250e-04
7.878222063372186668e-04
7.878153089562189848e-04
7.878091050628199810e-04
7.878022162592923650e-04
7.877976983999834815e-04
7.877923693802024729e-04
7.877880723735630752e-04
7.877847418502614829e-04
7.877819794850360324e-04
7.877790074298784972e-04
7.877763837536022606e-04
7.877734431465110987e-04
7.877720244945374262e-04
7.877706415518881400e-04
7.877688177064801067e-04
7.877680418371113547e-04
7.877676978149672493e-04
7.877668070445098536e-04
7.877679620655886339e-04
7.877668997725573163e-04
7.877686868371647222e-04
7.877683066892515740e-04
7.877708959764806451e-04
7.877722122838770602e-04
7.877741141548710857e-04
7.877760327911209615e-04
7.877784630646589292e-04
7.877814169227059793e-04
7.877849774017287032e-04
7.877887285900886383e-04
7.877926925068390318e-04
7.877966795108992670e-04
7.878018029541244971e-04
7.878071522540164295e-04
7.878145461835961427e-04
7.878213135019684898e-04
7.878275782522425885e-04
7.878368781333300319e-04
7.878445412952128635e-04
7.878539050694133294e-04
7.878652326327451050e-04
7.878766048192709093e-04
7.878908124079320174e-04
7.879041974961920047e-04
7.879211210312098146e-04
7.879378831860961441e-04
7.879572989717420484e-04
7.879786226288043594e-04
7.880015309528198841e-04
7.880253760887967474e-04
7.880517462938163575e-04
7.880802264182973360e-04
7.881121296189341763e-04
7.881477169842110442e-04
7.881809601086864348e-04
7.882147975990516642e-04
7.882418035900506936e-04
7.882555882605668529e-04
7.882391612572536843e-04
7.881568053764720361e-04
7.879361057754330488e-04
7.873980048911377594e-04
7.860623945313838234e-04
7.825324399531874420e-04
7.715397947511970500e-04
7.264429793562010573e-04
7.345563556425127594e-04
2.254180851224307780e-03
3.489619565533175205e-10
