0.000000000000000000e+00
4.692368128900170632e-05
5.071816240653781449e-05
5.158997511156560023e-05
5.186240167687206082e-05
5.196408745589131684e-05
5.200503696500824447e-05
5.202185045038998368e-05
5.202820948679853785e-05
5.202972915385739583e-05
5.202903941681213951e-05
5.202746352883647063e-05
5.202531845482916140e-05
5.202302435447503370e-05
5.202076171906266921e-05
5.201867193527220934e-05
5.201670632271060413e-05
5.201494898765535169e-05
5.201337613791601200e-05
5.201181589398196081e-05
5.201044193847703667e-05
5.200922787329531616e-05
5.200803323601732586e-05
5.200698780705170776e-05
5.200600165400359742e-05
5.200512994885109208e-05
5.200433101704149408e-05
5.200360930235348178e-05
5.200299144081377278e-05
5.200241532277161127e-05
5.200188227416635556e-05
5.200138507932550169e-05
5.200093128532312647e-05
5.200052311860048349e-05
5.200007000083495257e-05
5.199977266889810323e-05
5.199942215183828154e-05
5.199913943965128738e-05
5.199892022622609744e-05
5.199873846328806337e-05
5.199854292481376206e-05
5.199837030434029117e-05
5.199817685530572220e-05
5.199808358513635653e-05
5.199799251298653502e-05
5.199787253507004436e-05
5.199782148945786275e-05
5.199779891595923687e-05
5.199774033459725331e-05
5.199781621612054039e-05
5.199774643516175132e-05
5.199786392240390853e-05
5.199783897413823297e-05
5.199800924271524849e-05
5.199809586364789737e-05
5.199822097057271719e-05
5.199834722380280994e-05
5.199850711445908047e-05
5.199870145644602815e-05
5.199893568530455923e-05
5.199918248088852835e-05
5.199944329414840638e-05
5.199970567182354841e-05
5.200004275129899156e-05
5.200039471531248125e-05
5.200088106527278597e-05
5.200132629878950752e-05
5.200173857244916320e-05
5.200235031754818493e-05
5.200285456763431569e-05
5.200347064093779892e-05
5.200421580864311721e-05
5.200496407864463322e-05
5.200589869880367644e-05
5.200677941186171438e-05
5.200789273041017680e-05
5.200899559132388106e-05
5.201027291934501307e-05
5.201167571478038099e-05
5.201318278547084617e-05
5.201475150329315511e-05
5.201648628783139827e-05
5.201835992119097085e-05
5.202045859209469825e-05
5.202279943139487273e-05
5.202498606227123901e-05
5.202721125796561097e-05
5.202898667100441799e-05
5.202989145303149598e-05
5.202880746868476791e-05
5.202338314669319175e-05
5.200885113243458591e-05
5.197342233043134030e-05
5.188549052725921484e-05
5.165307373133920521e-05
5.092922514104980536e-05
4.795773454435714456e-05
3.988598167514734172e-05
1.375530612770514693e-04
5.020426652527221201e-10
