0.000000000000000000e+00
2.216599387372397700e-07
2.526992349816126193e-07
3.043950875802892142e-07
3.737705236428467970e-07
4.615219221237865099e-07
5.672580869475751797e-07
6.870485175225482521e-07
8.199658750873695112e-07
9.633149050669587155e-07
1.114612626529343231e-06
1.272914235572741859e-06
1.435215667977551846e-06
1.597741093650739685e-06
1.759076186158559096e-06
1.916470162899308605e-06
2.065968685016628115e-06
2.207144922938830689e-06
2.337020124310029701e-06
2.453308363570272377e-06
2.554432678825158121e-06
2.638256112019732313e-06
2.702700396262081028e-06
2.750086793956718623e-06
2.774923292148123721e-06
2.780784953526627135e-06
2.764899493024053356e-06
2.729400078949062447e-06
2.672121622970813348e-06
2.599470240172152558e-06
2.505455434120840152e-06
2.397408408794099444e-06
2.273511554351514974e-06
2.137846204397497729e-06
1.992568195885446869e-06
1.838954451272023505e-06
1.678834846585708362e-06
1.516759833397607338e-06
1.353892219668750840e-06
1.193415024691724113e-06
1.038514968798587290e-06
8.906903102845475928e-07
7.524422948046449733e-07
6.258125956337678986e-07
5.126951982958871668e-07
4.154198067762848723e-07
3.367883502081170377e-07
2.763555008167273286e-07
2.346636751582309444e-07
4.257733184909184843e-07
4.209611061956053391e-07
2.346557768095891561e-07
2.762479593965139202e-07
3.366452179243140108e-07
4.152746942986951240e-07
5.125767138514092380e-07
6.254843615272065449e-07
7.521167791901817168e-07
8.903420432027076004e-07
1.038079461390672975e-06
1.192990672804761232e-06
1.353534495929231696e-06
1.516293893999431930e-06
1.678367824498039340e-06
1.838408740240105033e-06
1.992071439915754638e-06
2.137247706479605824e-06
2.273085982662514937e-06
2.396899602907787141e-06
2.504891280175058910e-06
2.598892831495724920e-06
2.671588506975020039e-06
2.728850686750661225e-06
2.764333400739893420e-06
2.780129188195701317e-06
2.774426886453795760e-06
2.749488225650686957e-06
2.702149645261719968e-06
2.637738069077855130e-06
2.553921176873252818e-06
2.452878768099964191e-06
2.336471771391401830e-06
2.206695256634638724e-06
2.065507653803422272e-06
1.916061233231403094e-06
1.758667860563001284e-06
1.597387355500856643e-06
1.434833663549461846e-06
1.272573149635469747e-06
1.114376226074575982e-06
9.630875918986703255e-07
8.197489312911088177e-07
6.869130225739539242e-07
5.670662498458156620e-07
4.612764862299556512e-07
3.736502142137609894e-07
3.042981020495716393e-07
2.526331874808107614e-07
2.215812882067069722e-07
0.000000000000000000e+00
