0.000000000000000000e+00
1.458510856533479227e-08
1.662735882312915692e-08
2.002871102302350437e-08
2.459330250559332853e-08
3.036694817826202097e-08
3.732390640998062281e-08
4.520556884379800522e-08
5.395092261828438041e-08
6.338262248384296527e-08
7.333730267511384682e-08
8.375280280414898471e-08
9.443146453680384411e-08
1.051248540440141710e-07
1.157399189821717300e-07
1.260956732362927823e-07
1.359319349303333979e-07
1.452206256358223868e-07
1.537657644545831204e-07
1.614169415908861538e-07
1.680704051487680317e-07
1.735855605922154155e-07
1.778256638607089712e-07
1.809434404531629070e-07
1.825775520769568061e-07
1.829632166883143896e-07
1.819180310835832870e-07
1.795823447725553024e-07
1.758137112561897197e-07
1.710336188232020049e-07
1.648479226457055802e-07
1.577389685536445540e-07
1.495871744250365509e-07
1.406610669052454909e-07
1.311024898642543235e-07
1.209954569869609031e-07
1.104603609691778843e-07
9.979660853254301855e-08
8.908069482060909650e-08
7.852205086145147561e-08
6.833035037789869648e-08
5.860417695568997942e-08
4.950809084913743163e-08
4.117643293000128324e-08
3.373382506666189329e-08
2.733354054207381978e-08
2.215994476806315561e-08
1.818373251971650006e-08
1.544059913261008887e-08
1.929898163499643715e-08
2.540961097086125164e-08
1.544008276788133571e-08
1.817666517300864371e-08
2.215053862553162389e-08
2.732400594673833893e-08
3.372604162610315370e-08
4.115485674471841548e-08
4.948669496407376300e-08
5.858128149238694959e-08
6.830172172289650234e-08
7.849415883942612027e-08
8.905718495988423911e-08
9.976597614702598094e-08
1.104296686316175169e-07
1.209595843487676348e-07
1.310698424239475912e-07
1.406217238208995468e-07
1.495592136802059713e-07
1.577055311896558010e-07
1.648108434171291492e-07
1.709956688467073604e-07
1.757786782796699754e-07
1.795462385434376529e-07
1.818808227360690921e-07
1.829201101699595711e-07
1.825449278403112885e-07
1.809040957034824260e-07
1.777894594878759449e-07
1.735515102740947668e-07
1.680367895939838263e-07
1.613887112839051952e-07
1.537297169562634735e-07
1.451910730532190996e-07
1.359016326141215814e-07
1.260687989557141009e-07
1.157130822271312809e-07
1.051016066400123350e-07
9.440635284629905755e-08
8.373038407061272892e-08
7.332177209828927289e-08
6.336768376691281901e-08
5.393666435704602691e-08
4.519667129443405429e-08
3.731129816220146722e-08
3.035081141966600171e-08
2.458539727356878757e-08
2.002233734366143381e-08
1.662301518656761345e-08
1.457993636932997106e-08
0.000000000000000000e+00
