0.000000000000000000e+00
1.664005311319272096e-08
1.897004642259503271e-08
2.285064371054801313e-08
2.805836807340256200e-08
3.464549591658538930e-08
4.258266217416206700e-08
5.157481031137223226e-08
6.155233012172800500e-08
7.231289422815478929e-08
8.367011028465043410e-08
9.555305646724576718e-08
1.077362279389149080e-07
1.199361968629020225e-07
1.320467937215852317e-07
1.438615346849303478e-07
1.550835860841814906e-07
1.656809063277364658e-07
1.754299104872458770e-07
1.841590069329157586e-07
1.917498239079051814e-07
1.980419572777947224e-07
2.028794067188144368e-07
2.064364220677461503e-07
2.083007430986327790e-07
2.087407354744996724e-07
2.075483032104585845e-07
2.048835668899684492e-07
2.005839994101421553e-07
1.951304814395982135e-07
1.880733312420446168e-07
1.799628474019598912e-07
1.706626019393198135e-07
1.604789444664689313e-07
1.495737067536140330e-07
1.380427343544710084e-07
1.260233756239514946e-07
1.138572186532016417e-07
1.016315468449491277e-07
8.958529362779188432e-08
7.795766820972716005e-08
6.686114595311209996e-08
5.648348266884539726e-08
4.697793565267005533e-08
3.848669838379947805e-08
3.118464142470855904e-08
2.528210341079528689e-08
2.074565697007813014e-08
1.761602097527514843e-08
2.056286330098799908e-08
2.860747250199580094e-08
1.761543522160735620e-08
2.073759808318698106e-08
2.527137721308747587e-08
3.117377334049820092e-08
3.847783236476942648e-08
4.695333510884580619e-08
5.645908573992386437e-08
6.683504716331611917e-08
7.792502298986647702e-08
8.955349128925149671e-08
1.016047529445174291e-07
1.138223061358800692e-07
1.259883820603491245e-07
1.380018351815337496e-07
1.495364901904494559e-07
1.604340921224078897e-07
1.706307291016173622e-07
1.799247295597439233e-07
1.880310568358467549e-07
1.950872187128638302e-07
2.005440650210132958e-07
2.048424057043973789e-07
2.075058896933157371e-07
2.086915890098239856e-07
2.082635564004675643e-07
2.063915621741685413e-07
2.028381417273905640e-07
1.980031434367646170e-07
1.917114991201174234e-07
1.841268284508146280e-07
1.753888182465246359e-07
1.656472196076563819e-07
1.550490362767220631e-07
1.438308955270528600e-07
1.320161995277402411e-07
1.199096958393042200e-07
1.077076058342285592e-07
9.552749924424119854e-08
8.365240622421055150e-08
7.229586707069302065e-08
6.153608211878491829e-08
5.156467197675596026e-08
4.256829067017520174e-08
3.462709496915294949e-08
2.804935628208937715e-08
2.284337907720868088e-08
1.896510049004263010e-08
1.663415349906216534e-08
0.000000000000000000e+00
