0.000000000000000000e+00
4.000827757977276633e-08
1.553980182311676117e-07
3.509174271165704795e-07
6.201982285514162641e-07
9.510000580359445621e-07
1.343675405163224923e-06
1.799290488158078460e-06
2.298062804273470761e-06
2.836083617285822811e-06
3.406463400135173458e-06
4.011616413057694785e-06
4.641447796993602992e-06
5.252602103489323326e-06
5.849246984435119145e-06
6.455851126574430054e-06
7.031705640425656156e-06
7.561252042265209639e-06
8.041122035340464436e-06
8.476625658060399360e-06
8.868093904434992680e-06
9.181705865390910049e-06
9.424711009842212661e-06
9.600519434438403721e-06
9.710981284216657627e-06
9.720780125732630950e-06
9.644443779377454007e-06
9.515725690523169078e-06
9.331931894118739024e-06
9.036579122656540619e-06
8.673977728412829435e-06
8.257994520755040924e-06
7.784557709666906078e-06
7.271454907864516315e-06
6.731022198280811608e-06
6.155328172829932498e-06
5.543551622855247274e-06
4.916927930809222858e-06
4.306878498394617338e-06
3.707380370032709038e-06
3.116380581813515960e-06
2.550200828621562721e-06
2.024747620343880783e-06
1.546968054988440144e-06
1.119500524504601913e-06
7.546062880114945415e-07
4.494556260503657086e-07
2.210241035749405114e-07
7.121512335395152604e-08
1.921389713999133164e-09
4.025026645315676888e-09
6.835413635108977815e-08
2.215333313460021714e-07
4.539115414647909574e-07
7.545519556950708306e-07
1.117286148821783343e-06
1.545393306434661440e-06
2.025944667805035238e-06
2.550961213820812645e-06
3.110474741996327452e-06
3.691719438592144797e-06
4.311915855370607176e-06
4.936055293391916621e-06
5.543492856308063210e-06
6.146925789707324839e-06
6.733776573231153861e-06
7.285040758420180396e-06
7.803325784427883605e-06
8.270597616322206136e-06
8.674708677713915961e-06
9.023413661046753020e-06
9.323576834807667524e-06
9.541481160169063003e-06
9.674218757305119709e-06
9.739433154076770904e-06
9.722788506416613075e-06
9.605751919328220367e-06
9.419885425465679418e-06
9.192387170564586540e-06
8.890327623856109085e-06
8.499454257959726533e-06
8.054671084223308242e-06
7.563774728991390361e-06
7.037044140290049654e-06
6.460566859489702551e-06
5.864805741495615621e-06
5.255358038303015178e-06
4.636827168003065935e-06
4.022152969684889001e-06
3.419704920348820565e-06
2.845290943742639911e-06
2.300363466489763198e-06
1.797210948839556011e-06
1.345571733812889192e-06
9.512360863439539571e-07
6.169198938366093898e-07
3.501861243204729135e-07
1.588170825961299215e-07
4.075207693521321062e-08
0.000000000000000000e+00
