0.000000000000000000e+00
4.517322793606837195e-08
1.785496607231706889e-07
4.106408620918600150e-07
7.351773622099599947e-07
1.134630199239872184e-06
1.611630066955527241e-06
2.150425818414625212e-06
2.761106947413161095e-06
3.421590188734668914e-06
4.109768755644616078e-06
4.837027975046481743e-06
5.587441131993386989e-06
6.325771462423190883e-06
7.056859100851298194e-06
7.779055517742605730e-06
8.456673604384512544e-06
9.082326007714414118e-06
9.693019367040811574e-06
1.022391433613822898e-05
1.067951708133563216e-05
1.105421148051011215e-05
1.136333042051074216e-05
1.158835062819996153e-05
1.169882622586992937e-05
1.173870841841839763e-05
1.167029327520108239e-05
1.149100344421949416e-05
1.121042976592878659e-05
1.087555259171590905e-05
1.046057648967924081e-05
9.965221043461980344e-06
9.391465765173911961e-06
8.770297989624253887e-06
8.107052896222377569e-06
7.415362329954433562e-06
6.704112966660069617e-06
5.950820298750159054e-06
5.198282083562766331e-06
4.467702825028396774e-06
3.763531700173849970e-06
3.089677109824329193e-06
2.449508924029508705e-06
1.875903293035996455e-06
1.362410393057622571e-06
9.259721709398149869e-07
5.687336228632489110e-07
2.907540247454321047e-07
1.075206523815097626e-07
1.356658396733934069e-08
1.356042589328865233e-08
1.063320632654907172e-07
2.903749846128178547e-07
5.634951668609389230e-07
9.171820384290541028e-07
1.348967706760184626e-06
1.855582274057354653e-06
2.439129363041026011e-06
3.072492457123487952e-06
3.748080892984617662e-06
4.455311054973876139e-06
5.197977607118708931e-06
5.945530020534661730e-06
6.679548113841526913e-06
7.406987483471461076e-06
8.117888803504946793e-06
8.782535863671725451e-06
9.391630366950565190e-06
9.950644453193824290e-06
1.045779091124465765e-05
1.087526714604880596e-05
1.120471792059873906e-05
1.146764227721863705e-05
1.164021051935915096e-05
1.171205488581517073e-05
1.167788199774033586e-05
1.157186081013339418e-05
1.135912739158584372e-05
1.106556635688260570e-05
1.067435102841685080e-05
1.021821314994841856e-05
9.679829000908135583e-06
9.088394091083529247e-06
8.460329228410223834e-06
7.782885464768796169e-06
7.064840523818283202e-06
6.319246931285604774e-06
5.578588165966458234e-06
4.846756565646259673e-06
4.126163372752955638e-06
3.423905169941399151e-06
2.759386301121047325e-06
2.157563600113654445e-06
1.617220769856153595e-06
1.144249335394142975e-06
7.357692506371193986e-07
4.085736389214389419e-07
1.765979782408777510e-07
4.119066132624027432e-08
0.000000000000000000e+00
