0.000000000000000000e+00
1.041131473866752088e-06
6.887429417901103079e-07
7.056936685012615840e-07
8.692229764850623042e-07
1.078621905681309556e-06
1.328161483238332607e-06
1.612503658710018328e-06
1.928340191859057029e-06
2.269742979899014301e-06
2.626784625592293310e-06
3.001640100808167233e-06
3.386871811561498191e-06
3.773098643300443200e-06
4.156277509825834215e-06
4.530600827168385081e-06
4.886106609425233671e-06
5.224690965865974590e-06
5.532390775719875364e-06
5.808574269461352912e-06
6.048723068419192828e-06
6.249090151677627603e-06
6.404891923939004528e-06
6.513703433186357472e-06
6.575228390537368739e-06
6.588800016360529810e-06
6.550231738788880875e-06
6.465938725885855831e-06
6.330100784213144038e-06
6.153330997960004822e-06
5.931856695062798224e-06
5.675925209613907896e-06
5.381603859544448198e-06
5.058012561787172956e-06
4.710935310625607997e-06
4.347136548177310544e-06
3.965085987434058268e-06
3.580117040269392703e-06
3.193705731763252231e-06
2.814440083098723733e-06
2.444703184778518334e-06
2.093631805033524529e-06
1.765405810316700297e-06
1.464527915384650214e-06
1.195212967930459058e-06
9.658536338497114571e-07
7.796236605184247992e-07
6.753591907937561700e-07
1.093194235468608611e-06
1.860704030104409767e-06
1.666882432665994784e-06
1.269317247865053844e-06
6.640148174641424816e-07
7.795701321144932194e-07
9.682274263456136509e-07
1.197986548628904302e-06
1.465513756127023726e-06
1.766458811114368643e-06
2.096270366291896892e-06
2.446171142200803672e-06
2.811706932948077053e-06
3.193471126761160406e-06
3.579496757111222394e-06
3.965154879770338425e-06
4.345712753317521049e-06
4.709368656707901835e-06
5.059222831005349974e-06
5.380804520283000159e-06
5.676529415188369398e-06
5.931585713381259950e-06
6.153782131534946132e-06
6.332703677114359664e-06
6.464111663939675623e-06
6.553032393941116140e-06
6.589448784177776020e-06
6.577545420327624015e-06
6.512744843090167990e-06
6.404370824220073644e-06
6.247246178370247094e-06
6.050071311158866649e-06
5.809992983163425606e-06
5.533192718787383058e-06
5.224656173363761980e-06
4.886388201730262892e-06
4.532430079362548270e-06
4.157688303974005350e-06
3.773622745062432671e-06
3.387828828138594872e-06
3.002963917420053974e-06
2.628425518791388527e-06
2.266996746769223137e-06
1.927087007413952335e-06
1.611947871738017568e-06
1.325994032019828239e-06
1.077078358835414917e-06
8.665728209455991760e-07
7.054639424852737761e-07
7.279353225753126821e-07
9.423141378306354454e-07
0.000000000000000000e+00
