0.000000000000000000e+00
1.699538176858084171e-08
3.140953319658024157e-08
4.298952593906335551e-08
5.206320796702357256e-08
5.907970157537079103e-08
6.449368694649848521e-08
6.867856561232343893e-08
7.192645334885838793e-08
7.445478744649847158e-08
7.642985133671231779e-08
7.799266632524393117e-08
7.922820199901536853e-08
8.021281394654522501e-08
8.099165427211119095e-08
8.160830489156722933e-08
8.211036950367400777e-08
8.251314775886697817e-08
8.282543884075010965e-08
8.308519550137560827e-08
8.329293321729380750e-08
8.345952262622802209e-08
8.361298187153920480e-08
8.372152870972371375e-08
8.380186777845466395e-08
8.387198002779427952e-08
8.391933170592835722e-08
8.396395689835856047e-08
8.400546225306726456e-08
8.403554241365185362e-08
8.406051765774691376e-08
8.406998941445920082e-08
8.408139196003361349e-08
8.409334473213903038e-08
8.408586615882285287e-08
8.409120932917346636e-08
8.409426910382933329e-08
8.409229868000522856e-08
8.410660046198614737e-08
8.410734686492560286e-08
8.410486729282240503e-08
8.409370000350691043e-08
8.411021845677879583e-08
8.409652063612327311e-08
8.410637242217688936e-08
8.409135143772061838e-08
8.409964391553614860e-08
8.410501128874869892e-08
8.409954754817761113e-08
8.409742724424518201e-08
8.409313101420679004e-08
8.409184160118599038e-08
8.408491514177995896e-08
8.407698248724670975e-08
8.405846330106214737e-08
8.404602502842806189e-08
8.404235440906404619e-08
8.400095308225274948e-08
8.397095763168493932e-08
8.392863559691932096e-08
8.386221916900638007e-08
8.380379856731678956e-08
8.371393489525758014e-08
8.360452474764912267e-08
8.347224977889311504e-08
8.328151490655244515e-08
8.306808874092297401e-08
8.280134666804883636e-08
8.248703964319759052e-08
8.207879798050043973e-08
8.155586073144149850e-08
8.093030323674810234e-08
8.013649699378788682e-08
7.913904143119765422e-08
7.788218259197066118e-08
7.628982690022212410e-08
7.426559756051887007e-08
7.166880544584586232e-08
6.834664578736493468e-08
6.406734209818409909e-08
5.852232276559732327e-08
5.133484182184844258e-08
4.208203907563046187e-08
3.022241523709112698e-08
1.552163186868682487e-08
1.630555801490629619e-09
1.903652024903834672e-08
3.015379335113976822e-08
2.059740655813158128e-08
3.219663180509257927e-08
1.443187953586999583e-07
2.807546157779228224e-07
3.418000984467539638e-07
2.689212845741195679e-07
1.310931204701049069e-07
2.454131531326453342e-08
2.315703873101426780e-08
2.981345603725316096e-08
1.757757062126330538e-08
0.000000000000000000e+00
