0.000000000000000000e+00
8.495184411483336362e-08
1.569241289134382100e-07
2.148647684219184839e-07
2.601433047866308357e-07
2.951678522711276287e-07
3.222523969892421292e-07
3.431659360009220450e-07
3.593964837955709868e-07
3.720488467306992675e-07
3.819471503518911959e-07
3.897122551332898865e-07
3.958865845143932916e-07
4.007914566894754671e-07
4.046664896506513287e-07
4.078060308332354111e-07
4.103188023796278117e-07
4.122459824618118773e-07
4.138657463403916381e-07
4.152011995328663829e-07
4.162176020505725660e-07
4.171279757159140900e-07
4.178275001542886002e-07
4.183446298267057273e-07
4.187687991930033604e-07
4.190594846686934716e-07
4.193554565823376379e-07
4.196018115187882813e-07
4.197835131725113911e-07
4.199529747284103109e-07
4.200393418640757659e-07
4.200866609016529196e-07
4.201000084469441731e-07
4.202032475308925541e-07
4.201662892056035048e-07
4.202084515902981821e-07
4.202004059150610260e-07
4.202535494046699682e-07
4.202522270180253372e-07
4.201878408549575283e-07
4.202936076946883759e-07
4.202896056737515096e-07
4.202430533561951620e-07
4.202192633862011917e-07
4.202372606565418778e-07
4.201934725722722419e-07
4.202347795301264455e-07
4.202329126901105383e-07
4.202035078781918287e-07
4.202236187911267962e-07
4.202216348225817910e-07
4.201786909519000801e-07
4.201459730124312841e-07
4.201217062016482373e-07
4.200288709066413162e-07
4.199521534964389957e-07
4.199662467785358899e-07
4.197866819710682762e-07
4.195913742011114778e-07
4.193189990786549970e-07
4.190924000058160459e-07
4.186886060075778460e-07
4.183062458640307568e-07
4.177593505572119170e-07
4.170577790896246029e-07
4.161678219816167257e-07
4.150780071876525312e-07
4.137565039474822015e-07
4.121283250224649919e-07
4.101092428987485050e-07
4.075189591334904549e-07
4.043930879049639771e-07
4.004366608301168640e-07
3.954360996427652708e-07
3.891582148751737691e-07
3.811089146488200186e-07
3.710309176563342248e-07
3.581507662664407121e-07
3.415178549959207999e-07
3.201199424429646001e-07
2.924117811220483532e-07
2.565045162938872636e-07
2.102473931619996961e-07
1.509913997166378863e-07
7.750118224958413293e-08
7.770242116400538634e-09
9.477609952401877536e-08
1.503339550623650211e-07
1.026372753454296571e-07
1.611031567039233892e-07
7.211598668233065723e-07
1.403073246031283361e-06
1.709887817780142427e-06
1.344476824760576505e-06
6.548622477620114068e-07
1.217301713873908398e-07
1.165416000370456118e-07
1.491229446592967633e-07
8.809226392791913440e-08
0.000000000000000000e+00
