0.000000000000000000e+00
7.365802039416280422e-07
1.361452893311465573e-06
1.864711991705902960e-06
2.257880734046757709e-06
2.562056929389378013e-06
2.797351862815489199e-06
2.979292198723726415e-06
3.120199407069534914e-06
3.229939945392779066e-06
3.315676081694363120e-06
3.383561409164848044e-06
3.437123172966849438e-06
3.479837403119745431e-06
3.513644750596789379e-06
3.540349627684236111e-06
3.561703052934461766e-06
3.579890663352180979e-06
3.594055803080031808e-06
3.604902497400530592e-06
3.614052254130584174e-06
3.621956236821155528e-06
3.627435661623934493e-06
3.632170146317115211e-06
3.636011601249045100e-06
3.638846276965423954e-06
3.641116467112404109e-06
3.643271255682201115e-06
3.645301986709981179e-06
3.646495462694687717e-06
3.646929443212876265e-06
3.647258481564996657e-06
3.648009163526033660e-06
3.648664784416943974e-06
3.648348446239069176e-06
3.648709091086388412e-06
3.648641874853808531e-06
3.649252369508637628e-06
3.648534119493618277e-06
3.649277358186431286e-06
3.649450365350581649e-06
3.648909901454722160e-06
3.649400864946805711e-06
3.649183321519089418e-06
3.649231667290919745e-06
3.649177307996076536e-06
3.648938691869219042e-06
3.648890988472430763e-06
3.648666655031718165e-06
3.648965045566221477e-06
3.648913035614320677e-06
3.648764966168727142e-06
3.648300192726772195e-06
3.648285321067312736e-06
3.647774704074180363e-06
3.647357415315077844e-06
3.645810499275370375e-06
3.645048304523612615e-06
3.643351957349771908e-06
3.641509653817820436e-06
3.639101429198099424e-06
3.635940769575185527e-06
3.632359097283099914e-06
3.627707145348324502e-06
3.621692304500712112e-06
3.613691751724878998e-06
3.604604137619205062e-06
3.593372016053031359e-06
3.579100063211271276e-06
3.561384852801552370e-06
3.539177443001584322e-06
3.511712424297819268e-06
3.477293631926059447e-06
3.434006737190742342e-06
3.379580912232782453e-06
3.310497793673761180e-06
3.221931720087667372e-06
3.109951327351367922e-06
2.966039256646624267e-06
2.780314422468066482e-06
2.539851561289552251e-06
2.228166493312144780e-06
1.827087905970081749e-06
1.312922932594773329e-06
6.731497634859806567e-07
7.026836001955416577e-08
8.277314365034982302e-07
1.308980094649747627e-06
9.012293843424501461e-07
1.397282729964643977e-06
6.257745001070347257e-06
1.219987017553325614e-05
1.486897692370980906e-05
1.171614249217967085e-05
5.730060482100896024e-06
1.081205684982933235e-06
9.953893246317235821e-07
1.287805952876475146e-06
7.605681320299595427e-07
7.771561172376095783e-16
