0.000000000000000000e+00
2.063194060042405908e-10
8.425866671046833289e-10
1.885834044479395288e-09
3.363997747030111896e-09
5.213236731194115237e-09
7.408709423728510046e-09
9.921244270572060486e-09
1.272672189855938996e-08
1.574394192793704406e-08
1.895944534702209694e-08
2.222288020270468678e-08
2.559759360032387576e-08
2.901257378784549701e-08
3.247899060809800176e-08
3.576582008335549290e-08
3.885493038424669976e-08
4.180088220007149857e-08
4.457089186615803555e-08
4.699396494167729088e-08
4.914830553648386058e-08
5.086976972989987189e-08
5.227271726582216615e-08
5.324249219285093204e-08
5.373157463406386114e-08
5.388313462084681760e-08
5.356726995309202266e-08
5.284774773350875421e-08
5.157908478103934158e-08
5.003812364456905470e-08
4.813723197827357581e-08
4.586283808283297958e-08
4.324360791674308757e-08
4.037477085994112258e-08
3.736069342785697245e-08
3.411027271749134115e-08
3.070074161559688264e-08
2.732651671610852873e-08
2.394612930167738796e-08
2.060131309988832982e-08
1.733931542791111724e-08
1.421839135318236913e-08
1.130785165504022416e-08
8.640444137952840720e-09
6.311288158755701261e-09
4.295818478716739719e-09
2.616192817939122506e-09
1.340525357385047300e-09
4.983341517217354522e-10
7.318867734085188204e-11
9.940270828678876569e-11
5.447644557676767363e-10
1.390655812727459306e-09
2.659002684701761154e-09
4.339015258203460235e-09
6.331728363839772555e-09
8.691334651977911108e-09
1.132837934569863592e-08
1.421897954934081554e-08
1.731476784172514272e-08
2.056857539844969551e-08
2.400700771509889364e-08
2.741530069627629018e-08
3.079497146174503541e-08
3.417005667305517136e-08
3.744726528864816828e-08
4.043912849027719858e-08
4.322805380319039159e-08
4.589926005937883247e-08
4.823027666134294122e-08
5.012194204123687769e-08
5.161346083859541523e-08
5.281053427896864605e-08
5.366811473006549704e-08
5.391706692225994857e-08
5.377901635128523594e-08
5.326964347407425748e-08
5.224271659720614025e-08
5.089214560882737715e-08
4.913013795793119698e-08
4.708039580414435932e-08
4.464904601597652345e-08
4.185652957566787791e-08
3.892744626643462880e-08
3.576571849794873970e-08
3.248761881735617862e-08
2.908067531226521396e-08
2.566324686092968932e-08
2.224249862070593053e-08
1.892063816733013937e-08
1.575341401771623850e-08
1.270443850120983598e-08
9.904608466726472216e-09
7.410413283004402274e-09
5.235552325011383346e-09
3.385161928548541255e-09
1.891418799360167213e-09
8.323239875096533069e-10
2.153088818346304834e-10
0.000000000000000000e+00
