0.000000000000000000e+00
5.037081862724335224e-11
7.327272122381600639e-11
7.116507383386760921e-11
5.692979421212385205e-11
3.390565606053996817e-11
3.837818951524241129e-12
2.633304685417670044e-11
6.186828827026147337e-11
9.487288732401566449e-11
1.272089100723405863e-10
1.566321516932589475e-10
1.843307728677245905e-10
2.104414420500688720e-10
2.314681779580496368e-10
2.522193565113184377e-10
2.721691760854128006e-10
2.915402363967700694e-10
3.053637342986803560e-10
3.164324358095882417e-10
3.285777205874751417e-10
3.364860612364850567e-10
3.459611486178459927e-10
3.547723226304810851e-10
3.613157550930168327e-10
3.663888081817390230e-10
3.689146765850637166e-10
3.715765473089049920e-10
3.756774891172653952e-10
3.774618395624429468e-10
3.811784221596781208e-10
3.826871042278412460e-10
3.845386231660086196e-10
3.832058004249461192e-10
3.829521144638192709e-10
3.835725070899798084e-10
3.830906702972924904e-10
3.823124039570302557e-10
3.807116844001257050e-10
3.777087531631195816e-10
3.748137356041070234e-10
3.740323606393758382e-10
3.716652541285725420e-10
3.675085791243759559e-10
3.604467835316427227e-10
3.554845307007781230e-10
3.473195064884748717e-10
3.383296975911775917e-10
3.297756512310456856e-10
3.196570785846120089e-10
3.077131882633921123e-10
2.911011431905308200e-10
2.744641180996154617e-10
2.566185042240931580e-10
2.371842722226347178e-10
2.135444043815937221e-10
1.879589817121996020e-10
1.606312860502612239e-10
1.305444641275244066e-10
9.946532486537762452e-11
6.640421545967001293e-11
3.171618523367669695e-11
3.491651412446117320e-13
2.977440516360729816e-11
5.405231817690037133e-11
6.938005725487528252e-11
7.271749868920096560e-11
5.183042883771804554e-11
7.287614955941990047e-12
7.535227997124138710e-11
2.058598846943482386e-10
4.051202706634171591e-10
6.788229978127446884e-10
1.045224573559266901e-09
1.520350401129633156e-09
2.114075692283279295e-09
2.821322730994779704e-09
3.629510914038291958e-09
4.523091123864730889e-09
5.432977290276141957e-09
6.310585609625718462e-09
7.069049789976133980e-09
7.631251186523968499e-09
7.944931601500115903e-09
7.966990622776393138e-09
7.686234870796226915e-09
7.142860969366893187e-09
6.405966423983500135e-09
5.539268155274612582e-09
4.632022210238062598e-09
3.731897346703760832e-09
2.912008301159119128e-09
2.193261794403156273e-09
1.586003661735446713e-09
1.098892865591949430e-09
7.178674321650646561e-10
4.333127190392360717e-10
2.275252208860933933e-10
8.806733120536591741e-11
0.000000000000000000e+00
