0.000000000000000000e+00
7.152857639525223021e-09
9.358444685858557932e-09
1.111223357774804299e-08
1.248602221615158214e-08
1.354963596877922782e-08
1.437314400831724015e-08
1.501385160640467120e-08
1.551104522601320923e-08
1.590399256734542632e-08
1.621376055638279468e-08
1.646189451420809746e-08
1.665846549592231440e-08
1.681789574270453613e-08
1.694625262338433913e-08
1.705099039739366162e-08
1.713652353352301816e-08
1.720642772706781898e-08
1.726410747693307712e-08
1.731034260377128930e-08
1.735048260620430938e-08
1.738408306195537989e-08
1.741155575274433431e-08
1.743472433091142193e-08
1.745286126730860587e-08
1.746850075701189553e-08
1.748181732708076197e-08
1.749298195186099747e-08
1.750325728799850822e-08
1.751169609320868403e-08
1.751833622609666463e-08
1.752253420139737727e-08
1.752751921380024669e-08
1.753015466121610189e-08
1.753455003417059288e-08
1.753719836017353373e-08
1.753944134375018393e-08
1.754067824322191882e-08
1.754247003216136136e-08
1.754351586225055826e-08
1.754477441107127333e-08
1.754469325376817324e-08
1.754544931564794297e-08
1.754595690961480159e-08
1.754435818845934136e-08
1.754367540129919689e-08
1.754377709772825256e-08
1.754278122767516379e-08
1.754180489754730843e-08
1.753999256948191032e-08
1.753683342986533944e-08
1.753397738113449122e-08
1.753015155259163294e-08
1.752609946059635604e-08
1.752346379113589592e-08
1.751717093601001807e-08
1.751098421820529438e-08
1.750188771687533063e-08
1.749248357274524324e-08
1.748066646989343553e-08
1.746842759331457273e-08
1.745210620462955831e-08
1.743194810721604426e-08
1.740931199201156687e-08
1.738070654067058740e-08
1.734852728141333955e-08
1.730779741748733613e-08
1.725894116511028642e-08
1.720164777285759783e-08
1.713098685129921250e-08
1.704268981495005164e-08
1.693641138444945682e-08
1.680524586156195710e-08
1.664338922235941709e-08
1.644177283210979112e-08
1.618841871664500331e-08
1.587207021369607673e-08
1.547085226594191454e-08
1.496131851741466789e-08
1.430593943307911786e-08
1.345963729360022398e-08
1.237317936997328616e-08
1.096457624694124888e-08
9.174250026333652386e-09
6.922170392442694720e-09
6.490998516461843337e-09
1.398990256973320356e-09
8.187467370746048800e-10
5.573268513359153076e-10
5.150150306221235041e-09
1.852442643723861693e-08
3.535343073846064499e-08
4.299071498792272905e-08
3.388704228335370772e-08
1.694917539651896732e-08
4.267946662750432552e-09
7.768352627834929081e-10
6.910586547448360761e-10
1.653564840609078601e-09
9.637473111223648914e-16
