0.000000000000000000e+00
3.169348562259699520e-06
4.145295892321598785e-06
4.921596871598765688e-06
5.528977193414164049e-06
5.999473503104368888e-06
6.364078322995680992e-06
6.647097001821755669e-06
6.867012782407755367e-06
7.041203978319643397e-06
7.178721219580630475e-06
7.288592459686604741e-06
7.375391980701806460e-06
7.446173985625748060e-06
7.503167543165822906e-06
7.549990987842924994e-06
7.587569774258895450e-06
7.618117057850426477e-06
7.643236806464948074e-06
7.664511583627131586e-06
7.682238966078003273e-06
7.696280712954362002e-06
7.708920053084433732e-06
7.718616233498565293e-06
7.727212703256824966e-06
7.734138418813429894e-06
7.740027563540863298e-06
7.744747868798640411e-06
7.749515849364563280e-06
7.753517857866931706e-06
7.756198103558986645e-06
7.758325898610252125e-06
7.760078897245392682e-06
7.761428750474586025e-06
7.762877362815778781e-06
7.764822739120269546e-06
7.765541487292360046e-06
7.766634503969527259e-06
7.766880511406171195e-06
7.767092173316392234e-06
7.767897502564125034e-06
7.767857547746892521e-06
7.768322019763296282e-06
7.768559261767116197e-06
7.768347211500881144e-06
7.768030929167224485e-06
7.767458518825876013e-06
7.767173499706458983e-06
7.766395506814127714e-06
7.765638021073328900e-06
7.764213163174993326e-06
7.762733286842404823e-06
7.761463956645897611e-06
7.760151458313657713e-06
7.757910157724090539e-06
7.755940127140981133e-06
7.753163117851791242e-06
7.749454758121387954e-06
7.744379134644319151e-06
7.739518184335381079e-06
7.734156580174733620e-06
7.726661375717647218e-06
7.718368959075405655e-06
7.707517125199458974e-06
7.695265058171862904e-06
7.681028374673104508e-06
7.662448651468700689e-06
7.641692031601365898e-06
7.615999539023476927e-06
7.584076995303945523e-06
7.545536586328616124e-06
7.498590472443389388e-06
7.440103393152597278e-06
7.368882257385855894e-06
7.279400580428863066e-06
7.167752243075753427e-06
7.027390060088123391e-06
6.849900995309354812e-06
6.623339669498129467e-06
6.333664785529435903e-06
5.959821013701294135e-06
5.478902319389078457e-06
4.855729044628276370e-06
4.063383258645636431e-06
3.067408002488392071e-06
5.699683706700264807e-06
6.236943910220560383e-07
3.627938452988033191e-07
2.461531846131848056e-07
2.285173638538751106e-06
8.204713910053840209e-06
1.565936870207007559e-05
1.903303974648551389e-05
1.500255507791425913e-05
7.496943019491553173e-06
1.886675648821167783e-06
3.395688945584396379e-07
3.012907079380511277e-07
7.356371938271877298e-07
2.410994581064640485e-16
