0.000000000000000000e+00
1.332035324264069232e-07
1.743141964105632269e-07
2.069692993655891655e-07
2.326068987423823842e-07
2.524351659927148717e-07
2.677334085543492392e-07
2.796456735065788735e-07
2.889287875618151702e-07
2.962758958169331436e-07
3.020703652767409153e-07
3.066808932361553275e-07
3.103358140466028203e-07
3.133054357062903250e-07
3.157182615343145926e-07
3.176782074065798156e-07
3.192534095974863817e-07
3.205654367510746283e-07
3.216223992685840471e-07
3.225098686998606468e-07
3.232415407561362031e-07
3.238475735356516338e-07
3.243797666030445725e-07
3.248118911614028548e-07
3.251499806067315035e-07
3.254570176691728989e-07
3.256895956260663638e-07
3.258976666309365555e-07
3.260891324741166386e-07
3.262465475550868632e-07
3.263552855736762126e-07
3.264578390949068876e-07
3.265189026935289007e-07
3.265993611112349981e-07
3.266517184519202033e-07
3.267114768723544671e-07
3.267761433667359938e-07
3.267868911027704826e-07
3.268202647399576222e-07
3.268414173751565954e-07
3.268657452482059966e-07
3.268617477791835313e-07
3.268809650736059780e-07
3.268852704074731719e-07
3.268820337742894822e-07
3.268657722266254950e-07
3.268446110427092322e-07
3.268092645392073337e-07
3.267998280875872297e-07
3.267679428153869026e-07
3.267234508497196543e-07
3.266456507500237194e-07
3.265906641791715970e-07
3.265150966269558808e-07
3.264569287120266949e-07
3.263700086852949767e-07
3.262426817585151184e-07
3.260865401033541389e-07
3.258884642143300425e-07
3.256874880896987179e-07
3.254400450236616393e-07
3.251267620685283077e-07
3.247768344261103834e-07
3.243216826209760484e-07
3.238048041920293940e-07
3.232050785895168588e-07
3.224459813599978020e-07
3.215429453806706306e-07
3.204695894210018992e-07
3.191477774278084212e-07
3.175002043498409421e-07
3.155234150620245259e-07
3.130802104234220451e-07
3.100617506079927921e-07
3.063040925344040488e-07
3.015811073092677930e-07
2.956820986943498042e-07
2.882267435833085756e-07
2.786796037268501891e-07
2.664802881691130665e-07
2.507550419528215002e-07
2.304741769654228278e-07
2.042490101494820465e-07
1.708576599090960713e-07
1.289202484766605039e-07
1.830247704504017747e-07
2.599081527776547773e-08
1.535356475290683420e-08
1.054225284846666000e-08
9.577969040108769150e-08
3.449712641101498889e-07
6.587821140824345889e-07
8.008085680133447681e-07
6.315678150459191897e-07
3.154792357351610121e-07
7.932489720641200392e-08
1.449476594306275956e-08
1.295214668850519502e-08
3.070397625037912803e-08
9.638557313396134418e-16
