0.000000000000000000e+00
6.290205356584976926e-09
2.604864890454194892e-08
6.015851594654009205e-08
1.076405791167189818e-07
1.677421522794375619e-07
2.373567939972787144e-07
3.176555138928449651e-07
4.076329142010948203e-07
5.062462159477476575e-07
6.089261307407056734e-07
7.153684976612950663e-07
8.258699529806179385e-07
9.366134329225062061e-07
1.046128090154141432e-06
1.152275159066462606e-06
1.253905333120641785e-06
1.347217359448649177e-06
1.435224943779900286e-06
1.515425314235763210e-06
1.583907416446983518e-06
1.640859788154536147e-06
1.684524382317142965e-06
1.716248328453851002e-06
1.734251898422023430e-06
1.737886581643088846e-06
1.727108558058354504e-06
1.701345776483620398e-06
1.663921852967931159e-06
1.613838047420657063e-06
1.551253790088580331e-06
1.476182236226364353e-06
1.391871294109670032e-06
1.301679278031819820e-06
1.203586288300861895e-06
1.099580381080933478e-06
9.908306670691757745e-07
8.809694379552368559e-07
7.703065457720370546e-07
6.610350562485933779e-07
5.564623316578476420e-07
4.557735826526965184e-07
3.611683832005496697e-07
2.754988155384552329e-07
2.006519214114987903e-07
1.359049408566903594e-07
8.183426136731952738e-08
4.117155327776345075e-08
1.415295380891024024e-08
1.321177500734904697e-09
1.425786710917975597e-09
1.467405408295263669e-08
4.190860902753001938e-08
8.378685190102430624e-08
1.371285210938211208e-07
2.016069220456273570e-07
2.769402945856924703e-07
3.623809722297366420e-07
4.573476285463229374e-07
5.575749476571800756e-07
6.621540392659497343e-07
7.718782063514950664e-07
8.837299764197226182e-07
9.933226705616249319e-07
1.100015101118678729e-06
1.203809218419671367e-06
1.300511678459237430e-06
1.393508383129571371e-06
1.479331172116182813e-06
1.552725445885805300e-06
1.613908097608529602e-06
1.663204912571991656e-06
1.704086917908576027e-06
1.728224518049437108e-06
1.738397349737574871e-06
1.733997143982257683e-06
1.717800984568640388e-06
1.685292998376830553e-06
1.639727241209421038e-06
1.584945497179468532e-06
1.517460237354661956e-06
1.439093315402928397e-06
1.347408272844852206e-06
1.253563667424906214e-06
1.153083881155758661e-06
1.047422332756120511e-06
9.392899763538409275e-07
8.279964757162971978e-07
7.167801567842246868e-07
6.089651380936089708e-07
5.070594540912409798e-07
4.090863289230028954e-07
3.182794868772376162e-07
2.382307603410183106e-07
1.680483902033458321e-07
1.092713909356390900e-07
6.118563777857133346e-08
2.658228170915322153e-08
6.587272061153726099e-09
0.000000000000000000e+00
