0.000000000000000000e+00
3.197853093439562144e-11
6.036171562584513595e-11
8.622702551974725793e-11
1.092708146188670071e-10
1.309139463501196587e-10
1.506536007056524795e-10
1.680889871735757879e-10
1.841826691162395946e-10
1.990621001368708676e-10
2.123607956150408427e-10
2.242180885403399770e-10
2.354716421848479513e-10
2.454888514691333512e-10
2.543831811863128678e-10
2.629070294801749696e-10
2.704585444490703594e-10
2.767387430324674824e-10
2.835498502662403553e-10
2.888514982757328653e-10
2.941115129218019320e-10
2.986001446103614398e-10
3.027591510829097388e-10
3.064936082708413778e-10
3.099582812637891038e-10
3.131070958062309728e-10
3.154907446401011839e-10
3.177413887556213012e-10
3.198561415729272994e-10
3.214645216687017637e-10
3.225706368681358072e-10
3.234513767935709438e-10
3.242953683368909878e-10
3.249335245314455278e-10
3.250885116656831997e-10
3.246386492961050863e-10
3.245611557289862503e-10
3.238765922120023788e-10
3.227049738541154511e-10
3.213116439582108796e-10
3.198686870931055637e-10
3.181876984115206142e-10
3.156508388002521315e-10
3.131030990033423222e-10
3.105367074596188104e-10
3.072564425110613229e-10
3.035762752290338540e-10
2.994654524357542869e-10
2.945554911093495321e-10
2.896334283519763630e-10
2.842615032250250806e-10
2.780975449923062115e-10
2.709465984906955782e-10
2.638520513187359029e-10
2.556473921444535335e-10
2.464023429737949300e-10
2.367228635336005027e-10
2.258379039332680804e-10
2.138733634637901559e-10
2.002995547201180671e-10
1.862644483097142256e-10
1.703628349503105710e-10
1.526015980246597792e-10
1.331442733842891357e-10
1.121681636462312781e-10
8.916889449039899773e-11
6.329181623243584909e-11
3.496991585194564323e-11
4.790168262047700409e-12
2.877365012921018206e-11
6.528111384795920458e-11
1.051571052457234146e-10
1.479503186629926859e-10
1.924689296828319129e-10
2.400794008039497385e-10
2.894713357903810902e-10
3.397668812965548568e-10
3.897695499688325071e-10
4.379726581404952412e-10
4.831285371764693082e-10
5.217497545118021662e-10
5.534435132403814350e-10
5.759452914588791828e-10
5.879137177089432953e-10
5.891581666972456333e-10
5.779583478471295166e-10
5.572127204089838415e-10
5.259862545514693011e-10
4.876365977679597563e-10
4.440585676945829618e-10
3.956820426864737783e-10
3.458147102008979346e-10
2.963106426889794420e-10
2.459270564969529005e-10
1.980652308830599395e-10
1.529204540773321241e-10
1.097307800179692094e-10
7.086820019708284235e-11
3.299860384942121527e-11
0.000000000000000000e+00
