0.000000000000000000e+00
5.946876879825424567e-09
1.146986383648851415e-08
1.659232662376552980e-08
2.109990526744098815e-08
2.533662257775404214e-08
2.912286345413406252e-08
3.248730662264165403e-08
3.569271478376379036e-08
3.853697616573725782e-08
4.106300643957894181e-08
4.347674253946109957e-08
4.561788002899191952e-08
4.749977344786771027e-08
4.927444752222953639e-08
5.089859256290907297e-08
5.242181189135663999e-08
5.375641687344057118e-08
5.491560539638840055e-08
5.601558594747757525e-08
5.706316763554042382e-08
5.791070811778098459e-08
5.871207719998494667e-08
5.943795755580794093e-08
6.014336639825756947e-08
6.065870217231150718e-08
6.121948459281156829e-08
6.160694876466976666e-08
6.202936453370000436e-08
6.228502158478477213e-08
6.254617535006445905e-08
6.273465469330830047e-08
6.293094978460089806e-08
6.301591615187618345e-08
6.304634936338260331e-08
6.302244404121637444e-08
6.289554155269883040e-08
6.281065068058921952e-08
6.257271611964654312e-08
6.237505822959121815e-08
6.207001757019270372e-08
6.170426181117960596e-08
6.127535123745531109e-08
6.072275637869495313e-08
6.021596810068530203e-08
5.952779791318363323e-08
5.875276165578924292e-08
5.800421820634227288e-08
5.711590889134754434e-08
5.614046327817590054e-08
5.510627076876772890e-08
5.384583412482157883e-08
5.253457402432104573e-08
5.101811006991141539e-08
4.954179078087150856e-08
4.773135819924334555e-08
4.586158730557343688e-08
4.374454509736835917e-08
4.134705322567100438e-08
3.886058108637513442e-08
3.598510844859958979e-08
3.287903183046836375e-08
2.948641653066630397e-08
2.581041402827111142e-08
2.169282475872336136e-08
1.716512498806110898e-08
1.219044409861425038e-08
6.731812662863490004e-09
7.539897595165712119e-10
5.773931555097533419e-09
1.298354423973080429e-08
2.065422488595203276e-08
2.893651884772197036e-08
3.761200983998236325e-08
4.687247512347170186e-08
5.659590818218873665e-08
6.626288773237121177e-08
7.614157326862880382e-08
8.536472773101877465e-08
9.418478907896599139e-08
1.016606724357771441e-07
1.078260002396191908e-07
1.125295162607287125e-07
1.145310422057121968e-07
1.146644402760799153e-07
1.125948130287213189e-07
1.084518946870005607e-07
1.026562721495594133e-07
9.516327192926610223e-08
8.658369410330379878e-08
7.713880101345438334e-08
6.758556059249798409e-08
5.776561662340640169e-08
4.801026209921843702e-08
3.870089260171738488e-08
2.996566028645730739e-08
2.152023714785400443e-08
1.385791914554346249e-08
6.683144260222206867e-09
9.967260350407514125e-11
