0.000000000000000000e+00
3.228992664361385323e-07
3.904707975843635381e-07
4.441353874673481528e-07
4.862624531920545223e-07
5.187944736029237447e-07
5.440449065696739694e-07
5.636379042384120908e-07
5.789078755258358910e-07
5.909225471167900423e-07
6.004256057901002919e-07
6.080271232056233544e-07
6.140614391414445095e-07
6.189234019737810399e-07
6.228818713038819510e-07
6.261026482823339734e-07
6.287072975563745558e-07
6.308375924968245840e-07
6.325827711650688912e-07
6.340577655139512103e-07
6.352590604663532758e-07
6.362512594559888157e-07
6.371284086981177097e-07
6.377973510440781979e-07
6.384166533202062510e-07
6.388941754531529682e-07
6.393003758597970432e-07
6.396102397721037391e-07
6.399520030564431750e-07
6.401977792336310813e-07
6.403751725558848307e-07
6.405599246583904005e-07
6.406808129577612476e-07
6.407516254247624943e-07
6.408807999846999337e-07
6.409776919236165327e-07
6.410660117195376984e-07
6.410865190931147595e-07
6.411428387087525493e-07
6.411901727343405355e-07
6.411903883396519177e-07
6.412106362541081239e-07
6.412485175077975441e-07
6.412481977635664521e-07
6.412427840940537749e-07
6.411764966740562954e-07
6.411634779768249359e-07
6.411604743794541150e-07
6.411101485248593690e-07
6.410290438463306373e-07
6.409941034624111467e-07
6.408941853885963269e-07
6.407687122012006853e-07
6.406431584116134559e-07
6.405597779979288475e-07
6.403819560185652904e-07
6.401757669527441408e-07
6.399108265497943648e-07
6.395885209231622071e-07
6.392897181628498515e-07
6.388787204825163712e-07
6.383564266077002003e-07
6.377631525111837618e-07
6.370411792522290284e-07
6.361937928689442856e-07
6.352075725413186547e-07
6.339208834527099157e-07
6.324771767429737679e-07
6.307080760992178625e-07
6.285431062291735316e-07
6.258308266060552683e-07
6.225894723099756334e-07
6.185688251614251953e-07
6.135681192009911911e-07
6.074147204104818343e-07
5.996802392438382867e-07
5.899456687608051197e-07
5.777337215295830219e-07
5.620857675969759271e-07
5.419836078823792036e-07
5.162150983339941490e-07
4.828412415447402850e-07
4.397560275926082340e-07
3.848932211836242345e-07
3.159876265090844072e-07
5.092375318371811233e-07
1.468244490432368821e-07
7.881185670743917626e-08
8.743185297976907577e-08
2.619877054188535226e-07
6.708359999718638278e-07
1.188014518205271486e-06
1.419785562561948211e-06
1.143180955009981403e-06
6.222360265928372769e-07
2.340250992993730961e-07
7.984600536303787521e-08
8.265194562095956599e-08
1.544647387774489289e-07
4.513872986326716852e-10
