0.000000000000000000e+00
5.525228052860597927e-10
2.202545257290466907e-09
4.931025587850967895e-09
8.701905307439972148e-09
1.346012146186126301e-08
1.913285063714909029e-08
2.558189238222041695e-08
3.272980664270619400e-08
4.046461299367365427e-08
4.868432745830375552e-08
5.720476070614211039e-08
6.595479651316793479e-08
7.479225161421965140e-08
8.350510238841479804e-08
9.189559324607188273e-08
1.000200375855797574e-07
1.076269436905974430e-07
1.146310784072568367e-07
1.208821294174100558e-07
1.263254917338585415e-07
1.308286452506024489e-07
1.343742219717114494e-07
1.368439392912534913e-07
1.381991517890313048e-07
1.385215130378369963e-07
1.376592861923597866e-07
1.357960028869342750e-07
1.327332452838447807e-07
1.287038897679337879e-07
1.237258927533346764e-07
1.178621218400621729e-07
1.112285527016254605e-07
1.039227168764256248e-07
9.603310024974831549e-08
8.774515802834059741e-08
7.920470390665457217e-08
7.040703242644497095e-08
6.157612753021624030e-08
5.295516336545347258e-08
4.456369673278004484e-08
3.657512970267617902e-08
2.912147878397775003e-08
2.231050943990453561e-08
1.623148482288172545e-08
1.099987434471927372e-08
6.739796720722779355e-09
3.476469001562065841e-09
1.300668017734096793e-09
1.995537068921748869e-10
1.819744355202601582e-10
1.288823492373580848e-09
3.508848545052956069e-09
6.763474891258169919e-09
1.105217672936475992e-08
1.623840806264098546e-08
2.230248996593076072e-08
2.911506313818534863e-08
3.657033886828031655e-08
4.458926439188104496e-08
5.298999994352016074e-08
6.164809174258323310e-08
7.042924288214180706e-08
7.918040245691315704e-08
8.779235982636635072e-08
9.613667351082710866e-08
1.039577199879460068e-07
1.113317683598680219e-07
1.179229294212547074e-07
1.237632785144882064e-07
1.288211659566940170e-07
1.328207730466601788e-07
1.357506839161359835e-07
1.377156177984062424e-07
1.385815131538237210e-07
1.383220642470206485e-07
1.368993071126922700e-07
1.344153979232487472e-07
1.309211965505596709e-07
1.264250408805622783e-07
1.209059650175703382e-07
1.146976028598700736e-07
1.077071728472489553e-07
1.000561216102369144e-07
9.198535744214808574e-08
8.347101121408684321e-08
7.478263475135804583e-08
6.598582669159469560e-08
5.725510177079229379e-08
4.870386782762636813e-08
4.047877211199590874e-08
3.272523396713467037e-08
2.556641709450246935e-08
1.911520652875253745e-08
1.346653055733781912e-08
8.730851153160301692e-09
4.952380949774237706e-09
2.219594286145820661e-09
5.552318604884476372e-10
0.000000000000000000e+00
