0.000000000000000000e+00
2.604333177698148205e-04
2.950761201048202054e-04
3.023015744392232307e-04
3.042658022096578208e-04
3.048301734900338289e-04
3.049554834467782527e-04
3.049304472588776349e-04
3.048595420545030521e-04
3.047761560730499752e-04
3.046920340149528172e-04
3.046145934509913999e-04
3.045456263744972247e-04
3.044861188935543694e-04
3.044318942443391407e-04
3.043854881372709542e-04
3.043454008231361030e-04
3.043078757469785955e-04
3.042769475192219630e-04
3.042483687936137216e-04
3.042222246374404193e-04
3.041993911757634450e-04
3.041790712129399665e-04
3.041606708151789462e-04
3.041441491424823340e-04
3.041291511417520965e-04
3.041163863543028256e-04
3.041028386318034293e-04
3.040922674949486648e-04
3.040820564839119555e-04
3.040728908568768318e-04
3.040642944247551327e-04
3.040572044596956403e-04
3.040503906462932449e-04
3.040446980164812629e-04
3.040387569741564988e-04
3.040331325872003276e-04
3.040295587544150635e-04
3.040243420034949295e-04
3.040202221243903935e-04
3.040181337868874678e-04
3.040153838558268262e-04
3.040127645417278757e-04
3.040108344758429837e-04
3.040094526696179855e-04
3.040087988386286355e-04
3.040068150186314710e-04
3.040056260393830811e-04
3.040062078298877424e-04
3.040061723961207107e-04
3.040064008319465216e-04
3.040076166286320714e-04
3.040069895829944358e-04
3.040093413565481129e-04
3.040117268737763112e-04
3.040116054967567649e-04
3.040138879656373305e-04
3.040173273896051853e-04
3.040212720701873650e-04
3.040240555828299662e-04
3.040281527930677186e-04
3.040333401151951165e-04
3.040376958374224614e-04
3.040425852003370011e-04
3.040493464974147741e-04
3.040558068385657009e-04
3.040635959823401180e-04
3.040720899186721837e-04
3.040808605131450904e-04
3.040908723317414797e-04
3.041025194445712287e-04
3.041132168227766996e-04
3.041276721834629271e-04
3.041422551430805754e-04
3.041585118286338485e-04
3.041766148454971841e-04
3.041969204743422139e-04
3.042179306353975932e-04
3.042452462780342870e-04
3.042712448679818493e-04
3.043049165477595963e-04
3.043395384834113315e-04
3.043792908218323490e-04
3.044260516719132781e-04
3.044782171021109818e-04
3.045375506325331827e-04
3.046047234708249007e-04
3.046802978698970321e-04
3.047638194472179762e-04
3.048474498662523402e-04
3.049228398724901368e-04
3.049603527773836475e-04
3.048680283270766012e-04
3.044126758383614018e-04
3.027896150418207810e-04
2.968824928520907847e-04
2.701204528026135421e-04
7.988222499311081748e-05
1.812670315549991251e-03
2.220446049250313081e-16
