0.000000000000000000e+00
4.845573754841403513e-05
5.491323046169505062e-05
5.626046453999222763e-05
5.662673490425262912e-05
5.673196354971654642e-05
5.675531220694640666e-05
5.675062447663137277e-05
5.673738521638771459e-05
5.672182050819873922e-05
5.670612053920720541e-05
5.669166824295857054e-05
5.667879785686835703e-05
5.666769261347681663e-05
5.665757388162440122e-05
5.664891400392058074e-05
5.664143306094437946e-05
5.663443083814279078e-05
5.662865930389227032e-05
5.662332631528599336e-05
5.661844753801492658e-05
5.661418667024520346e-05
5.661039484394780885e-05
5.660696134546228109e-05
5.660387830852542379e-05
5.660107949623238710e-05
5.659869742724588093e-05
5.659616965758562657e-05
5.659419683046174043e-05
5.659229140575483541e-05
5.659058106022296641e-05
5.658897713578525668e-05
5.658765391003406364e-05
5.658638242433955412e-05
5.658532004992888886e-05
5.658421152787695974e-05
5.658316210210845298e-05
5.658249500084533423e-05
5.658152174603525708e-05
5.658075306480547795e-05
5.658036315647763104e-05
5.657985000695475719e-05
5.657936134051411159e-05
5.657900118172243253e-05
5.657874321851608101e-05
5.657862110741707085e-05
5.657825113369874259e-05
5.657802936676059602e-05
5.657813771475783682e-05
5.657813110149234603e-05
5.657817372772822040e-05
5.657840049599904830e-05
5.657828380478679975e-05
5.657872243869377371e-05
5.657916747969782278e-05
5.657914515133644073e-05
5.657957106597333308e-05
5.658021277155089734e-05
5.658094864935403479e-05
5.658146816567288795e-05
5.658223282878349636e-05
5.658320059109822608e-05
5.658401349029062999e-05
5.658492607141241137e-05
5.658618764803335921e-05
5.658739327762951632e-05
5.658884665737939912e-05
5.659043145933573271e-05
5.659206819075279782e-05
5.659393643675514340e-05
5.659610973607342999e-05
5.659810621083671833e-05
5.660080345470941410e-05
5.660352470127083535e-05
5.660655827877114632e-05
5.660993639722278203e-05
5.661372553722454626e-05
5.661764633535515401e-05
5.662274331785788206e-05
5.662759510571824251e-05
5.663387819865306483e-05
5.664033901742193677e-05
5.664775723746018343e-05
5.665648308461612714e-05
5.666621782629555071e-05
5.667729026404000336e-05
5.668982582696102668e-05
5.670392963597059577e-05
5.671951719410373016e-05
5.673512668868951891e-05
5.674920153631024533e-05
5.675621471534775253e-05
5.673901490721444674e-05
5.665410366650913687e-05
5.635142051629848936e-05
5.524991790251121415e-05
5.026114734074660362e-05
1.481860345986518723e-05
3.384516593372133286e-04
8.881784197001252323e-16
