0.000000000000000000e+00
7.088635123331243904e-09
2.865364701065686859e-08
6.422559561958252061e-08
1.132158106154079746e-07
1.745658462226629126e-07
2.477481172435958001e-07
3.314094980666482115e-07
4.243553152205592482e-07
5.249554083652796521e-07
6.316685108309627594e-07
7.423783129345551401e-07
8.560541011615185880e-07
9.699597536272364096e-07
1.082657807405240646e-06
1.193178018610296931e-06
1.298692217432950713e-06
1.396983748014335447e-06
1.488248729919483537e-06
1.569149390090451845e-06
1.640212915376970670e-06
1.699155414147668353e-06
1.744590110153154683e-06
1.777040200767743272e-06
1.793891529322522160e-06
1.797938568470769383e-06
1.786998157782271335e-06
1.761268291211592896e-06
1.724191762697557806e-06
1.671834464755939109e-06
1.605870249110630255e-06
1.530054676734948771e-06
1.443713054438688914e-06
1.348711296200733045e-06
1.247359944445136648e-06
1.138752604434856153e-06
1.027162585653940141e-06
9.134936949095617820e-07
7.997250215385776073e-07
6.877017035833432601e-07
5.785497926291682802e-07
4.744543227186426293e-07
3.777969946883175112e-07
2.892895754058599778e-07
2.107630172609731289e-07
1.436620788997089448e-07
8.784931526673034341e-08
4.552018595394002887e-08
1.654891546021275417e-08
2.597825732308933766e-09
2.818539290849741974e-09
1.714944830588649438e-08
4.538390308006512441e-08
8.778603788339722769e-08
1.427913249862911016e-07
2.105862357826282505e-07
2.895180133410946155e-07
3.779422691474465523e-07
4.745921101667605058e-07
5.781483899403028204e-07
6.869928264041647026e-07
7.991046975241999917e-07
9.135139334981445813e-07
1.027491744576281008e-06
1.138649829313109763e-06
1.246602748583569564e-06
1.348450182292459942e-06
1.443079136187463973e-06
1.528855799293182827e-06
1.605868402809740303e-06
1.670217285254516071e-06
1.722662091419024932e-06
1.762217808343180536e-06
1.785741660542683462e-06
1.796699864886619480e-06
1.793952533302167751e-06
1.776307363754447977e-06
1.742495664203147498e-06
1.698009351347451457e-06
1.638922178637258753e-06
1.568692173825603220e-06
1.487167931912836139e-06
1.396910839557286010e-06
1.298314301290126593e-06
1.192120997917101022e-06
1.083258552414534392e-06
9.697763072580301014e-07
8.554243012826034942e-07
7.418636339684425707e-07
6.312418712184353353e-07
5.245791649954867353e-07
4.241966851115108739e-07
3.313648824221360201e-07
2.478040377340562372e-07
1.741738970828521360e-07
1.126803942375076417e-07
6.399989949112949716e-08
2.834153600694833131e-08
6.963822518635254255e-09
2.220446049250313081e-16
