0.000000000000000000e+00
2.408836241585277094e-09
2.518064756706905882e-09
2.697850387534117544e-09
2.939208210150923151e-09
3.241311552493186809e-09
3.611485888121990229e-09
4.030325739812212760e-09
4.490633420672907050e-09
4.989178847836228670e-09
5.515690792989857982e-09
6.062914059690172053e-09
6.626986848168314737e-09
7.192900053354378542e-09
7.752564479268642117e-09
8.300077070089173503e-09
8.818351382444689079e-09
9.309389037426285540e-09
9.758454155850415646e-09
1.016547013232838026e-08
1.051524423090199889e-08
1.080638345474227435e-08
1.102988422818640402e-08
1.119360948376169063e-08
1.128221593926781452e-08
1.129912119424147932e-08
1.124583282052782351e-08
1.112287495441677265e-08
1.092446377803923951e-08
1.067111499164496990e-08
1.034473906535993137e-08
9.970698378047870847e-09
9.541744505625615602e-09
9.066607131735793246e-09
8.563545761397506340e-09
8.028600895215731725e-09
7.473903829158246026e-09
6.910277794425212505e-09
6.346836389781174148e-09
5.786710111088666508e-09
5.247036916067315815e-09
4.735624559160100944e-09
4.254706587047962785e-09
3.813597548862901476e-09
3.425977390669743272e-09
3.086246480599186270e-09
2.811894717069662875e-09
2.602007387331184418e-09
2.459120129749692296e-09
2.387484654420291008e-09
2.385060149379114591e-09
2.456441938747389031e-09
2.602936866047400599e-09
2.812955979258902062e-09
3.085176003558842694e-09
3.421528060876255495e-09
3.819308758146178207e-09
4.258167041193416935e-09
4.737945036303869983e-09
5.253433132956786267e-09
5.790238954972437568e-09
6.345329262025245498e-09
6.913068562042212761e-09
7.475476460072627560e-09
8.032790765888364604e-09
8.565148923445065066e-09
9.070933781885059943e-09
9.538644651918559703e-09
9.969832626133268150e-09
1.034605889849160576e-08
1.067242327845718819e-08
1.092375745415097299e-08
1.112288006144268593e-08
1.124634130267310184e-08
1.130284499328837455e-08
1.127953253021729552e-08
1.119504011715122260e-08
1.102979108047463797e-08
1.080553635457448536e-08
1.051445741584444704e-08
1.016192452407693736e-08
9.760577679429616182e-09
9.307743464859186133e-09
8.817866548049835274e-09
8.297514453303733717e-09
7.751416064571969855e-09
7.190265383094640583e-09
6.626653337171717340e-09
6.063055946192719148e-09
5.510486289495020173e-09
4.985468482487931396e-09
4.487759608373664832e-09
4.024476862873882510e-09
3.610584831115204452e-09
3.245611002178350191e-09
2.938230880822345625e-09
2.697320700129068882e-09
2.517929864609413926e-09
2.411371324839706176e-09
0.000000000000000000e+00
