0.000000000000000000e+00
4.820401379723726620e-06
5.460280640301462540e-06
5.593649782364984446e-06
5.629748418112257013e-06
5.640114823290964807e-06
5.642387748139299219e-06
5.641960383218069808e-06
5.640653708671727884e-06
5.639072513163867484e-06
5.637539169933702965e-06
5.636141551690343476e-06
5.634880809846087857e-06
5.633760505663332196e-06
5.632777796749088850e-06
5.631923912341463279e-06
5.631172535158768255e-06
5.630507435183673692e-06
5.629937582685151654e-06
5.629375765203725734e-06
5.628914226840642243e-06
5.628512220190451387e-06
5.628135531510203293e-06
5.627780462202913725e-06
5.627491130089090632e-06
5.627199898716739312e-06
5.626950552284348817e-06
5.626738528774488657e-06
5.626529776869837463e-06
5.626332486352580986e-06
5.626163687488805465e-06
5.626012302029081980e-06
5.625868906400377512e-06
5.625736874681486199e-06
5.625621008031878034e-06
5.625534893138883774e-06
5.625440632539557839e-06
5.625345312676444109e-06
5.625269374420760471e-06
5.625203317927152113e-06
5.625135127140801217e-06
5.625117901586484948e-06
5.625061854419577401e-06
5.625024914190923653e-06
5.625009954157711434e-06
5.624951935678801362e-06
5.624952393201709810e-06
5.624940389359345261e-06
5.624920549451850604e-06
5.624920214497564075e-06
5.624949595994799267e-06
5.624949570459669701e-06
5.624967577388950701e-06
5.625006629039752681e-06
5.624999624753712624e-06
5.625034774969783768e-06
5.625096982764254960e-06
5.625140153342478300e-06
5.625198711500800641e-06
5.625251027319144725e-06
5.625352111682246914e-06
5.625422472843588650e-06
5.625502621731115482e-06
5.625605435488623129e-06
5.625737450110079862e-06
5.625856005053719855e-06
5.625996760794116369e-06
5.626134990999176466e-06
5.626310418560542814e-06
5.626494814503502084e-06
5.626700987915178587e-06
5.626906378064511216e-06
5.627150808207304067e-06
5.627451424849994055e-06
5.627731917257072780e-06
5.628074171148966798e-06
5.628428241033489599e-06
5.628865732743015826e-06
5.629299319021008330e-06
5.629850212129916542e-06
5.630437356018980211e-06
5.631058770050323403e-06
5.631804559480535488e-06
5.632644025310717950e-06
5.633631388723969735e-06
5.634704402401879975e-06
5.635959847705152015e-06
5.637333405306144130e-06
5.638860655077237993e-06
5.640409513230082439e-06
5.641814621593077561e-06
5.642523425275491888e-06
5.640815946006405568e-06
5.632297996993607114e-06
5.602384943403926343e-06
5.493776208398415406e-06
5.001825462924713861e-06
1.500805679621741717e-06
3.270586969050803816e-05
0.000000000000000000e+00
