0.000000000000000000e+00
3.595581166138117624e-09
4.196275105172730946e-09
4.818090371117023096e-09
5.434996008801817879e-09
6.042264022454446604e-09
6.621505344028832951e-09
7.172207050487600100e-09
7.686897784964230596e-09
8.163352216428165775e-09
8.601945378217124016e-09
9.006498991048772496e-09
9.379718002300307944e-09
9.717916471529974842e-09
1.002665783733647231e-08
1.030444107819050714e-08
1.055783904746476765e-08
1.078611489013781011e-08
1.099089042000400696e-08
1.117346126733309575e-08
1.133765259453412000e-08
1.148760708780116602e-08
1.161843399266615506e-08
1.173891317485242780e-08
1.184046050095588498e-08
1.193189946846473504e-08
1.201284471896713058e-08
1.208150157694376503e-08
1.213622835560812518e-08
1.218284029214089514e-08
1.222370460407518067e-08
1.225527501702572408e-08
1.227551560400996777e-08
1.228784285434159074e-08
1.229415880210638079e-08
1.228842672063024111e-08
1.227851087470810398e-08
1.225921353320558183e-08
1.222935330780217100e-08
1.218996059648702612e-08
1.214342382205302329e-08
1.208786182260723763e-08
1.202137556166604782e-08
1.194204757304362374e-08
1.185448805784972137e-08
1.175109631823545442e-08
1.163445295659926160e-08
1.150479356226696837e-08
1.136059224471352991e-08
1.119650416825379580e-08
1.101682467474773830e-08
1.081540268454972420e-08
1.058650811458505814e-08
1.033881291689908721e-08
1.006376104673023519e-08
9.759752783722319691e-09
9.423458680046792324e-09
9.058337191447662917e-09
8.658129102556699763e-09
8.220719549534294401e-09
7.750201369560727471e-09
7.240864463575746868e-09
6.693982701477807495e-09
6.112394590473968492e-09
5.511492595644540415e-09
4.896580474422762563e-09
4.274864906506081752e-09
3.666640324695435993e-09
5.184783880007870494e-09
2.623398387413544697e-09
2.262211307169081920e-09
2.068264337573566536e-09
2.108459851157817866e-09
2.442854807327421440e-09
3.133805215327356564e-09
4.215801596707535737e-09
5.731502383810038737e-09
7.651558164845084775e-09
9.903459163851380254e-09
1.233913216047710648e-08
1.476268818301207375e-08
1.692344531178946454e-08
1.855666853511905856e-08
1.947233041477147708e-08
1.952512995728739043e-08
1.870843391316157067e-08
1.715689390557884053e-08
1.503846780437356756e-08
1.263161442111027100e-08
1.019080153596974014e-08
7.904076504416934768e-09
5.934969404819412375e-09
4.372453510370633012e-09
3.235336221152351754e-09
2.497068107842892459e-09
2.122583775410191720e-09
2.055556502789102069e-09
2.223279116364551555e-09
2.567530188457567419e-09
0.000000000000000000e+00
