0.000000000000000000e+00
1.143533390202122746e-08
1.670530647146506453e-08
1.695896445497169225e-08
1.282834072302563300e-08
7.889461306476164282e-09
1.086746248546432980e-09
6.741847857760774332e-09
1.467151600209604112e-08
2.238904417417586501e-08
3.016129523913946286e-08
3.717237362366176967e-08
4.366438710601272533e-08
4.996202274121230857e-08
5.537687941536972858e-08
6.014995324044036806e-08
6.483393133471793135e-08
6.849868983138662770e-08
7.227769049933385759e-08
7.540857682730717215e-08
7.801329571233139859e-08
8.038560261880434155e-08
8.231385528745249758e-08
8.386544481098212600e-08
8.531077677620402255e-08
8.644863824791571005e-08
8.758441860656773770e-08
8.779326554630983992e-08
8.868971823616789152e-08
8.999002409915135559e-08
9.015216073660070606e-08
9.032765024841182822e-08
9.026077063545301371e-08
9.023928337903441843e-08
9.192244276867711505e-08
9.073439832807395078e-08
9.031250569613291646e-08
9.070136175459708738e-08
9.000205847264908243e-08
8.957645125651225726e-08
8.937299222910866092e-08
8.841631782274816942e-08
8.771180048938731488e-08
8.677787710631434948e-08
8.536299256345358799e-08
8.381734473150714848e-08
8.207147450534080235e-08
7.987446593027414110e-08
7.787726197250322002e-08
7.536095014692989480e-08
7.254308087567551411e-08
6.914484040887458605e-08
6.540058683501825953e-08
6.061987734007345807e-08
5.614991893665433054e-08
5.082333320860499271e-08
4.509856521561772524e-08
3.852744223653559175e-08
3.109286483837792048e-08
2.338167215398812004e-08
1.577615371672891342e-08
7.863543483033197390e-09
4.099576234040114286e-11
7.012888270097050736e-09
1.258182880103930756e-08
1.587681897063930592e-08
1.652668646379140682e-08
1.280674011283622349e-08
1.785217973448993689e-09
1.809008554065627550e-08
4.903448247439712304e-08
9.572748693731369940e-08
1.602744732487337842e-07
2.469473761035345660e-07
3.590543478093621843e-07
4.994803466384922785e-07
6.653523562105689848e-07
8.573085346075259849e-07
1.068239428025918869e-06
1.282689637394085480e-06
1.489453895442416353e-06
1.668001128773966002e-06
1.805021795364680770e-06
1.878118553899632559e-06
1.881104835455005286e-06
1.816183453184905261e-06
1.689279114480690680e-06
1.512399543157627591e-06
1.308063090066369227e-06
1.094142207280768275e-06
8.815863803413037658e-07
6.871812214814809749e-07
5.180916995417561566e-07
3.741321465966507276e-07
2.590304466476567313e-07
1.695806246537756579e-07
1.018124948792831219e-07
5.297969929429768854e-08
2.067531423843860239e-08
0.000000000000000000e+00
