0.000000000000000000e+00
3.483075812459324183e-04
3.825664064026623734e-04
3.904333140311022632e-04
3.928945973316055884e-04
3.938083148918858356e-04
3.941783088736716678e-04
3.943295661031909205e-04
3.943874429416238669e-04
3.944011551209047894e-04
3.943941150900132087e-04
3.943798004953924519e-04
3.943604078159301807e-04
3.943395784724579300e-04
3.943199158097376866e-04
3.943004578489395229e-04
3.942823494722524913e-04
3.942667795464593894e-04
3.942523572368905604e-04
3.942385146130655826e-04
3.942266476044675727e-04
3.942152259480691256e-04
3.942043127940220160e-04
3.941945764981413802e-04
3.941855408842176445e-04
3.941778245252214319e-04
3.941709403235682529e-04
3.941647245285784251e-04
3.941585621684007279e-04
3.941530533770887246e-04
3.941482067681967294e-04
3.941440486141534194e-04
3.941403657565789587e-04
3.941359483441431166e-04
3.941325291427766331e-04
3.941302021462922411e-04
3.941266828144662782e-04
3.941245483694011398e-04
3.941218629450737865e-04
3.941203094732781409e-04
3.941185113834899667e-04
3.941165737418872439e-04
3.941152803164094109e-04
3.941142471262093494e-04
3.941138628685836309e-04
3.941132293457938474e-04
3.941127312785397407e-04
3.941121498246547006e-04
3.941118812671451366e-04
3.941122685560127792e-04
3.941124454805988719e-04
3.941127848891001761e-04
3.941131777542850045e-04
3.941138908705177357e-04
3.941139068167620607e-04
3.941158753875129150e-04
3.941169847039294183e-04
3.941184214413251397e-04
3.941195849554990360e-04
3.941215335008241283e-04
3.941243524472337612e-04
3.941262916243859493e-04
3.941298007624771671e-04
3.941328317680348192e-04
3.941362065313924745e-04
3.941396680423592258e-04
3.941436658031483020e-04
3.941475513308256851e-04
3.941528763162782667e-04
3.941580196519245405e-04
3.941635649464814151e-04
3.941698512291980094e-04
3.941772828834899656e-04
3.941844072273825716e-04
3.941937542358830981e-04
3.942030356787196155e-04
3.942136870402901394e-04
3.942249821864418635e-04
3.942374048739871739e-04
3.942505561835840666e-04
3.942651198641788923e-04
3.942802030102443567e-04
3.942979955329217745e-04
3.943164284547773235e-04
3.943373993647858455e-04
3.943574892963930267e-04
3.943768442848938349e-04
3.943934962991058057e-04
3.944009227878630952e-04
3.943916743106568035e-04
3.943436074088646492e-04
3.942114895089110505e-04
3.938901031340646952e-04
3.930937152465396878e-04
3.910019163084754723e-04
3.844995999306988210e-04
3.577070980204100081e-04
2.978691955796142210e-04
1.270157560449680645e-03
2.095002412001722991e-08
