0.000000000000000000e+00
2.129061955813416063e-05
2.300650805486803563e-05
2.340074056383922851e-05
2.352384436188348360e-05
2.356964796057514633e-05
2.358801695712120505e-05
2.359561832165901762e-05
2.359848800725927731e-05
2.359921727934644053e-05
2.359886109037923063e-05
2.359810979657428476e-05
2.359715579736132440e-05
2.359613000757487811e-05
2.359512340210923043e-05
2.359417982267242309e-05
2.359327866507943128e-05
2.359249804506635684e-05
2.359176046273780969e-05
2.359111128402702207e-05
2.359045383315550026e-05
2.358991616757677434e-05
2.358935841495490848e-05
2.358889539122444035e-05
2.358845979788526392e-05
2.358803659607833225e-05
2.358767738674938386e-05
2.358735559848668117e-05
2.358710091088234151e-05
2.358684080860928844e-05
2.358656680367943181e-05
2.358637567601018503e-05
2.358617081343883370e-05
2.358595339280178393e-05
2.358580206707205917e-05
2.358562772564187782e-05
2.358550733594366733e-05
2.358537855040587772e-05
2.358526295842544585e-05
2.358516548028877224e-05
2.358505885924344625e-05
2.358501474342133974e-05
2.358491975529286577e-05
2.358486468345688536e-05
2.358484216902212438e-05
2.358480985409361352e-05
2.358478511932382560e-05
2.358475404784510232e-05
2.358474870312043947e-05
2.358476456854052827e-05
2.358473301922181520e-05
2.358479220154752198e-05
2.358477480435272611e-05
2.358485174058788658e-05
2.358489389342466325e-05
2.358490342435626275e-05
2.358497008347892887e-05
2.358505393607046585e-05
2.358514080824658521e-05
2.358523763390518724e-05
2.358537394908655216e-05
2.358549908654250515e-05
2.358564371351956623e-05
2.358576091021635790e-05
2.358595700424626074e-05
2.358611773556340552e-05
2.358631287135981580e-05
2.358654379686075941e-05
2.358681146974461740e-05
2.358703071914103333e-05
2.358733898499831838e-05
2.358763615029069172e-05
2.358799144430712147e-05
2.358839462202055870e-05
2.358883234454545175e-05
2.358931359414118134e-05
2.358982540628939972e-05
2.359039529753470532e-05
2.359100257676161050e-05
2.359169205279343373e-05
2.359241937222034124e-05
2.359317397304661057e-05
2.359403924512282202e-05
2.359498809212379200e-05
2.359598952972330466e-05
2.359706293642016561e-05
2.359801872442446324e-05
2.359883791036576639e-05
2.359924449146788561e-05
2.359875576651848661e-05
2.359637534399272596e-05
2.358972233817979713e-05
2.357368235261780853e-05
2.353385885978109826e-05
2.342891731510476916e-05
2.310368069591284268e-05
2.176278021570610122e-05
1.730857966647514345e-05
6.600597858952284014e-05
3.625572064791526827e-16
