0.000000000000000000e+00
2.429649988866522392e-05
2.625407441181337731e-05
2.670382666247750336e-05
2.684426779808735120e-05
2.689652249610041679e-05
2.691747870064986614e-05
2.692615068222714569e-05
2.692942451998359132e-05
2.693025647038105319e-05
2.692985008434511940e-05
2.692899292922046328e-05
2.692790452052395977e-05
2.692673419935065482e-05
2.692558577110926166e-05
2.692450926489176055e-05
2.692348115407305897e-05
2.692259055148138458e-05
2.692174906027133829e-05
2.692100840584465971e-05
2.692025834705180642e-05
2.691964491452480956e-05
2.691900860307683274e-05
2.691848032765342680e-05
2.691798337117745632e-05
2.691750055772157424e-05
2.691709074498227494e-05
2.691672362131747320e-05
2.691643302821233874e-05
2.691613628913458456e-05
2.691582369662715024e-05
2.691560561995931522e-05
2.691537189702941646e-05
2.691512386709948856e-05
2.691495120221709669e-05
2.691475231642037613e-05
2.691461494630509321e-05
2.691446802038921504e-05
2.691433613632998600e-05
2.691422494183193237e-05
2.691410330513122062e-05
2.691405295296434019e-05
2.691394459919393967e-05
2.691388176945253008e-05
2.691385607900276256e-05
2.691381920161273200e-05
2.691379097607971005e-05
2.691375553198760429e-05
2.691374943730728830e-05
2.691376752816942997e-05
2.691373155383480764e-05
2.691379905739310630e-05
2.691377922636739584e-05
2.691386698450148884e-05
2.691391507536611272e-05
2.691392597231612172e-05
2.691400201748628263e-05
2.691409767907604333e-05
2.691419679168305379e-05
2.691430726031729392e-05
2.691446276759101863e-05
2.691460553494451347e-05
2.691477052896296129e-05
2.691490425921205798e-05
2.691512796093586957e-05
2.691531134935143399e-05
2.691553397937695991e-05
2.691579743241412359e-05
2.691610279870193523e-05
2.691635295637428982e-05
2.691670464227691184e-05
2.691704368773528699e-05
2.691744903904336184e-05
2.691790900755108851e-05
2.691840838320302964e-05
2.691895743656136375e-05
2.691954136424534738e-05
2.692019153160973843e-05
2.692088437616924068e-05
2.692167097384512431e-05
2.692250075631008599e-05
2.692336167808839775e-05
2.692434885509520370e-05
2.692543137339242776e-05
2.692657389469221840e-05
2.692779850044235701e-05
2.692888895794443016e-05
2.692982351382156025e-05
2.693028740574643365e-05
2.692972982254460135e-05
2.692701399931163309e-05
2.691942383903356273e-05
2.690112412506717732e-05
2.685569095484119373e-05
2.673596576407977210e-05
2.636490819030168353e-05
2.483511408235550277e-05
1.948155249720251447e-05
7.515189090678831008e-05
1.209535943624828747e-15
