0.000000000000000000e+00
1.273372509658088347e-06
1.539425420582496429e-06
1.751096557534026488e-06
1.916614124630733329e-06
2.045152537100136669e-06
2.144242454038547407e-06
2.221413258673976543e-06
2.281528841296953658e-06
2.329047967597475122e-06
2.366624999972088972e-06
2.396411141636356490e-06
2.420148911941311098e-06
2.439373275819889386e-06
2.454974957877276154e-06
2.467561321273237240e-06
2.477886204554913263e-06
2.486385807354274391e-06
2.493272880044195006e-06
2.498909415837857750e-06
2.503717433377516954e-06
2.507751375890876488e-06
2.510913674425019337e-06
2.513880109189514656e-06
2.516155771070671676e-06
2.518043890842314170e-06
2.519637334996716049e-06
2.520973038544482847e-06
2.522154922801611576e-06
2.523224582495764423e-06
2.523908227636262325e-06
2.524483905697039177e-06
2.525038387712896792e-06
2.525465781388902542e-06
2.525805180675355643e-06
2.526260414414949196e-06
2.526531881374971533e-06
2.526813234204894343e-06
2.526957846527011498e-06
2.527019752562864596e-06
2.527161551579837351e-06
2.527248114336799745e-06
2.527250787309753832e-06
2.527310310584951480e-06
2.527113427408522739e-06
2.527027833765238540e-06
2.527050911638184516e-06
2.526933744140258398e-06
2.526804419922257239e-06
2.526560714422032561e-06
2.526171392958076467e-06
2.525879660097984925e-06
2.525420988774840225e-06
2.524926959290851869e-06
2.524497620171040069e-06
2.523919842234434441e-06
2.523163061929345474e-06
2.522107331315304179e-06
2.520911758896460242e-06
2.519576447146398834e-06
2.517990836503614105e-06
2.515917965517644461e-06
2.513661188641158617e-06
2.510747790007705760e-06
2.507462041112518136e-06
2.503512965823517789e-06
2.498604364742362804e-06
2.492757235406095617e-06
2.485788061168392460e-06
2.477259811950460744e-06
2.466792702549014393e-06
2.453793431556050564e-06
2.437846276848176785e-06
2.418262896486389479e-06
2.394140397488087046e-06
2.363625454471218745e-06
2.325432547189976162e-06
2.276985778482121248e-06
2.215556540563490273e-06
2.136888599846287207e-06
2.035221492224792428e-06
1.903820368576170097e-06
1.734261684593896291e-06
1.518466927308281811e-06
1.239228811789061524e-06
2.005923811804199985e-06
5.802503557639226983e-07
3.095985088297226184e-07
3.409362105966096124e-07
1.028795886148792249e-06
2.638043175684501307e-06
4.675999506709160869e-06
5.599684879009636518e-06
4.501710379134493678e-06
2.456450202581450526e-06
9.269117330346077210e-07
3.181753176484392043e-07
3.276628592896457803e-07
6.103889287345509729e-07
4.823615465388009227e-16
