0.000000000000000000e+00
1.452881006946959985e-06
1.756427837951157755e-06
1.997927094099516410e-06
2.186767478762341455e-06
2.333416999733550767e-06
2.446468151617864351e-06
2.534511509222348025e-06
2.603096497799661790e-06
2.657310207543339686e-06
2.700181085835140493e-06
2.734163517703613877e-06
2.761245408433588011e-06
2.783178042142786524e-06
2.800977600858622907e-06
2.815337124872918650e-06
2.827116541537222361e-06
2.836813489115463938e-06
2.844670778934244026e-06
2.851101638001729555e-06
2.856586764354851482e-06
2.861188996727825895e-06
2.864797019608289474e-06
2.868181123272250943e-06
2.870777377039779310e-06
2.872931679442913833e-06
2.874749367554052526e-06
2.876273237917281733e-06
2.877621678609720846e-06
2.878841968922962735e-06
2.879622164164707954e-06
2.880278990757823010e-06
2.880911352920456636e-06
2.881398953435976296e-06
2.881786401398578334e-06
2.882305529916528997e-06
2.882615231847296400e-06
2.882936167791783078e-06
2.883101148265510005e-06
2.883171825840413760e-06
2.883333540038002241e-06
2.883432523748119536e-06
2.883435385236943205e-06
2.883503282036237181e-06
2.883278838683445144e-06
2.883181236312815088e-06
2.883207316672908860e-06
2.883073629944554739e-06
2.882926010916442294e-06
2.882648024504774753e-06
2.882204072185423627e-06
2.881870983184597890e-06
2.881347677230472470e-06
2.880784268355363054e-06
2.880294363127866575e-06
2.879634996011404269e-06
2.878771581449335315e-06
2.877567100600941785e-06
2.876203010981903674e-06
2.874679611242214605e-06
2.872870532022453460e-06
2.870505868446393549e-06
2.867930849359545675e-06
2.864607247410333457e-06
2.860858283826317461e-06
2.856352869895495417e-06
2.850752693239755331e-06
2.844081765429606889e-06
2.836130699068739602e-06
2.826400905320269885e-06
2.814459091893262155e-06
2.799628351923821867e-06
2.781434635168444913e-06
2.759092106008331768e-06
2.731570687530826547e-06
2.696756684739121113e-06
2.653182601952686070e-06
2.597909658508257280e-06
2.527824769282815964e-06
2.438070600185859860e-06
2.322076486760416003e-06
2.172158500512999524e-06
1.978700032045921375e-06
1.732486848426972870e-06
1.420103605709321926e-06
2.232215772945966847e-06
6.620053489836408289e-07
3.532378650694667499e-07
3.890448850851768725e-07
1.174018321559167077e-06
3.009907618478635527e-06
5.334412722546311159e-06
6.388147683611400396e-06
5.135823322954813364e-06
2.803039179100075273e-06
1.057938560200533118e-06
3.632173805057092864e-07
3.739327140150905393e-07
6.964820735699817078e-07
8.441598114972137523e-16
