0.000000000000000000e+00
2.056379290182874797e-06
2.526002885971934120e-06
2.872698297240461329e-06
3.145092721923425927e-06
3.356039043556080514e-06
3.519367134163786659e-06
3.645890118808559066e-06
3.745096975649175874e-06
3.822638764749974882e-06
3.884353495409165191e-06
3.933143636003499921e-06
3.972200243507195694e-06
4.003885508474525068e-06
4.029406915240230092e-06
4.050284841294882199e-06
4.067379474781418480e-06
4.080906340631074158e-06
4.092326595039885717e-06
4.101767224651275967e-06
4.109798684370780109e-06
4.116098473283535952e-06
4.121701905779318054e-06
4.126465520171151979e-06
4.130466858098813532e-06
4.133706253850455425e-06
4.136201079973922390e-06
4.138418435606361356e-06
4.139957012538886261e-06
4.141772400489962536e-06
4.142816487306966167e-06
4.143726046401674523e-06
4.144625352031638954e-06
4.145480965389580774e-06
4.146039837560344665e-06
4.146763168733080818e-06
4.147333827586585642e-06
4.147695331413459030e-06
4.147725400804880280e-06
4.147914870133995180e-06
4.148137525361583755e-06
4.148404638693037327e-06
4.148414423532642559e-06
4.148512159463102478e-06
4.148476461462990983e-06
4.148305787987638382e-06
4.148135464898672353e-06
4.147893066797081474e-06
4.147469584325769176e-06
4.147327869019612478e-06
4.146809901461878667e-06
4.146037574925820479e-06
4.145406818145680461e-06
4.144657909987969902e-06
4.143910009579698794e-06
4.142853902155962942e-06
4.141609183050398713e-06
4.139945861347804623e-06
4.137948953708558975e-06
4.135800789617505302e-06
4.133175015574863664e-06
4.130223514531294882e-06
4.126095298651044629e-06
4.121288783354160046e-06
4.115805438464903432e-06
4.109146670483454500e-06
4.101376357201758083e-06
4.091477367351714634e-06
4.079966537062773568e-06
4.066321699136565826e-06
4.049157097396616223e-06
4.027559742603159521e-06
4.001562342814679596e-06
3.969779135193363118e-06
3.929526022572460420e-06
3.879662549444162778e-06
3.817030232333706863e-06
3.737756965271898935e-06
3.636554806951686203e-06
3.506881856463195390e-06
3.339904872778909350e-06
3.124113669761285905e-06
2.845332714884740710e-06
2.489242655445700336e-06
2.094448525724601495e-06
3.258923976429128899e-06
9.400729507058613876e-07
5.059366875448390033e-07
5.517424610523846695e-07
1.682542352110516504e-06
4.328086110394480102e-06
7.677560613483791485e-06
9.197813961581147169e-06
7.398331322683304734e-06
4.037867311512677304e-06
1.518658421351126719e-06
5.194873808900268841e-07
5.351129663822007387e-07
9.521252402056035180e-07
2.112368161194099619e-09
