0.000000000000000000e+00
1.667099791546888810e-11
6.666456275894461214e-11
1.487170386837988190e-10
2.621455275075845748e-10
4.043377854756613488e-10
5.739084762979018706e-10
7.676008717538707060e-10
9.825266156227030478e-10
1.215303524482180819e-09
1.462205578839359532e-09
1.718909237169441440e-09
1.980976715998394866e-09
2.245035712888920898e-09
2.505802454422223491e-09
2.761348150137621360e-09
3.003603366025231480e-09
3.233216361309132481e-09
3.443007989822888248e-09
3.629329503596068207e-09
3.794926706213175294e-09
3.929863545693024207e-09
4.034739431446610070e-09
4.109271700691863316e-09
4.151956556341929172e-09
4.159732114317193918e-09
4.133771547287778958e-09
4.074817483434856058e-09
3.986890484419802760e-09
3.866847730904510172e-09
3.715079910371343885e-09
3.539820214726319136e-09
3.342010224116620520e-09
3.120695257763372865e-09
2.885982786082763596e-09
2.635532903028092733e-09
2.377054886260054900e-09
2.114380004414329051e-09
1.850796960134459823e-09
1.590894527225827915e-09
1.338732236177975210e-09
1.097992363696675966e-09
8.741783963372995458e-10
6.696196930278119908e-10
4.875783110591669356e-10
3.319023944570176354e-10
2.031099732846541883e-10
1.054021314672581866e-10
3.873446008384462402e-11
5.509148692794951785e-12
6.036171562584513595e-12
3.910538559637188882e-11
1.044200281796747731e-10
2.023827772035247108e-10
3.302934592497308586e-10
4.873771386471048572e-10
6.698819277062284527e-10
8.743752388795655861e-10
1.098136248600667386e-09
1.337943422718979036e-09
1.589842035798483266e-09
1.848638575552286056e-09
2.113722641361448495e-09
2.377793073549128167e-09
2.634136464507719211e-09
2.882870053788622045e-09
3.119652869365552306e-09
3.338920917528298560e-09
3.538002335545797905e-09
3.713975904595656630e-09
3.863364961276261056e-09
3.984240826149232362e-09
4.076194159985391252e-09
4.132082453978114245e-09
4.157966193574225144e-09
4.148280163818185429e-09
4.107634676842053523e-09
4.033475109466166941e-09
3.927111524859583369e-09
3.791971181499320664e-09
3.628613409745184981e-09
3.441025686612420031e-09
3.230796963293869339e-09
3.002506909766111676e-09
2.758681394432471734e-09
2.506840068861038162e-09
2.245322705540786501e-09
1.980045349903036822e-09
1.717399222833648764e-09
1.461608167829808735e-09
1.214864320253639107e-09
9.826752744857003563e-10
7.680776015206447482e-10
5.744489328662893968e-10
4.041310619484761446e-10
2.612642324706371255e-10
1.480573441625665509e-10
6.613409819777871235e-11
1.660882542608987933e-11
0.000000000000000000e+00
