0.000000000000000000e+00
1.327150392915754651e-07
1.451921455286608875e-07
1.555132512764956232e-07
1.693725140139434870e-07
1.868576485763995265e-07
2.080099519297107236e-07
2.319737775202668217e-07
2.585009358790912870e-07
2.871459917619390012e-07
3.173814997481372302e-07
3.489754558660962402e-07
3.813949157605023288e-07
4.138910335571566179e-07
4.461149870627068026e-07
4.775741878626504899e-07
5.074379109126780918e-07
5.356634726894071719e-07
5.615839366868158322e-07
5.848825780363497984e-07
6.050632666010358207e-07
6.218198338459046681e-07
6.346932539535998785e-07
6.441493051179136842e-07
6.491571722389011256e-07
6.502658711493580768e-07
6.471334497160086130e-07
6.400513985482803037e-07
6.286114700992939675e-07
6.140724982950374056e-07
5.952912693896195151e-07
5.737222955604082131e-07
5.489963671445607929e-07
5.218114191851697115e-07
4.928183751085057906e-07
4.620976979952118313e-07
4.301344532775530638e-07
3.977458991055726756e-07
3.652462698955361020e-07
3.331495980196663709e-07
3.021914877221476559e-07
2.726873519209860319e-07
2.450735288039851412e-07
2.197690039951183394e-07
1.972566684438348261e-07
1.778073547287206679e-07
1.620924424683423126e-07
1.500286966882313777e-07
1.417353078236871511e-07
2.374662215198775073e-07
2.232356008380342871e-07
1.417158829175590995e-07
1.500573222346091029e-07
1.621279112073992223e-07
1.778281222275523987e-07
1.972443989251004837e-07
2.198783396467618445e-07
2.451660235935904097e-07
2.727807685287686468e-07
3.023273779101387504e-07
3.332654656684752581e-07
3.653058069374992556e-07
3.978636895496379111e-07
4.302417536683478261e-07
4.622460650915982683e-07
4.929251057328443153e-07
5.219765375485962977e-07
5.490399340724039234e-07
5.738137415223221183e-07
5.954130216645481255e-07
6.141974107087833090e-07
6.287039800989546734e-07
6.401512431253308932e-07
6.472424798342757413e-07
6.504326440781582619e-07
6.492208125541409913e-07
6.442799094230622359e-07
6.347954008001366333e-07
6.219044746957891334e-07
6.051472920542977363e-07
5.849192173945638729e-07
5.617043419281486649e-07
5.357270040917683218e-07
5.075165019352567697e-07
4.776289519448084775e-07
4.461789701037943701e-07
4.139308450445966514e-07
3.814636096999279857e-07
3.490294919750169811e-07
3.173809018930384696e-07
2.871536989301759490e-07
2.585153479062185511e-07
2.319500714831335131e-07
2.080382764946264729e-07
1.869364031348297317e-07
1.693855462558957470e-07
1.555271634812172010e-07
1.452025990555938506e-07
1.334422898846554517e-07
2.411265631607761861e-16
