0.000000000000000000e+00
1.460259690944099020e-10
2.158380141281668330e-10
2.132146681432800506e-10
1.658791992653618763e-10
9.853429183692696824e-11
1.508015934348350129e-11
8.160117026534408069e-11
1.836342189420747673e-10
2.795449427495100281e-10
3.757189004360839135e-10
4.630987815446019340e-10
5.424759530470169011e-10
6.177836020526683569e-10
6.861258228241240431e-10
7.430449588952114937e-10
8.020523134533164011e-10
8.530671724571448067e-10
8.992886435521540989e-10
9.353446905890905327e-10
9.670267919759112374e-10
9.908237563749366927e-10
1.018335415992055459e-09
1.046892905698371123e-09
1.059816567838822721e-09
1.071218447279420616e-09
1.091352896942510142e-09
1.094099366660827855e-09
1.102931634910930825e-09
1.112141601034011273e-09
1.119718096020960729e-09
1.124581316958028765e-09
1.130799454074349342e-09
1.126010618079931191e-09
1.127134829914666625e-09
1.128337201450335670e-09
1.133381277718115143e-09
1.126352899838423127e-09
1.120314285785184438e-09
1.112559600002782645e-09
1.102740676550695298e-09
1.093508616989424809e-09
1.086690293305991872e-09
1.073975686161077192e-09
1.058070964177204587e-09
1.047783193541818036e-09
1.020541651186590570e-09
9.927061395131886457e-10
9.637659559302846901e-10
9.397949085609980102e-10
9.067973039122989576e-10
8.617678792788296960e-10
8.074385604572853481e-10
7.562641624048183076e-10
6.991861534189069971e-10
6.338480851297845220e-10
5.531850533202486986e-10
4.726893321205238863e-10
3.845967988524989778e-10
2.917279751102341834e-10
1.968636365035081326e-10
1.000965976771794885e-10
1.378785974281981908e-12
8.532741180289349359e-11
1.568880581004350461e-10
2.005429156071159014e-10
2.068853977021944957e-10
1.515830794218686606e-10
1.939381988336208451e-11
2.218973893519660123e-10
6.117221174051223898e-10
1.195943233334162414e-09
2.000701160298490322e-09
3.076158328063627323e-09
4.473109327385316192e-09
6.216823944527050116e-09
8.299236187170322410e-09
1.067990251790718048e-08
1.329233079161440401e-08
1.597815313392203507e-08
1.855680153983740865e-08
2.081313699164866193e-08
2.244240926430052241e-08
2.339295313014133626e-08
2.341596605504037143e-08
2.259424891626338194e-08
2.101637164297898153e-08
1.883485667431017418e-08
1.628129198127936661e-08
1.362205104271652090e-08
1.098199087223861170e-08
8.564670084254544236e-09
6.450247669320674504e-09
4.667139785752283387e-09
3.226584111004626720e-09
2.109739716260605746e-09
1.270459737412465984e-09
6.715822342684418800e-10
2.604076954071388172e-10
5.551115123125782702e-16
