0.000000000000000000e+00
5.132369440552508877e-08
9.493444574903975308e-08
1.299582199631998947e-07
1.573659812459382579e-07
1.785719330182899967e-07
1.949396298828176555e-07
2.075874747653472241e-07
2.174101776386550000e-07
2.250412490800712817e-07
2.310411748585039504e-07
2.357562748356301086e-07
2.394914426773198102e-07
2.424455661786950600e-07
2.448124244436300501e-07
2.466878620266399480e-07
2.481547599630928858e-07
2.493734755359966471e-07
2.503532309239275833e-07
2.511489886058981824e-07
2.518106394511221424e-07
2.522896258572160377e-07
2.527342530811438337e-07
2.530220778451663932e-07
2.533051756126170062e-07
2.535091848665516068e-07
2.536737438996183869e-07
2.538107407579204278e-07
2.539519546873592049e-07
2.540119100613580372e-07
2.540701236064535351e-07
2.541347309259478493e-07
2.541670135469686898e-07
2.541515170539909718e-07
2.541839478897855997e-07
2.541872746730788890e-07
2.542070199895718474e-07
2.541938098898910425e-07
2.542267490968086463e-07
2.542290473694919228e-07
2.542008115113958411e-07
2.542229863289335867e-07
2.542377383063509910e-07
2.542225988610979925e-07
2.542260162385900912e-07
2.541806196632023784e-07
2.542229797786177414e-07
2.542218284773412051e-07
2.542052998100174932e-07
2.542075944189647885e-07
2.542038975983373916e-07
2.542037420560916416e-07
2.541996075855479376e-07
2.541246610920921967e-07
2.541374758413539325e-07
2.540347169288637019e-07
2.539769926590551563e-07
2.539071087825917061e-07
2.537908266875277263e-07
2.536568420863360984e-07
2.535147299864703996e-07
2.533005729610238177e-07
2.530036026238136060e-07
2.526740662256443670e-07
2.522841050511814842e-07
2.517457843298487319e-07
2.511187039422324574e-07
2.503197571446236225e-07
2.493298449923742055e-07
2.480812406613353005e-07
2.465163696507843838e-07
2.446236377906529924e-07
2.422258394974008411e-07
2.392058334743651926e-07
2.353699629642491686e-07
2.305949046155220117e-07
2.244707881793317483e-07
2.166526995583950566e-07
2.065917389382221359e-07
1.936465195973013920e-07
1.768849088312762774e-07
1.551586396031368054e-07
1.271878344866195221e-07
9.134003875477247902e-08
4.696537503345865616e-08
4.946941190020481827e-09
5.762188048930028117e-08
9.125659661268770151e-08
6.206935754260456406e-08
9.756759522527858053e-08
4.364711921889252721e-07
8.477395252448616247e-07
1.032780780230169171e-06
8.120830021773883800e-07
3.957671516063854256e-07
7.370766086367552816e-08
7.047323113962278285e-08
9.015026258829550443e-08
5.323016438740779677e-08
3.552713678800500929e-15
