0.000000000000000000e+00
1.455347482526292424e-07
2.692042008201056547e-07
3.685255530738729135e-07
4.462503626623259834e-07
5.063882572153843853e-07
5.528056535863967724e-07
5.886740369609455570e-07
6.165306023486749609e-07
6.381718876680153585e-07
6.551873656945872426e-07
6.685591554811409765e-07
6.791519090443287610e-07
6.875296572061984079e-07
6.942419475963745867e-07
6.995605751347611090e-07
7.037206112281424453e-07
7.071768001187805908e-07
7.099553164247041082e-07
7.122120274649645921e-07
7.140884065170993722e-07
7.154467628334160167e-07
7.167076844227793231e-07
7.175238970758002210e-07
7.183267233257240036e-07
7.189052476652690871e-07
7.193719014919608412e-07
7.197604050546146937e-07
7.201608613893739630e-07
7.203308645120642950e-07
7.204959246998043909e-07
7.206791344804841515e-07
7.207706677059277922e-07
7.207266882192087110e-07
7.208186606488808934e-07
7.208280728976390606e-07
7.208840644423730737e-07
7.208465829799948210e-07
7.209399931484838930e-07
7.209464966129175423e-07
7.208664126734376509e-07
7.209293036991581971e-07
7.209711443412203380e-07
7.209282110176573610e-07
7.209379014883054992e-07
7.208091632460167375e-07
7.209292974819092592e-07
7.209260478591161814e-07
7.208791745760834146e-07
7.208856914742156619e-07
7.208752247356287057e-07
7.208747941911397561e-07
7.208630966593077005e-07
7.206505522328043867e-07
7.206869240272695265e-07
7.203955163515018967e-07
7.202318456078771192e-07
7.200336868962153858e-07
7.197039347817124622e-07
7.193239880409763032e-07
7.189210091684827830e-07
7.183136894184372068e-07
7.174715194180336653e-07
7.165370206063670366e-07
7.154311367774113251e-07
7.139045131721033499e-07
7.121261849096782726e-07
7.098604465349822590e-07
7.070531270469970764e-07
7.035121839527036514e-07
6.990743147694544746e-07
6.937066613366127399e-07
6.869066441206328477e-07
6.783420855027699758e-07
6.674637690329277007e-07
6.539220025469916209e-07
6.365544048536619925e-07
6.143828580329468991e-07
5.858507439171489750e-07
5.491392630618818771e-07
5.016050877992839219e-07
4.399921575970466847e-07
3.606714954473844159e-07
2.590147579750734508e-07
1.331815456806495490e-07
1.401779803344993525e-08
1.633596998784625498e-07
2.586660878822755194e-07
1.757475363017846348e-07
2.772004816797846161e-07
1.238565524808166174e-06
2.405044165709746551e-06
2.929811772411916593e-06
2.303855550334077407e-06
1.123031779237670946e-06
2.094479824021888703e-07
1.996390875946829624e-07
2.555634490697400452e-07
1.509249729636508164e-07
1.110223024625156540e-16
