0.000000000000000000e+00
2.954087113771208806e-05
3.243318599222000387e-05
3.309659996386660197e-05
3.330356458663974450e-05
3.338075282399710630e-05
3.341166739001533159e-05
3.342441989895306165e-05
3.342924846683192897e-05
3.343047083215200388e-05
3.342994889088402033e-05
3.342860167820926875e-05
3.342704410691510475e-05
3.342527491012603491e-05
3.342357036328902353e-05
3.342194515787433318e-05
3.342047490395572140e-05
3.341913974708177193e-05
3.341795183242624034e-05
3.341675718449010901e-05
3.341569667003607691e-05
3.341477452600827291e-05
3.341388052668925468e-05
3.341309117455004696e-05
3.341235531895137001e-05
3.341167076520434875e-05
3.341103892240404605e-05
3.341051315652876497e-05
3.341005140167219167e-05
3.340958037389984980e-05
3.340917589012004640e-05
3.340879577595767813e-05
3.340844930910247257e-05
3.340814770658173671e-05
3.340788853511966749e-05
3.340759668946091665e-05
3.340739453039365259e-05
3.340714357413787639e-05
3.340692621223162462e-05
3.340679532914947458e-05
3.340663460993376077e-05
3.340651945238359843e-05
3.340637152993153336e-05
3.340627775938465049e-05
3.340625209447001254e-05
3.340615318758732855e-05
3.340615664160218046e-05
3.340609365976021650e-05
3.340605482426983741e-05
3.340609444846265319e-05
3.340606257251632627e-05
3.340610031077329012e-05
3.340620239711267203e-05
3.340625446612843774e-05
3.340625575543043624e-05
3.340635801141189631e-05
3.340647316585343418e-05
3.340663624762374440e-05
3.340675032292850233e-05
3.340689845110489387e-05
3.340708714971718507e-05
3.340734637213849112e-05
3.340753155978148925e-05
3.340780789828912134e-05
3.340808841589826272e-05
3.340839326670952403e-05
3.340878141400160928e-05
3.340909101900990663e-05
3.340949357333311553e-05
3.340999179712866862e-05
3.341043107085717168e-05
3.341099959486282245e-05
3.341156436365011473e-05
3.341225727881980134e-05
3.341295138648003871e-05
3.341376704812937248e-05
3.341463345418738129e-05
3.341558466707361674e-05
3.341661920763794313e-05
3.341779313337234214e-05
3.341893683206365040e-05
3.342031473874129688e-05
3.342173991982555492e-05
3.342339859346843411e-05
3.342509133885673833e-05
3.342678511231156335e-05
3.342841176534605552e-05
3.342976062725711017e-05
3.343052161242088260e-05
3.342974592324132743e-05
3.342564248343116162e-05
3.341450128890866011e-05
3.338731239388437189e-05
3.332038768655287697e-05
3.314341447402391339e-05
3.259508900677055010e-05
3.034143469105021751e-05
1.419302550564882637e-05
1.061216927227270901e-04
3.544326108507241807e-08
