0.000000000000000000e+00
2.218746763427148494e-06
2.435868011518849130e-06
2.485668106788629927e-06
2.501204099392140279e-06
2.506998292850504129e-06
2.509318926091630431e-06
2.510276204348294016e-06
2.510638675512488760e-06
2.510730438887165406e-06
2.510691261226050131e-06
2.510590135673673728e-06
2.510473218864106570e-06
2.510340419425993730e-06
2.510212468220807125e-06
2.510090471585790795e-06
2.509980112530563190e-06
2.509879889700528111e-06
2.509790719695814687e-06
2.509701041764067497e-06
2.509621435220488195e-06
2.509552216145571890e-06
2.509485107604625398e-06
2.509425856556113388e-06
2.509370619629969212e-06
2.509319232846252135e-06
2.509271805339885475e-06
2.509232339353850705e-06
2.509197678302044210e-06
2.509162320918356670e-06
2.509131958317034616e-06
2.509103425585301750e-06
2.509077415502325437e-06
2.509054776500541095e-06
2.509035322839636706e-06
2.509013416474026315e-06
2.508998240613458108e-06
2.508979403015310083e-06
2.508963091174543081e-06
2.508953264035440611e-06
2.508941197132408263e-06
2.508932553824116951e-06
2.508921450594669977e-06
2.508914411447626946e-06
2.508912485543746129e-06
2.508905060705224344e-06
2.508905321718657433e-06
2.508900591946527925e-06
2.508897679165400518e-06
2.508900650344259020e-06
2.508898256481373323e-06
2.508901092213022821e-06
2.508908753418026549e-06
2.508912662735340859e-06
2.508912759324744002e-06
2.508920437738204612e-06
2.508929079825250597e-06
2.508941322365565441e-06
2.508949883850419837e-06
2.508961004177301390e-06
2.508975169401850280e-06
2.508994629280003608e-06
2.509008528384093495e-06
2.509029270791884869e-06
2.509050328947104447e-06
2.509073208978307434e-06
2.509102347114655629e-06
2.509125586303007083e-06
2.509155802576934491e-06
2.509193200217474384e-06
2.509226178726287060e-06
2.509268853367885299e-06
2.509311246234879889e-06
2.509363260849717392e-06
2.509415365281597587e-06
2.509476591305848103e-06
2.509541625062006176e-06
2.509613029832991060e-06
2.509690685825738399e-06
2.509778803005957570e-06
2.509864653998938877e-06
2.509968089259295709e-06
2.510075067796435633e-06
2.510199572869353801e-06
2.510326636451232218e-06
2.510453778303833872e-06
2.510575881298215961e-06
2.510677126310589813e-06
2.510734246619072962e-06
2.510676010647472367e-06
2.510367976049643346e-06
2.509531643157814074e-06
2.507490681202817484e-06
2.502466904141797954e-06
2.489182198028849768e-06
2.448021182099857640e-06
2.278841947478404961e-06
1.138111226928195663e-06
7.956417822696515429e-06
1.994963262511376123e-09
