0.000000000000000000e+00
1.986424418287668914e-07
3.053437003242009951e-07
3.702729365340218237e-07
4.178178528713161199e-07
4.561608915043535717e-07
4.905691683987356555e-07
5.228356001474310233e-07
5.537903570163038580e-07
5.832752760781545476e-07
6.105047389848294870e-07
6.375224527177536515e-07
6.618486720899596776e-07
6.843103187437193924e-07
7.043232899128781810e-07
7.234771596253963821e-07
7.429075697951148527e-07
7.587688172216999760e-07
7.749481650831668844e-07
7.893194514663193218e-07
8.028074761634584888e-07
8.150360585323923601e-07
8.261573196666205376e-07
8.358891341320173751e-07
8.452723281315854820e-07
8.540131557488450653e-07
8.621182394641380142e-07
8.696454988355029059e-07
8.769371256933666814e-07
8.828141796479727077e-07
8.890082572321489351e-07
8.934887657519041682e-07
8.985059822830265830e-07
9.024033709170709017e-07
9.059362275909421669e-07
9.088925025935168378e-07
9.113789950498940584e-07
9.134581518965845248e-07
9.155556501827533111e-07
9.174585247073707706e-07
9.182018704256833530e-07
9.190181395890562044e-07
9.196440811098938184e-07
9.194278023372248754e-07
9.189414457155820060e-07
9.180759864557686001e-07
9.164413243833990919e-07
9.148814869019972207e-07
9.133707267183766021e-07
9.112021247537072099e-07
9.086489369813932626e-07
9.054064902258573966e-07
9.020651490221354152e-07
8.977943460886095295e-07
8.928955096410007286e-07
8.885184314966210195e-07
8.817329699706277779e-07
8.752698495984034821e-07
8.685204561098558429e-07
8.613931101741911789e-07
8.531401862743592801e-07
8.447703947478402142e-07
8.352412590451052665e-07
8.249635008450439955e-07
8.137193086010796605e-07
8.019758650501529473e-07
7.879584067449485474e-07
7.727464762519176134e-07
7.567645327055672055e-07
7.398947455827808994e-07
7.219587027096352472e-07
7.023409359652177386e-07
6.824195396548660142e-07
6.586565970412294746e-07
6.333310594852648023e-07
6.075009026940136891e-07
5.802482692107702178e-07
5.512212886138456724e-07
5.197400747558589273e-07
4.872734877814366428e-07
4.517784030211302593e-07
4.128575116224553199e-07
3.637113339394204559e-07
2.961504187437569158e-07
1.858985133607049534e-07
2.775589880155138189e-08
4.640012175594065980e-07
1.371245686110356132e-06
3.188280122579101317e-06
6.527892327579110088e-06
1.155164671207131732e-05
1.686349235097139854e-05
1.912216969757185581e-05
1.643059423916959361e-05
1.100747428872672629e-05
6.102378769190508478e-06
2.938760154891362220e-06
1.241048623201734813e-06
4.036496465964489744e-07
1.776356839400250465e-15
