0.000000000000000000e+00
5.478127256597353778e-06
1.015340821253207793e-05
1.388543386671159396e-05
1.681686897514467205e-05
1.908241086689965726e-05
2.083293224164339819e-05
2.218623239702566252e-05
2.323842835505463000e-05
2.405555552997817870e-05
2.469419912565218311e-05
2.519755946095436627e-05
2.559479825758881333e-05
2.591501492998915523e-05
2.616165454005781044e-05
2.636298809632897644e-05
2.652291587246224935e-05
2.665220104947074731e-05
2.675755899650411607e-05
2.684470958536078200e-05
2.691203710292189299e-05
2.696425147097336605e-05
2.701235991631190103e-05
2.704729073943479278e-05
2.707699658321960356e-05
2.709841230652543231e-05
2.711660185417130720e-05
2.713065744897047438e-05
2.714162781136675306e-05
2.715067269509763292e-05
2.715500843863960512e-05
2.716004548164452359e-05
2.716321662921128421e-05
2.716607259745096314e-05
2.716809121272589778e-05
2.717055575285343139e-05
2.717050323597369754e-05
2.717243012029246785e-05
2.717080948810846053e-05
2.717135549434868125e-05
2.717117666939383724e-05
2.717244646122107810e-05
2.717335463564563014e-05
2.717206035329766678e-05
2.717267457619243487e-05
2.717171266009010822e-05
2.717032486865278429e-05
2.717158475684655627e-05
2.717156751308458240e-05
2.717224817172514406e-05
2.716897813126450956e-05
2.717050410161458984e-05
2.716390686585690162e-05
2.716509138567246850e-05
2.716101931321546203e-05
2.715586549217885448e-05
2.715139893549878281e-05
2.714078966659094760e-05
2.713104127827214995e-05
2.711520541476275525e-05
2.709601515937798411e-05
2.707352905251259045e-05
2.704374264217435098e-05
2.700683479250898245e-05
2.695877803515767113e-05
2.690432093288563919e-05
2.683449599116816131e-05
2.675073919600201577e-05
2.664542862751417829e-05
2.650586140473532026e-05
2.634183157135261411e-05
2.613482105839892711e-05
2.587454654179310864e-05
2.555198894005350496e-05
2.514332262704144227e-05
2.461955150478978283e-05
2.396627499523518168e-05
2.312531814774310135e-05
2.203955859225725789e-05
2.064480409047497744e-05
1.882764268323899870e-05
1.646878960692710336e-05
1.342963910366812286e-05
9.539102218458772597e-06
4.666974184330818787e-06
1.138603244910108003e-06
7.095215176389224609e-06
1.122560019983787072e-05
8.942918723997550501e-06
7.830749694237582048e-06
4.417193185934920052e-05
8.875579322153992479e-05
1.104373027265292961e-04
9.039544924682729743e-05
4.631471164240341665e-05
9.985863156924956741e-06
6.675635105812816050e-06
9.356686337724795521e-06
5.596870450208513148e-06
2.220446049250313081e-16
