0.000000000000000000e+00
6.422273457484806158e-08
2.485905017390876992e-07
5.498822690519489242e-07
9.668525571271402441e-07
1.493832368248959597e-06
2.118371428272425305e-06
2.831266234570861684e-06
3.623552803033724956e-06
4.479972242732443988e-06
5.389225361085436816e-06
6.335474760699177921e-06
7.306953873964516788e-06
8.282030439232812569e-06
9.247492315678229602e-06
1.018133177710378590e-05
1.107755893037243311e-05
1.191828945201756085e-05
1.270160738386927335e-05
1.339875758565867159e-05
1.399440542604324378e-05
1.450098192645743467e-05
1.488403979632568763e-05
1.516642439125526209e-05
1.531827272449604038e-05
1.535429045440572793e-05
1.525656672651809487e-05
1.504121089879184581e-05
1.469937396469944701e-05
1.425582694247751192e-05
1.370625478647191642e-05
1.305846830623735855e-05
1.231648054955680749e-05
1.150790867632256465e-05
1.063079026897284507e-05
9.710955790498410067e-06
8.758145476739365165e-06
7.788754971205236188e-06
6.813251032355971404e-06
5.851201713924503167e-06
4.922789587413767265e-06
4.040325002341305094e-06
3.213461485795932049e-06
2.458156129536703816e-06
1.787439271372370797e-06
1.209293859716353836e-06
7.359438567444698265e-07
3.731448142696436321e-07
1.329669609972938815e-07
1.359684220769707963e-08
1.024457763065811378e-08
1.308060091353979715e-07
3.724081532041623177e-07
7.383526618998104141e-07
1.211790264132872608e-06
1.786653647473102069e-06
2.455888050034715775e-06
3.210525280072928922e-06
4.037862882055875957e-06
4.923335441997522821e-06
5.852563120245513062e-06
6.809413475750147882e-06
7.783510941772320280e-06
8.759233064981053474e-06
9.713517491349854538e-06
1.063805954115704111e-05
1.150448647824209303e-05
1.232080768365229062e-05
1.305525567574239432e-05
1.370782703247197531e-05
1.426038354301883970e-05
1.470530294622740541e-05
1.504222340686922621e-05
1.525141686709030608e-05
1.535248732198457589e-05
1.531385400277418540e-05
1.516254864630806054e-05
1.489071944060782471e-05
1.450142520464936524e-05
1.400339651336235391e-05
1.339472146177911327e-05
1.270355250970744976e-05
1.192307160780003983e-05
1.108479011990848306e-05
1.018352754511564484e-05
9.242866278458272689e-06
8.279432782920537193e-06
7.303600922381470184e-06
6.335488676456613177e-06
5.388983160492522018e-06
4.483593422088816283e-06
3.624163314674966330e-06
2.828232222196191969e-06
2.114900551908327486e-06
1.491372136008806137e-06
9.689063500406547291e-07
5.461878614942961008e-07
2.400182242956461209e-07
6.007909436611669207e-08
0.000000000000000000e+00
