0.000000000000000000e+00
2.442823276993522086e-08
4.678925036305514595e-08
6.696603260802902469e-08
8.563663811411714732e-08
1.024726532516950783e-07
1.173430245193785026e-07
1.312694554167492811e-07
1.443354537000729465e-07
1.558328610595793862e-07
1.662889966835834343e-07
1.754271569121002017e-07
1.844559944785828520e-07
1.923328003528013141e-07
1.995015861400162294e-07
2.056829917496116877e-07
2.119593848215473031e-07
2.173542033023778686e-07
2.222539015050983835e-07
2.266978377241102294e-07
2.307209391316789038e-07
2.340414383406042020e-07
2.373154479595740440e-07
2.402506539267434960e-07
2.431718335582644386e-07
2.454880644320311944e-07
2.475217711905841611e-07
2.492869261017105487e-07
2.506830991677588827e-07
2.516510760885992681e-07
2.530813810741605607e-07
2.535812808623916226e-07
2.541479643403121713e-07
2.546719638507610739e-07
2.549063474743817892e-07
2.545181740920554603e-07
2.543813676370021426e-07
2.539536047008184028e-07
2.528953938485400954e-07
2.521928437193565742e-07
2.509598024946768646e-07
2.493686305227171829e-07
2.473356058851905459e-07
2.457468105676596792e-07
2.434652993654751185e-07
2.404663548283281216e-07
2.379941435037835618e-07
2.347653669243499053e-07
2.311770700424986558e-07
2.272023337246409369e-07
2.228106731338996838e-07
2.176379750862267315e-07
2.126345238773197366e-07
2.067675294314952339e-07
2.003175546549940123e-07
1.931023906331930107e-07
1.854411370016961769e-07
1.763796608766909912e-07
1.673452414419074330e-07
1.571409561362813179e-07
1.457739972066107725e-07
1.332720350744054372e-07
1.195188323865892244e-07
1.042381195803798732e-07
8.712372756569664034e-08
6.944083508209075717e-08
4.882552817608853957e-08
2.704594603830656752e-08
2.492255624098049793e-09
2.334316950847181715e-08
5.266639535594919153e-08
8.396380446473727943e-08
1.167092079645826175e-07
1.520604879789999586e-07
1.904908996097631757e-07
2.291503691242979812e-07
2.689920985954330490e-07
3.073839524025956393e-07
3.453043567747116072e-07
3.813013224052141936e-07
4.112105770337493027e-07
4.367079770029036467e-07
4.549870491477037149e-07
4.635058163948713172e-07
4.640454185356190919e-07
4.560041595436103989e-07
4.389479992816802678e-07
4.148281719240642929e-07
3.843756259946928822e-07
3.499656242578197407e-07
3.120360893005269531e-07
2.726459957802518375e-07
2.338819240499390162e-07
1.943270585558209973e-07
1.564627304384558215e-07
1.206598120306878741e-07
8.700337283951142808e-08
5.627464350066446741e-08
2.684913813499889557e-08
0.000000000000000000e+00
