0.000000000000000000e+00
1.901604818055346868e-08
4.005373288595848180e-08
6.222639836739318753e-08
8.473759316451889845e-08
1.067250831043864423e-07
1.280086813215675079e-07
1.482465207258698570e-07
1.672036219479977603e-07
1.848931644454765433e-07
2.012762011505131454e-07
2.162755053936038507e-07
2.300106894947973046e-07
2.425720923016072561e-07
2.540405522610811317e-07
2.644722525424469950e-07
2.737937193630912702e-07
2.822842871674779985e-07
2.897290554138010066e-07
2.967309395973671826e-07
3.027167599922719887e-07
3.082901133266702232e-07
3.132445062226096866e-07
3.173346390106246417e-07
3.211388492907474301e-07
3.245177124799880630e-07
3.276238372817985578e-07
3.299462159045418730e-07
3.321858470517469186e-07
3.339291992920934149e-07
3.352318059812731121e-07
3.362685682128940812e-07
3.370492612786435416e-07
3.376005264232873060e-07
3.378005153376051339e-07
3.376376919161927503e-07
3.371392633955139218e-07
3.364721777865398167e-07
3.353800585026434078e-07
3.341105803134070129e-07
3.324219779443637890e-07
3.303151556721672932e-07
3.279575325754180426e-07
3.249737299260146983e-07
3.216785823267898081e-07
3.178839322881543694e-07
3.137940772779401755e-07
3.088547023688548165e-07
3.035232610804072806e-07
2.973920244508931887e-07
2.906024320070699218e-07
2.832223683357781852e-07
2.749144488722876645e-07
2.656797133404609212e-07
2.553969621343910035e-07
2.440181589014045471e-07
2.315660599938595965e-07
2.180870607437768172e-07
2.031785897305127264e-07
1.868997422382889795e-07
1.694297105947484283e-07
1.506275163487558189e-07
1.305664572015530212e-07
1.094460090333981839e-07
8.734025236378784030e-08
6.498010807209908535e-08
4.279535237294851413e-08
2.144084298993931270e-08
2.169509460969720749e-09
1.373940838877985016e-08
2.455388892208532070e-08
2.804897636377035042e-08
2.208014193705309935e-08
3.725852182334676854e-09
2.897406248258960204e-08
7.820582381690144302e-08
1.445217531204079364e-07
2.274527547418969675e-07
3.233071924624297822e-07
4.261753916434685152e-07
5.284520558923588851e-07
6.185162042537939442e-07
6.873894636827415638e-07
7.248103570667296935e-07
7.273169749799635042e-07
6.935445462374900671e-07
6.283294130549066381e-07
5.399139969552990692e-07
4.387506867820079037e-07
3.354643905995047248e-07
2.383238940639742509e-07
1.537500017301240973e-07
8.526017258869700299e-08
3.393961445219417783e-08
6.089985182811119557e-10
2.056355474788773563e-08
2.795244191666768074e-08
2.547085098392187774e-08
1.539916294479581893e-08
0.000000000000000000e+00
