0.000000000000000000e+00
3.044775542804245561e-11
5.781519707426241439e-11
8.276590524047833242e-11
1.054721865401120340e-10
1.257277615351881650e-10
1.445181752046664769e-10
1.619703260402616252e-10
1.774846936086760252e-10
1.915908542926558766e-10
2.044168168069404601e-10
2.154579847868376419e-10
2.264231024895480004e-10
2.363698126117697029e-10
2.448884428574160665e-10
2.528975917570619458e-10
2.601389104128770668e-10
2.667615017770685881e-10
2.725173420259352497e-10
2.785278674366509222e-10
2.834686929631402563e-10
2.879225746710289968e-10
2.916454855395045342e-10
2.952503797004624175e-10
2.984595903754438950e-10
3.015869776135104985e-10
3.037990969900761229e-10
3.062453624025351928e-10
3.080983246306345791e-10
3.093684197708057582e-10
3.106213064540952473e-10
3.115956381805062847e-10
3.120558256242134121e-10
3.129850822958246681e-10
3.131396253408524899e-10
3.127443859440859342e-10
3.126321423962963308e-10
3.119706715182246626e-10
3.110299795494597674e-10
3.098103995569090330e-10
3.082996080649991200e-10
3.062036180168092869e-10
3.041166207751189177e-10
3.016165095459655276e-10
2.991049630196584985e-10
2.959403833102669523e-10
2.921390906962528788e-10
2.884293914817703808e-10
2.840263579884094725e-10
2.791498143750459349e-10
2.735036641610122388e-10
2.675151211661841444e-10
2.612784433253523275e-10
2.537657861623188182e-10
2.461642001350128339e-10
2.371909335607824687e-10
2.279166855245762235e-10
2.170760238229263450e-10
2.055849934734510498e-10
1.931953486078441529e-10
1.788874604002899105e-10
1.632176616084279885e-10
1.470433774741763955e-10
1.280797690128565591e-10
1.080583400536738736e-10
8.524392303144168181e-11
6.093636706339111697e-11
3.386524394244361247e-11
4.224731675606108183e-12
2.814692923180928119e-11
6.336053903766014628e-11
1.014625050643758186e-10
1.428939189196398729e-10
1.871370836070695987e-10
2.324745951298723412e-10
2.795826903323472834e-10
3.286756422582470805e-10
3.763108713528140470e-10
4.228056793564860527e-10
4.658596841622397733e-10
5.036013828174645823e-10
5.341734832242650555e-10
5.574346539916064103e-10
5.674177794290358179e-10
5.680778070171754734e-10
5.578185691135217894e-10
5.381185497199680867e-10
5.076904452394614964e-10
4.713659462751706997e-10
4.281872634237515740e-10
3.820177507662947392e-10
3.339214460496009451e-10
2.853786096324029131e-10
2.375853958014317868e-10
1.914207681252833027e-10
1.475097821668214237e-10
1.062282484198817656e-10
6.822520326466019469e-11
3.264577497219534052e-11
0.000000000000000000e+00
