0.000000000000000000e+00
2.758684058967730834e-08
4.046620871722694801e-08
3.961152972298265240e-08
3.135809323318028419e-08
1.867918253406486429e-08
2.342410598821231815e-09
1.554624828870032616e-08
3.390865388475106101e-08
5.262370295078255822e-08
7.073305030580456787e-08
8.709313414900776706e-08
1.021658102562383874e-07
1.167720804495786524e-07
1.289632273193674905e-07
1.404524856418731815e-07
1.509523575027316156e-07
1.596628500522001559e-07
1.684889538999811975e-07
1.749480279533699445e-07
1.805137110899579511e-07
1.862000061914059756e-07
1.914690932469653717e-07
1.952610305666624413e-07
1.990754905367708716e-07
2.011214125241522765e-07
2.047439079388979621e-07
2.055715948579006636e-07
2.072639216921245975e-07
2.089766003576798425e-07
2.105565272136900035e-07
2.115308825878514654e-07
2.121285235245906620e-07
2.119244646436868607e-07
2.120942432792816135e-07
2.125999047919435725e-07
2.128806869672317248e-07
2.114771766592582480e-07
2.103836032052441851e-07
2.087749945145489505e-07
2.079174005187311991e-07
2.053221080933198550e-07
2.054469017132021236e-07
2.018625165911558383e-07
1.998501159006238481e-07
1.960056050798186789e-07
1.915480626335508418e-07
1.865008290025116366e-07
1.819670023550656879e-07
1.770118385202579248e-07
1.705058353396182724e-07
1.620286266268422537e-07
1.515546916852628101e-07
1.425830574719455512e-07
1.309768188351156937e-07
1.182805753341398258e-07
1.039218643361650152e-07
8.863643674583698839e-08
7.225629405915867665e-08
5.520250101476165128e-08
3.727224184846278376e-08
1.925336357011531163e-08
1.048542253023754256e-09
1.552632589163494004e-08
2.826855149962170799e-08
3.827024741553941567e-08
3.810366555612176853e-08
2.906415530468109409e-08
3.331058873179415514e-09
4.223095984023927940e-08
1.149784218945626435e-07
2.230215555565351337e-07
3.752351824815036707e-07
5.770120193870909020e-07
8.401690461123934028e-07
1.167051355110970690e-06
1.556477592368210594e-06
2.002006929124888757e-06
2.494490609517008295e-06
3.004133809048070702e-06
3.478853965233064116e-06
3.902231386021526305e-06
4.205185863970228866e-06
4.398839546726485139e-06
4.404029932181252605e-06
4.235151366271949769e-06
3.941395816609016833e-06
3.528542541597623483e-06
3.052376317369542846e-06
2.554087884742983761e-06
2.058998627485486566e-06
1.606025945011246847e-06
1.210725862343942083e-06
8.741342318874245620e-07
6.053302128439241869e-07
3.952751652658292869e-07
2.373833833946292771e-07
1.255652757325975699e-07
4.853786783609592703e-08
0.000000000000000000e+00
