0.000000000000000000e+00
2.069823867856257493e-09
3.035793394445818194e-09
2.970952150960215477e-09
2.350862393640795744e-09
1.398625215642823605e-09
1.719601128158387837e-10
1.171233776631197543e-09
2.549833899578857199e-09
3.954929050919986366e-09
5.314510498344304779e-09
6.542802744036180229e-09
7.674319291162134959e-09
8.770864257101607109e-09
9.686128676911209823e-09
1.054866816119215400e-08
1.133698934729920893e-08
1.199086141490113278e-08
1.265343807510532770e-08
1.313837372229897937e-08
1.355626155774558583e-08
1.398310089939514000e-08
1.437866203879423210e-08
1.466339694111695735e-08
1.494970369719794689e-08
1.510330727150233088e-08
1.537530935902253759e-08
1.543748551213752762e-08
1.556445128336747530e-08
1.569310803528622955e-08
1.581171682474291629e-08
1.588476539193806047e-08
1.592960252594366466e-08
1.591430642822189157e-08
1.592701670549701021e-08
1.596496401745639560e-08
1.598604715269402732e-08
1.588074827196805927e-08
1.579854247424350433e-08
1.567776775068807638e-08
1.561338436317782907e-08
1.541860894516133840e-08
1.542783234498301681e-08
1.515884795466604373e-08
1.500763646689051711e-08
1.471899302440959900e-08
1.438442143175677757e-08
1.400548210739316346e-08
1.366496937826866542e-08
1.329289900375840716e-08
1.280444461571050851e-08
1.216797818059944802e-08
1.138175076409453368e-08
1.070803334890513270e-08
9.836672587582029337e-09
8.883545454807517672e-09
7.805521229364842384e-09
6.657784101804509191e-09
5.427947424863077686e-09
4.147597487680343420e-09
2.801221254955521545e-09
1.448228426070841124e-09
8.120515371246028735e-11
1.163529605996416194e-09
2.120675857142373388e-09
2.872156956712501596e-09
2.860627512646374271e-09
2.183125125121421206e-09
2.527749121128408660e-10
3.165811057748157964e-09
8.624782776855965949e-09
1.673288574366438297e-08
2.815625754770678668e-08
4.329961289517569867e-08
6.304962330005992044e-08
8.758331182523448888e-08
1.168109305949016630e-07
1.502494265670506479e-07
1.872114046008732657e-07
2.254627495812400184e-07
2.610923187651437161e-07
2.928662787837765791e-07
3.156066065157503431e-07
3.301403523892076919e-07
3.305308646783799986e-07
3.178578585893987452e-07
2.958114340145812093e-07
2.648253514259124586e-07
2.290888274636415645e-07
1.916904173171474213e-07
1.545326170360183937e-07
1.205352889721567067e-07
9.086679508829575980e-08
6.560426268897856517e-08
4.542978704336064766e-08
2.966466472464901472e-08
1.781471792305922008e-08
9.422882252252406943e-09
3.642277479620759095e-09
0.000000000000000000e+00
