0.000000000000000000e+00
3.670130865884857485e-11
5.098577116058322645e-11
5.112699152931554636e-11
4.089295568832085337e-11
2.417899214179897172e-11
3.565814310491077777e-12
1.891065082304521638e-11
4.351408122715838545e-11
6.781986083836955004e-11
9.103195974802247292e-11
1.115397774142934395e-10
1.317359554775521246e-10
1.488753564871103663e-10
1.669268057113981740e-10
1.809391525497971998e-10
1.945704708461448718e-10
2.059459269787566882e-10
2.166639090361854869e-10
2.256550502011123172e-10
2.336930648993984505e-10
2.401643328653335629e-10
2.464675130653404267e-10
2.533615539590527987e-10
2.574607194105738017e-10
2.605262672261687840e-10
2.631501683225678789e-10
2.651822095245393029e-10
2.675094590287585561e-10
2.692090994571572082e-10
2.712816637995274505e-10
2.728686165909266492e-10
2.731208592621214848e-10
2.733664405951685694e-10
2.735505155726514204e-10
2.735509596618612704e-10
2.731539439082553145e-10
2.736603166297868484e-10
2.720067504569101402e-10
2.693039125034601966e-10
2.680434763036032564e-10
2.670217380540407248e-10
2.650291097694434939e-10
2.604159110575210434e-10
2.565270218468640451e-10
2.528470766094415012e-10
2.472068105774383184e-10
2.405720067599759204e-10
2.352772421332360864e-10
2.280220456896131509e-10
2.199396220703420113e-10
2.090002615418029563e-10
1.971560692481943988e-10
1.820641415406498709e-10
1.689499651291725968e-10
1.532182158925365911e-10
1.350418665779784533e-10
1.143276584514296701e-10
9.319789384676369082e-11
7.099199006432854731e-11
4.806066655760332651e-11
2.480637917301464768e-11
1.450617403975229536e-12
2.005418053840912762e-11
3.647748769708414329e-11
4.934386232946508244e-11
4.912181772454005113e-11
3.571209994390756037e-11
4.154232513542410743e-12
5.604028352479417663e-11
1.480053857250140936e-10
2.880955474182655962e-10
4.849562973419097034e-10
7.451632644261962923e-10
1.084753065150323437e-09
1.506578639620670401e-09
2.009207689113168271e-09
2.584135128103071111e-09
3.215638977316359615e-09
3.870205822487093883e-09
4.487055393909145096e-09
5.036882577691415008e-09
5.431443406145319841e-09
5.662674773532216932e-09
5.664852809061926564e-09
5.470459418788209405e-09
5.090012411557154337e-09
4.564820299535199410e-09
3.943485982205174878e-09
3.297532691348692424e-09
2.658833153645900893e-09
2.071872007292085982e-09
1.561533347071986100e-09
1.128018900509175637e-09
7.804582535797521814e-10
5.100210254127546250e-10
3.071843890367631502e-10
1.620765743837182526e-10
6.274691877194982226e-11
6.661338147750939243e-16
