0.000000000000000000e+00
8.240280946480993407e-08
1.523354504762153283e-07
2.085013564023796562e-07
2.525144913168020366e-07
2.864905416233298752e-07
3.127637746569433830e-07
3.330663411738044033e-07
3.487960502646103578e-07
3.610848086088580544e-07
3.706340070408487009e-07
3.782466396762274030e-07
3.842183212698913053e-07
3.889694406566945872e-07
3.927376176493524440e-07
3.957288342570919326e-07
3.982123152335148575e-07
4.001695207422883982e-07
4.016851641308605281e-07
4.029335368693764963e-07
4.039164085423152528e-07
4.047230797166179173e-07
4.054985008883349451e-07
4.059594199690153005e-07
4.064110886714544790e-07
4.066939487401555198e-07
4.069477301804624858e-07
4.071644228442750091e-07
4.073301848039889705e-07
4.074990054281357743e-07
4.076194802804522510e-07
4.077165649540859249e-07
4.077335670205073370e-07
4.077340112207394895e-07
4.077849302674962928e-07
4.077823286818826887e-07
4.077915145561661348e-07
4.078287031417104913e-07
4.078538574647794235e-07
4.077719579775873626e-07
4.078312811905959734e-07
4.078388128325727280e-07
4.078422145559201795e-07
4.078032256327190908e-07
4.078338268209691364e-07
4.078330329004842270e-07
4.078090342085616271e-07
4.077784422351626858e-07
4.078116387917773977e-07
4.078031166088180726e-07
4.078012624253446461e-07
4.077586615025552419e-07
4.077828567039532004e-07
4.077193719309590847e-07
4.076545304654288771e-07
4.076406029396295594e-07
4.074555760569253948e-07
4.073714220398372277e-07
4.071837678143452877e-07
4.069780171755965625e-07
4.066968500859857727e-07
4.063123497655141136e-07
4.059145641832628826e-07
4.054459398217247212e-07
4.047771634541064145e-07
4.038573107045806410e-07
4.028597470062678099e-07
4.015118096889480626e-07
3.999657349762486547e-07
3.979138248899616315e-07
3.955149280310266136e-07
3.924400326926757998e-07
3.885875028419860655e-07
3.837102490189536752e-07
3.775694314978039756e-07
3.698137306384907674e-07
3.600572140438629276e-07
3.474725830399094662e-07
3.313439828067643589e-07
3.105522907720370540e-07
2.836619432677878194e-07
2.488107149201113089e-07
2.037064521509535098e-07
1.463293407555354975e-07
7.502848975438070056e-08
8.215706004399692119e-09
9.270782064252358623e-08
1.464993787392288027e-07
1.004015756089771116e-07
1.554618873633728526e-07
6.993565685453617675e-07
1.360957637697168821e-06
1.657226481710516452e-06
1.304841492300035100e-06
6.356068132928882619e-07
1.189652480970693205e-07
1.127601857442428468e-07
1.443551572721801790e-07
8.525692096750248083e-08
3.441691376337985275e-15
