0.000000000000000000e+00
5.246947321069228565e-11
1.011785100146767036e-10
1.448354769451043467e-10
1.839663976710426141e-10
2.207264371278938597e-10
2.530068377026850612e-10
2.827935663418656986e-10
3.100509848863453044e-10
3.352842448123283248e-10
3.571195561491435910e-10
3.776456924953208727e-10
3.967365325152627520e-10
4.136471165594457489e-10
4.290353627922627311e-10
4.424919319845344035e-10
4.553170063203992868e-10
4.673670339627733483e-10
4.774310946586979298e-10
4.874293191292622396e-10
4.960667432385434950e-10
5.038685024771893950e-10
5.108911071971533602e-10
5.171845174345435225e-10
5.227959176679064512e-10
5.277733805542084156e-10
5.321375562417074434e-10
5.355071941437472560e-10
5.387434942605295873e-10
5.418746562568799163e-10
5.436537886538417297e-10
5.457752028092954788e-10
5.469902308874452501e-10
5.477289732880308293e-10
5.479917630779596038e-10
5.477857056845891748e-10
5.462040819637081768e-10
5.454636742285856599e-10
5.443072659261360968e-10
5.416808113167803640e-10
5.390334845145616782e-10
5.363428590143826113e-10
5.321987295303642895e-10
5.283293802449406940e-10
5.234283007027329404e-10
5.178930617688592974e-10
5.111745471353401626e-10
5.037976702482183100e-10
4.966020927810177454e-10
4.885136739574136300e-10
4.785547513819210508e-10
4.681472987044799083e-10
4.572333622832047695e-10
4.446352175335732682e-10
4.307876277920286157e-10
4.150009225156736647e-10
3.983527951945120549e-10
3.804760950743002468e-10
3.602828035909055870e-10
3.380913327077905706e-10
3.125056879937915255e-10
2.868471016270746077e-10
2.573165014396749939e-10
2.241362651034251030e-10
1.883820877068842492e-10
1.498076107608881102e-10
1.059853316220937813e-10
5.858424856342026033e-11
6.548761533053948369e-12
4.925715391124185771e-11
1.118038994718517642e-10
1.783716507830490627e-10
2.492194228764788022e-10
3.264311043693624015e-10
4.068327896789014630e-10
4.892687366364611989e-10
5.741589426122573059e-10
6.585494372046696299e-10
7.399090229398552765e-10
8.152536423722267500e-10
8.813122454043309517e-10
9.360231478794389659e-10
9.727848526708271493e-10
9.942364709303319614e-10
9.941425460624486732e-10
9.761833563715072160e-10
9.417145951928773684e-10
8.896502423638708024e-10
8.251335170683660181e-10
7.493312637052440550e-10
6.685315634413768748e-10
5.843594497179083191e-10
5.003970571237914555e-10
4.168996259323876075e-10
3.358842093348357594e-10
2.581437286153231980e-10
1.859065124065750751e-10
1.186176712408837375e-10
5.713363115944503079e-11
0.000000000000000000e+00
