0.000000000000000000e+00
1.632705082244001460e-11
5.882128117917773125e-11
1.279261141462484375e-10
2.257632969460132699e-10
3.483706656481899699e-10
4.947114939923835664e-10
6.625817672301081984e-10
8.474528856439178526e-10
1.048007125525884931e-09
1.259984450108220244e-09
1.480548461607611443e-09
1.707281760410239713e-09
1.934086668597956304e-09
2.163563439516735798e-09
2.384163311219822390e-09
2.590112901934560341e-09
2.784461883287292494e-09
2.967425194455586279e-09
3.131654602306355173e-09
3.276749094283104569e-09
3.389525549124527970e-09
3.478671017909107377e-09
3.546050786340515515e-09
3.579764817907005181e-09
3.587201313770549405e-09
3.566370643248717442e-09
3.517818814025019947e-09
3.433449191625470576e-09
3.329506226279477232e-09
3.203445175792296595e-09
3.056359609843184444e-09
2.878513427617690468e-09
2.689332534444588418e-09
2.486020389547149989e-09
2.269583188052592959e-09
2.045482450085955861e-09
1.820289807774599922e-09
1.593770115881909533e-09
1.369808377837955504e-09
1.153930062613994778e-09
9.453776650403256099e-10
7.501005372390068260e-10
5.731118912777333207e-10
4.185002344669896956e-10
2.847233560032691457e-10
1.722086917510523563e-10
8.610212542947692782e-11
3.020594885327909651e-11
2.966626944100880792e-12
5.057843033284825651e-12
3.476663401613677706e-11
9.073775064649680644e-11
1.743118982489022528e-10
2.855347069896652101e-10
4.191170743794714326e-10
5.768812094686381897e-10
7.536058443946558327e-10
9.456914140670846791e-10
1.152504647272678540e-09
1.369127700101557821e-09
1.594583132202842535e-09
1.821254591582999183e-09
2.048551217548322256e-09
2.275838739684843404e-09
2.491148287653288662e-09
2.688876898915282254e-09
2.878563498676101062e-09
3.052909258727254382e-09
3.208903476270563715e-09
3.336300791190183190e-09
3.436490203512221342e-09
3.515767232897815120e-09
3.569805451242302752e-09
3.587421582018635036e-09
3.580289176241535642e-09
3.546234084161881128e-09
3.478945465040794716e-09
3.385003610745229707e-09
3.268758930197179779e-09
3.132432646602012483e-09
2.970658496970202123e-09
2.784742547667917734e-09
2.589656156182229552e-09
2.378127583746447726e-09
2.159507572763175176e-09
1.933217808058884657e-09
1.706993102423837172e-09
1.480515154916872689e-09
1.260303306160892589e-09
1.048090614297336742e-09
8.455546263164137599e-10
6.581147848905288811e-10
4.926125063420272454e-10
3.485717270379495858e-10
2.248251584902050126e-10
1.249080838761074119e-10
5.380140777333508595e-11
1.239386371310047252e-11
0.000000000000000000e+00
