0.000000000000000000e+00
1.225020085371397727e-12
4.412581411372684670e-12
9.602096895378053887e-12
1.694555606945868931e-11
2.614908289899631200e-11
3.713251928161298565e-11
4.973521594564545012e-11
6.361411397648453203e-11
7.866740592277210453e-11
9.457878924479246052e-11
1.111355452110274200e-10
1.281531547547842820e-10
1.451805342611578453e-10
1.624039791536802113e-10
1.789637327220816587e-10
1.944235883399869635e-10
2.090125850173762956e-10
2.227492634787608949e-10
2.350776240334084832e-10
2.459678016819566437e-10
2.544303656648594369e-10
2.611241223249294308e-10
2.661827425143314940e-10
2.687150502111990136e-10
2.692713829688386795e-10
2.677069677048393714e-10
2.640621055149949825e-10
2.577291713379281646e-10
2.499256357424428643e-10
2.404648702380995928e-10
2.294235912358999485e-10
2.160746026547144538e-10
2.018730738129193014e-10
1.866085064250455616e-10
1.703639451733351962e-10
1.535420679488197493e-10
1.366406987557411412e-10
1.196375221113044063e-10
1.028200857788874600e-10
8.661815709132270058e-11
7.096023768582426783e-11
5.630429456005003885e-11
4.301625722291646525e-11
3.141420457097865437e-11
2.136890664417023800e-11
1.292677076492054766e-11
6.458833468059310690e-12
2.265854170957481983e-12
2.202682480856310576e-13
3.763656053479280672e-13
2.607469795634642651e-12
6.810552122260560282e-12
1.308508856823209499e-11
2.143163424506155934e-11
3.145816940275381057e-11
4.330247271866483061e-11
5.656497492623202561e-11
7.098310828013154605e-11
8.651324101549562329e-11
1.027704588096867155e-10
1.196958088200972270e-10
1.367099766724777510e-10
1.537718841149171567e-10
1.708316821336097746e-10
1.869944199484052660e-10
2.018396560998780842e-10
2.160739365208996787e-10
2.291631329143228868e-10
2.408757637795133633e-10
2.504378926460049115e-10
2.579571001248837092e-10
2.639052310016154479e-10
2.679630961566203950e-10
2.692878142696031318e-10
2.687516875710116437e-10
2.661920683877383453e-10
2.611431071386505209e-10
2.540936350214906270e-10
2.453672820479368966e-10
2.351341343853619037e-10
2.229916251650365666e-10
2.090347894778687987e-10
1.943871730247792584e-10
1.785102066165222823e-10
1.620996670226304559e-10
1.451130327012606358e-10
1.281355022086927420e-10
1.111342129433978698e-10
9.460265903982190139e-11
7.867462237243216805e-11
6.346712044802416131e-11
4.940137188214066555e-11
3.697797623658516386e-11
2.616373784292136406e-11
1.687416872897529174e-11
9.376166509866834531e-12
4.036437850629681634e-12
9.285905377964809304e-13
0.000000000000000000e+00
