0.000000000000000000e+00
4.026827904457519480e-08
5.735561503517061510e-08
5.788246670856977971e-08
4.536677489230811489e-08
2.692676692728213084e-08
3.682195881538063986e-09
2.231819606901552788e-08
4.940125131192019126e-08
7.648219091382912893e-08
1.021113580357280171e-07
1.257528642328864521e-07
1.479351031674625006e-07
1.698581285625166970e-07
1.869317980407458890e-07
2.037417381473005662e-07
2.182711730247532955e-07
2.321513885572557001e-07
2.434664998496316457e-07
2.537344283570774905e-07
2.625777385523164753e-07
2.705509193345889685e-07
2.770432068199824016e-07
2.844577885463550615e-07
2.886508599919679341e-07
2.918701625942432543e-07
2.967026883071710586e-07
2.976100195173358998e-07
3.004059995204144684e-07
3.028781226932508730e-07
3.049619642370160477e-07
3.068092145896983425e-07
3.082960466915807274e-07
3.069208014405688800e-07
3.076747031593995985e-07
3.075115588835330982e-07
3.080398560673103248e-07
3.064919180673086885e-07
3.052288746197007185e-07
3.031735219538589376e-07
3.005021286250908474e-07
2.980256830209526697e-07
2.979645695733168509e-07
2.946288766292326500e-07
2.893370745216117257e-07
2.850306257684565026e-07
2.777311967072648713e-07
2.710435447195180814e-07
2.634340595664141915e-07
2.556533825748275035e-07
2.465215718228108699e-07
2.352857257914564570e-07
2.215996146581744597e-07
2.058257969617116601e-07
1.902668236297699877e-07
1.713344498499580482e-07
1.501048139118665858e-07
1.283785786565516673e-07
1.048328547303967184e-07
7.975219074030093225e-08
5.289391724616621104e-08
2.608826310535050652e-08
6.236050564822903652e-10
2.360893713859724130e-08
4.340799053537125474e-08
5.532938074370719050e-08
5.625731069880401947e-08
4.320001778523874236e-08
6.202999336402115205e-09
6.020728149369602988e-08
1.657805484001073637e-07
3.225998346234604242e-07
5.430335717759859904e-07
8.387327025127788716e-07
1.217998464420055882e-06
1.691869400133327872e-06
2.258135419208606720e-06
2.917663270318726632e-06
3.623894523130388734e-06
4.355677541312275025e-06
5.052634420077417587e-06
5.656882363314075235e-06
6.107658122478376583e-06
6.378656255856540724e-06
6.371501892088460295e-06
6.151087004635513722e-06
5.725284035862365783e-06
5.125440360020938613e-06
4.434309178624751269e-06
3.703037778857165563e-06
2.988235194290034258e-06
2.331394922672203052e-06
1.755336483055813801e-06
1.269270872961136831e-06
8.793885012403634960e-07
5.743941798863616555e-07
3.467390388145474844e-07
1.801163482806344973e-07
7.204873486710283714e-08
0.000000000000000000e+00
