0.000000000000000000e+00
7.518419220531313840e-09
1.071091804139001624e-08
1.081292899662855689e-08
8.480809055022575649e-09
5.042837480928596960e-09
7.080744879317535379e-10
4.141198939322521255e-09
9.192523631185167687e-09
1.424398587968056518e-08
1.902456170377320177e-08
2.343468286092331709e-08
2.757251083007616899e-08
3.166195206016908514e-08
3.484696597944036967e-08
3.798267855792403225e-08
4.069302450560030593e-08
4.328243496942718593e-08
4.539314368834368452e-08
4.730836800082016680e-08
4.895797522941336410e-08
5.044509909790662050e-08
5.165646710381111006e-08
5.303945416201827356e-08
5.382154399935501488e-08
5.442197403837667480e-08
5.532329239166244861e-08
5.549255233106009655e-08
5.601428432200350471e-08
5.647522294260909348e-08
5.686376169933282654e-08
5.720852624957473154e-08
5.748572040609190026e-08
5.722944473873781135e-08
5.736972108483229249e-08
5.733945296348963439e-08
5.743806208435842109e-08
5.714949380397627010e-08
5.691352467085408762e-08
5.653032975061478282e-08
5.603216313154746331e-08
5.557023430302621136e-08
5.555881443797261454e-08
5.493661592304022179e-08
5.394945312708898655e-08
5.314625650676418900e-08
5.178471296218845055e-08
5.053700435908581312e-08
4.911762685466669609e-08
4.766619565721441631e-08
4.596266944822957612e-08
4.386685548141144864e-08
4.131378561478271649e-08
3.837124007421977012e-08
3.546878202254077905e-08
3.193716535676571766e-08
2.797712117530437581e-08
2.392412590257464444e-08
1.953190864600884424e-08
1.485361633690729377e-08
9.843662995834279172e-09
4.843831336032167201e-09
1.380309200271767622e-10
4.424639765687743420e-09
8.116093130894341812e-09
1.033752716761426882e-08
1.050708864358540495e-08
8.066622814162371924e-09
1.158730000838659180e-09
1.123804016511797954e-08
3.094290224048279470e-08
6.021038401193834488e-08
1.013484002276854312e-07
1.565301719352873988e-07
2.273056667334572012e-07
3.157320952462683294e-07
4.213992129686872090e-07
5.444657855679935210e-07
6.762451733033358892e-07
8.127905023469494949e-07
9.428349406759295448e-07
1.055579755160351851e-06
1.139688518114745364e-06
1.190250405791459798e-06
1.188917646999243516e-06
1.147791965694366922e-06
1.068342898924434792e-06
9.564202365641705228e-07
8.274619046622078145e-07
6.910143424132542123e-07
5.576352870573231257e-07
4.350700404387453091e-07
3.275766378152411562e-07
2.368739958624743736e-07
1.641181820444259642e-07
1.072016078129678363e-07
6.471608926528205075e-08
3.361934886036976877e-08
1.344898714616959978e-08
0.000000000000000000e+00
