0.000000000000000000e+00
3.020897976213632319e-09
4.302040945702856334e-09
4.340354742282670486e-09
3.399815873272871158e-09
2.014691080631791920e-09
2.690954126194355922e-10
1.683247541350851861e-09
3.716611240989209364e-09
5.749952181055562050e-09
7.674120894307634444e-09
9.449212523549022080e-09
1.111461656044809843e-08
1.276039685027541282e-08
1.404237470747915495e-08
1.530437943042528559e-08
1.639522451135633219e-08
1.743739685977629961e-08
1.828690998628701436e-08
1.905768221011072683e-08
1.972161089991431027e-08
2.032009183139393826e-08
2.080776673185624759e-08
2.136428345345109392e-08
2.167910406747353136e-08
2.192082604324241402e-08
2.228350004518375727e-08
2.235178364617951274e-08
2.256183573301484557e-08
2.274729116180651545e-08
2.290361389434281136e-08
2.304241553119368291e-08
2.315390801310712732e-08
2.305095914145738334e-08
2.310727709176063627e-08
2.309514213205687838e-08
2.313478275617342206e-08
2.301872137344673774e-08
2.292361922506813698e-08
2.276946065027374289e-08
2.256901032726688072e-08
2.238306917590193734e-08
2.237827145812332219e-08
2.212781746724346021e-08
2.173052204845760116e-08
2.140722377141912602e-08
2.085931538609031577e-08
2.035705837233336979e-08
1.978579977635064324e-08
1.920155900947406735e-08
1.851585174073022699e-08
1.767236634808710960e-08
1.664484949870370656e-08
1.546059502643970518e-08
1.429236928807142704e-08
1.287103912339659928e-08
1.127730853145436640e-08
9.645960474813364272e-09
7.878075969358633301e-09
5.995035912143009682e-09
3.978376739155464747e-09
1.965646867496673167e-09
3.998512632108486287e-11
1.766287338611505220e-09
3.253341152031907768e-09
4.149429910782487241e-09
4.220405247501446411e-09
3.241813928411829693e-09
4.665676733850432356e-10
4.516231721929386822e-09
1.243834146791300554e-08
2.420664335645028586e-08
4.074957393740419320e-08
6.294119225813687990e-08
9.140544221519775192e-08
1.269693584715625434e-07
1.694689071296551219e-07
2.189674926933449228e-07
2.719712468568502572e-07
3.268928652211400276e-07
3.792000566882336443e-07
4.245494054089249403e-07
4.583809274372185882e-07
4.787184951782208486e-07
4.781830398314923514e-07
4.616412255797897046e-07
4.296843840734254627e-07
3.846659246686812139e-07
3.327953701504071660e-07
2.779137171504686421e-07
2.242662541229734074e-07
1.749692386532331057e-07
1.317352062990551076e-07
9.525527944198586283e-08
6.599450419475516583e-08
4.310483325831171442e-08
2.601977622251894218e-08
1.351556877526860490e-08
5.406128655849329334e-09
0.000000000000000000e+00
