0.000000000000000000e+00
2.133000220894132326e-09
8.668192830185716957e-09
1.949012118362958290e-08
3.444839857813519757e-08
5.324200180734095511e-08
7.550636926811904459e-08
1.009195310652799549e-07
1.291370543832215390e-07
1.596610794685204837e-07
1.921790514503030067e-07
2.258791234055479435e-07
2.603712861981577475e-07
2.950803152934611262e-07
3.295110038159521082e-07
3.627575978493169373e-07
3.948057296643270320e-07
4.247246466748677562e-07
4.524442960285313120e-07
4.771481484366901782e-07
4.986494251957296342e-07
5.164424039527659716e-07
5.302960041086990373e-07
5.399993705523797871e-07
5.455196250281346693e-07
5.467254066138238500e-07
5.433795192688606335e-07
5.358393717624920782e-07
5.238478260061185665e-07
5.079265054108716981e-07
4.882227148117479487e-07
4.651289685630999315e-07
4.390784871244335363e-07
4.101318171745305108e-07
3.790669955705538996e-07
3.462311788382521627e-07
3.124865078918404038e-07
2.778431685834803488e-07
2.429888884547537486e-07
2.089732318300008274e-07
1.758452312650149452e-07
1.443503608866691934e-07
1.148634756198418927e-07
8.800330164593361815e-08
6.397433560678678077e-08
4.338541736981227359e-08
2.661984843665976541e-08
1.378148717368077314e-08
5.166714389659432527e-09
7.838749649380361006e-10
7.189753237213380999e-10
5.047923190559799878e-09
1.377751013276196090e-08
2.665759302189485425e-08
4.362168259941512360e-08
6.413912601033189276e-08
8.802457651668760263e-08
1.149185476778669113e-07
1.442596549994235033e-07
1.759278556168197838e-07
2.090611982419332548e-07
2.432276333674820989e-07
2.778700544103784864e-07
3.124752522287721490e-07
3.464157464216910398e-07
3.792139275926587061e-07
4.101467349082454916e-07
4.391300540973475108e-07
4.652675291705321570e-07
4.883617549245045097e-07
5.082636623798819642e-07
5.240283673657586405e-07
5.356843866266558507e-07
5.432531267057782998e-07
5.467275223658418781e-07
5.456372942358456157e-07
5.401936546967078812e-07
5.303492107699980807e-07
5.164212348862662338e-07
4.987000491452064921e-07
4.769389957415270942e-07
4.524745410572350579e-07
4.249689691260272184e-07
3.946760198658694208e-07
3.628152911439030959e-07
3.293534540649289966e-07
2.951173758702907435e-07
2.602417125130429554e-07
2.257548648021412419e-07
1.920917819253631365e-07
1.597199430491968997e-07
1.291296213290493711e-07
1.008959923387564572e-07
7.540876589828826582e-08
5.300121797002788071e-08
3.433527029361727045e-08
1.950546957285581584e-08
8.779362348221297907e-09
2.237332874521769099e-09
2.220446049250313081e-16
