0.000000000000000000e+00
8.580463006779837087e-10
3.486978261690865111e-09
7.840350813026475407e-09
1.385766212891326177e-08
2.141782051712226576e-08
3.037418061513363909e-08
4.059721359084278447e-08
5.194837449096212367e-08
6.422737552913559966e-08
7.730849316267551785e-08
9.086514585199267913e-08
1.047404325493772603e-07
1.187029639027059602e-07
1.325535278207112810e-07
1.459277654269897084e-07
1.588198953461628093e-07
1.708554993040678482e-07
1.820063924018455737e-07
1.919441126041476764e-07
2.005935161308869397e-07
2.077511634945850005e-07
2.133241039370403769e-07
2.172275050948968556e-07
2.194481409922843795e-07
2.199331761154610376e-07
2.185871916804416060e-07
2.155539533532646601e-07
2.107300303144654663e-07
2.043252614880586293e-07
1.963989015862921406e-07
1.871088488591965415e-07
1.766293786786832243e-07
1.649848474505333229e-07
1.524882393688642424e-07
1.392792136067910747e-07
1.257045785241217573e-07
1.117684329532409038e-07
9.774743470192248651e-08
8.406380280767677959e-08
7.073725261097507655e-08
5.806767133798018676e-08
4.620585292158807533e-08
3.540070026009090043e-08
2.573447088760616452e-08
1.745207789394243036e-08
1.070772515099349675e-08
5.543186909484631997e-09
2.077688243673492252e-09
3.145824711836553433e-10
2.884765759603169499e-10
2.029896473132453139e-09
5.541574310541363957e-09
1.072289501635736997e-08
1.754710088341937535e-08
2.580073854563380564e-08
3.540923176892363244e-08
4.622797933340194731e-08
5.803114766500527821e-08
7.077045027781281306e-08
8.409914353801895004e-08
9.784343024676900313e-08
1.117791978977322742e-07
1.256999910825840061e-07
1.393534061477907926e-07
1.525473005692390416e-07
1.649908002443467581e-07
1.766500767885759160e-07
1.871645460838067265e-07
1.964547966526453138e-07
2.044608553575244514e-07
2.108026219138636748e-07
2.154915710317339972e-07
2.185363130458028991e-07
2.199339934616517667e-07
2.194954488166089845e-07
2.173056309340282155e-07
2.133454835018255835e-07
2.077426318747299661e-07
2.006138646315491769e-07
1.918599631389739102e-07
1.820185543399688299e-07
1.709537826855012099e-07
1.587677233017004141e-07
1.459509829659921820e-07
1.324901623966923125e-07
1.187178845230008051e-07
1.046883253419395032e-07
9.081517093889601711e-08
7.727340434193763485e-08
6.425106846563721774e-08
5.194539320907409774e-08
4.058775981974349634e-08
3.033492856907571422e-08
2.132097010054678776e-08
1.381215908313748741e-08
7.846526983712465153e-09
3.531701375791840292e-09
9.000182821239377517e-10
2.220446049250313081e-16
