0.000000000000000000e+00
7.478633808899459723e-07
8.123994353903540855e-07
8.701212089734511324e-07
9.476268698627166032e-07
1.045414552924839313e-06
1.163704981599344990e-06
1.297737367567108890e-06
1.446101179025660599e-06
1.606324834257932821e-06
1.775456764496752271e-06
1.952197570820324302e-06
2.133556016858939586e-06
2.315351467108150985e-06
2.495644864319856993e-06
2.671659860453701185e-06
2.838759589618433665e-06
2.996700082524839104e-06
3.141777010329249720e-06
3.272209062377129385e-06
3.385085552420896704e-06
3.478530870570928357e-06
3.550944152719281988e-06
3.603954272124454405e-06
3.632259611752175488e-06
3.637611459605949449e-06
3.620400294446213252e-06
3.579585423740816452e-06
3.516020134597397373e-06
3.435475123381159790e-06
3.333220207513143407e-06
3.211974922368021623e-06
3.071386663999753353e-06
2.919912214238706838e-06
2.756918328628010784e-06
2.586030781404069501e-06
2.406958578005102822e-06
2.225510234765692985e-06
2.044220197006119122e-06
1.864978582677423447e-06
1.691870624931368638e-06
1.526787154149111814e-06
1.372095555507435449e-06
1.230631147208782750e-06
1.104764016268688920e-06
9.960721641943948157e-07
9.083032065371199337e-07
8.408565183026794898e-07
7.855702039982759288e-07
1.780394581374356022e-06
1.595693700229272594e-06
7.855357354591419039e-07
8.410302780870182460e-07
9.085236982731004218e-07
9.963077549635102059e-07
1.104877891511257815e-06
1.231437736670670802e-06
1.372840889857229740e-06
1.527259941846992319e-06
1.692493214244805699e-06
1.865507723186610178e-06
2.044695882830183109e-06
2.226777391478584889e-06
2.407861001252342703e-06
2.586863583453613558e-06
2.758449042183919175e-06
2.920942359763145646e-06
3.072307005691499171e-06
3.210942666309613003e-06
3.331729344413503213e-06
3.436293536163148588e-06
3.517672988673226087e-06
3.581734273727654738e-06
3.621715251145296577e-06
3.638764287550166898e-06
3.632294779398748119e-06
3.603774231475398437e-06
3.550361375337374170e-06
3.477883909308587818e-06
3.387696632328740520e-06
3.275018669812723715e-06
3.142684585122346164e-06
2.997158874418204277e-06
2.838474110866684441e-06
2.672327698238774474e-06
2.495862926998881903e-06
2.315412638953517899e-06
2.133603306919695797e-06
1.952708408414771668e-06
1.775814250870588751e-06
1.606693342259823964e-06
1.446297292151399461e-06
1.297420280543803983e-06
1.163762510913990411e-06
1.045855257619798806e-06
9.476593028079349779e-07
8.702200346988320234e-07
8.124985402258033673e-07
7.426553336742358624e-07
0.000000000000000000e+00
