0.000000000000000000e+00
4.968809209338065358e-05
1.059514949339757095e-04
1.655031413467789037e-04
2.271961325315263736e-04
2.864278022551847158e-04
3.444797575007374490e-04
4.007851097478365432e-04
4.533990814531430047e-04
5.020830844506551927e-04
5.472807732530560187e-04
5.887248918359233585e-04
6.269790854664947233e-04
6.613695750962156339e-04
6.932663966879859530e-04
7.219628174334191684e-04
7.475853064603521503e-04
7.710699022439593264e-04
7.923055382161869886e-04
8.107443023926963477e-04
8.274866674953251788e-04
8.424487430993554682e-04
8.561147684047476503e-04
8.678701438891156528e-04
8.783409869401737069e-04
8.875361727547215196e-04
8.955514516446605455e-04
9.026118194919163784e-04
9.081085832216562181e-04
9.129773754947834163e-04
9.169049626867042946e-04
9.197524722748262604e-04
9.218906472133747698e-04
9.233363403279293280e-04
9.237101615429121892e-04
9.229456491077758784e-04
9.218027128631289813e-04
9.198002397287075027e-04
9.164234303078444555e-04
9.124908210125237673e-04
9.077864132601698444e-04
9.023575859188337489e-04
8.954241756544689679e-04
8.872010787933648501e-04
8.772906797051005512e-04
8.668402561631260994e-04
8.551461442551921976e-04
8.412915709147261722e-04
8.261726593800089447e-04
8.089051976112315856e-04
7.895283210794801221e-04
7.680923144988138773e-04
7.442527894455652770e-04
7.181878180820833180e-04
6.891565608608818394e-04
6.565980993725739623e-04
6.215056460870949095e-04
5.824283422320997161e-04
5.387348837913030764e-04
4.923220021006979863e-04
4.417919048869123344e-04
3.873818394761752160e-04
3.297398348656166434e-04
2.674422105813922812e-04
2.025122891748942777e-04
1.356429307348694380e-04
6.901198195463642548e-05
4.877950066539682439e-06
5.445107700463580613e-05
1.035738189509860518e-04
1.386439524887483898e-04
1.530694599187754079e-04
1.397338914750356764e-04
9.027261608851588903e-05
1.851693832932710393e-06
1.439945746348758604e-04
3.381164622117127649e-04
5.842749802863478337e-04
8.669306410167276766e-04
1.171634386156195085e-03
1.469169345310272767e-03
1.736040463029220327e-03
1.937932009502540964e-03
2.063834275127796047e-03
2.098805756938437739e-03
2.035941824942599787e-03
1.885990968882866881e-03
1.658771359982935678e-03
1.384148766112369699e-03
1.088699894426836678e-03
7.990481154525053142e-04
5.404499046234301218e-04
3.248430793361123392e-04
1.597385788661975781e-04
4.444041117490638015e-05
2.427500164148277406e-05
5.695933940730313338e-05
5.936270571715862587e-05
3.841736015008923033e-05
0.000000000000000000e+00
