0.000000000000000000e+00
9.548201967524150291e-06
7.143217519045563790e-06
5.038201757789906310e-06
5.532932650043065337e-06
6.884293392794837985e-06
8.460826729450587891e-06
1.028865829044711688e-05
1.230719358313869805e-05
1.450286894177921226e-05
1.680118442759503949e-05
1.919208262424199063e-05
2.166007064596797704e-05
2.414002863970754476e-05
2.659820984363125973e-05
2.900434345198821262e-05
3.126094688987723913e-05
3.342131078332144511e-05
3.542893418828629848e-05
3.716566280531630184e-05
3.870243475045942461e-05
3.998432122931383503e-05
4.098199663515877944e-05
4.168289652728418559e-05
4.208966776841904789e-05
4.215895638348676755e-05
4.193515987571672099e-05
4.136767383056128011e-05
4.051953737516100773e-05
3.937728161129694371e-05
3.797462919119531932e-05
3.630443341118283485e-05
3.442120670504866808e-05
3.234937462592846202e-05
3.012599051477327095e-05
2.777865027925319197e-05
2.534989360947204062e-05
2.287697759950635401e-05
2.039195625680445545e-05
1.794020421386210984e-05
1.559095024905587934e-05
1.336436889753933599e-05
1.125944474422713171e-05
9.333191664184781189e-06
7.607657690589242350e-06
6.137724762989016369e-06
4.900224350734561085e-06
6.864298034536808757e-06
1.247876856413920876e-05
1.395753830685242391e-05
1.353631532041710273e-05
1.282707100691560242e-05
6.866048914311306817e-06
4.834160119537855849e-06
6.143103532307847559e-06
7.603910563536153688e-06
9.309451781902566836e-06
1.123756768550698837e-05
1.335206676655875668e-05
1.561078790712766562e-05
1.795730027154274211e-05
2.039230612083109406e-05
2.287488308061469411e-05
2.534568538392623083e-05
2.779414768283583470e-05
3.012910454369688296e-05
3.233828986137776695e-05
3.443457862606358333e-05
3.631917054003341860e-05
3.794028529946480432e-05
3.937818787835833945e-05
4.050454562098959599e-05
4.137091999656394847e-05
4.192227648047719413e-05
4.216899172437837962e-05
4.208780654790800213e-05
4.170446275930661528e-05
4.098865031043619211e-05
3.999211892824483527e-05
3.872602940868663524e-05
3.718931303731132232e-05
3.540883542452188948e-05
3.342914166859500824e-05
3.127897297006132504e-05
2.899391561983488685e-05
2.660161690393181289e-05
2.414806258510537873e-05
2.166979614071085081e-05
1.919183245802091875e-05
1.678372787672355315e-05
1.450237955180622151e-05
1.233432193814554267e-05
1.030749976083100705e-05
8.487228348785791354e-06
6.877083797096616991e-06
5.541925163443650604e-06
4.964850494171280104e-06
7.177720896978101450e-06
1.007644734396517805e-05
0.000000000000000000e+00
