0.000000000000000000e+00
2.349234340393024922e-08
4.593747793268931900e-08
6.545257091872258570e-08
8.378678706399966813e-08
1.001897834695952838e-07
1.151013337974404749e-07
1.283931690965189887e-07
1.406752815347189767e-07
1.521768807632994935e-07
1.623638211656341923e-07
1.713938266867387483e-07
1.797909107148498720e-07
1.875092691117075105e-07
1.947210589436920714e-07
2.010765369764300203e-07
2.063882966751862114e-07
2.118644955029225230e-07
2.166762721467208053e-07
2.209738212410883307e-07
2.251359828564503118e-07
2.286755290681341535e-07
2.318618490537716070e-07
2.347184322459838768e-07
2.370667447904040159e-07
2.395224629747616518e-07
2.413069616347129909e-07
2.429962416838904460e-07
2.444980877758240467e-07
2.457282854972930863e-07
2.469200032217955254e-07
2.474680007580332131e-07
2.480505587598713646e-07
2.483547216769466104e-07
2.486979184812554422e-07
2.486037750104586053e-07
2.482950440807485393e-07
2.477697381708665603e-07
2.470244646612940187e-07
2.460543797599967775e-07
2.446271423206525242e-07
2.434127851502765338e-07
2.415270784483780631e-07
2.393471892903065168e-07
2.373206814398898246e-07
2.346067542458030175e-07
2.322217201866649816e-07
2.290761644818672949e-07
2.255803597250860548e-07
2.217080621313982647e-07
2.174295812285009788e-07
2.124980933437825570e-07
2.070468853032636503e-07
2.015802603727578912e-07
1.952549597561414885e-07
1.883444538108847155e-07
1.807912337614681064e-07
1.726854635952790318e-07
1.635230111318719537e-07
1.532038078622122157e-07
1.420778026339775124e-07
1.298888310241608224e-07
1.167974336135912949e-07
1.014501087581720640e-07
8.521223793245269462e-08
6.800715679489144350e-08
4.841458833837464226e-08
2.691580802682835838e-08
3.371953383179970842e-09
2.233974349952205785e-08
5.030744065770420548e-08
8.100105119979161827e-08
1.135479816838369516e-07
1.477900988255953507e-07
1.843115091659797145e-07
2.221603286889362039e-07
2.617908688717918153e-07
2.996397465704347951e-07
3.366061777088091844e-07
3.701591213545185610e-07
4.001521878294056478e-07
4.244416749177304382e-07
4.422915700352803015e-07
4.514687205192657871e-07
4.513831887154040601e-07
4.432294211653697857e-07
4.282275429812187895e-07
4.033974920769622940e-07
3.740117783257446149e-07
3.402307946487326262e-07
3.046953964691567762e-07
2.664286957720918281e-07
2.267657135401890400e-07
1.893368125616134989e-07
1.520793100340256387e-07
1.171958533552341919e-07
8.440263654652113701e-08
5.381885792576923677e-08
2.557631673116844695e-08
0.000000000000000000e+00
