0.000000000000000000e+00
3.941814668007026512e-07
5.587199832790545884e-07
6.748245322540924462e-07
8.307269403484696113e-07
1.029696957699499649e-06
1.265922027871013711e-06
1.533866302971809148e-06
1.833745649881812767e-06
2.155986746688043354e-06
2.495882172937058385e-06
2.853655136081378885e-06
3.218662520620974021e-06
3.583680816432455174e-06
3.947129845749408616e-06
4.300852922911602150e-06
4.637891730663312728e-06
4.955253439575812990e-06
5.248684420644522675e-06
5.508663188935614130e-06
5.737034201369617392e-06
5.925727912137190856e-06
6.070961720672229944e-06
6.178057966654826316e-06
6.232732991939826661e-06
6.247839515527431331e-06
6.211149387036485336e-06
6.131103185702535541e-06
6.001966473490050191e-06
5.839053271783356536e-06
5.627491060811173895e-06
5.383660110158672296e-06
5.104147880796716663e-06
4.801108649865604150e-06
4.473369633273271972e-06
4.128474546893912134e-06
3.767384304409482354e-06
3.403091414555525773e-06
3.035346820667861323e-06
2.675848662314628257e-06
2.328242096227839397e-06
1.994445712805159587e-06
1.683793735773875255e-06
1.399640241039890043e-06
1.142095361283956834e-06
9.243199148301073365e-07
7.481496833161571658e-07
6.122020442811404450e-07
5.173621804299699534e-07
1.597540717379608566e-06
1.591034726078355277e-06
5.191178839014654045e-07
6.116343761464193562e-07
7.474954381025966654e-07
9.250856974896137785e-07
1.145041722883100022e-06
1.395967082040705520e-06
1.681593122859759148e-06
1.992931510264028816e-06
2.324128929420687939e-06
2.673567729982728736e-06
3.036388750432550410e-06
3.401341074238395379e-06
3.766447223330082750e-06
4.125815148969813606e-06
4.472402020172516757e-06
4.798326272204000986e-06
5.106310120961410348e-06
5.384313865652856634e-06
5.626687693438547910e-06
5.838302798655270465e-06
6.002527543569335933e-06
6.131224547512026390e-06
6.210911194570734040e-06
6.245542146454674537e-06
6.234596715115614529e-06
6.177283623842733107e-06
6.071146849362385467e-06
5.926371987818868092e-06
5.737725204291166392e-06
5.511103376765191797e-06
5.247379328610080051e-06
4.956436182257384360e-06
4.638341032259241103e-06
4.302635511543861924e-06
3.947986662478086828e-06
3.585460929045325429e-06
3.219003432586298175e-06
2.853719305973001497e-06
2.499372731334936759e-06
2.158477809932612956e-06
1.835710741859841733e-06
1.537728970379959037e-06
1.266548978695603012e-06
1.026936287895630073e-06
8.313725989861353582e-07
6.752078566263364223e-07
5.587958805675086182e-07
3.924088536333414368e-07
0.000000000000000000e+00
