0.000000000000000000e+00
7.979058069818023569e-08
1.046370846635724661e-07
1.263031895737398713e-07
1.553958710598379866e-07
1.925252524070941718e-07
2.366066121917143050e-07
2.866068753437645000e-07
3.425662635780923893e-07
4.026982611815554947e-07
4.661244146220155926e-07
5.328863355025248438e-07
6.009979592880299037e-07
6.691113205725685020e-07
7.369315772054463309e-07
8.029366993511644068e-07
8.658282317774990133e-07
9.250478030242703653e-07
9.798017155393523581e-07
1.028313353357290794e-06
1.070926880064604347e-06
1.106136623407749653e-06
1.133236805173076789e-06
1.153220604344085132e-06
1.163422751249143516e-06
1.166241509698018319e-06
1.159395226713044735e-06
1.144458793067570923e-06
1.120362236095573394e-06
1.089963045708408629e-06
1.050486019282814709e-06
1.004987582930993995e-06
9.528309260486977905e-07
8.962839810333633750e-07
8.351278736329348362e-07
7.707701790149457111e-07
7.033901637809591989e-07
6.354122705776177327e-07
5.667899999339809369e-07
4.997062692524423255e-07
4.348412777632759685e-07
3.725530961506962058e-07
3.145835477669223224e-07
2.615586007781445232e-07
2.134988552615624258e-07
1.728602748718444104e-07
1.399854900885344478e-07
1.146165183874003901e-07
9.691857272287052183e-08
2.404884894557923758e-07
2.531439417530201297e-07
9.724623528661879845e-08
1.145106308664267658e-07
1.398634651428309894e-07
1.730032663793679149e-07
2.140487740387442273e-07
2.608732720954520801e-07
3.141730166023037896e-07
3.722706541919862389e-07
4.340738657404585865e-07
4.992807643988683708e-07
5.669845667410911005e-07
6.350858132719849891e-07
7.032154597519379990e-07
7.702740881798675332e-07
8.349474845958937408e-07
8.957649642038489901e-07
9.532345792706564680e-07
1.005109754648181308e-06
1.050336306485100124e-06
1.089823199795780795e-06
1.120467131077163003e-06
1.144481608594816180e-06
1.159350912938172939e-06
1.165812928083376221e-06
1.163770546930287253e-06
1.153076112592188451e-06
1.133271310127526021e-06
1.106256745764255811e-06
1.071055770740514390e-06
1.028768631394783029e-06
9.795581442650913573e-07
9.252684489702289738e-07
8.659120338538883743e-07
8.032692841997146616e-07
7.370914195670152935e-07
6.694434506737678703e-07
6.010615194451673915e-07
5.328982838337381622e-07
4.667757328435939712e-07
4.031630644885098036e-07
3.429329100690381438e-07
2.873276223613885350e-07
2.367235533151657023e-07
1.920100418661974118e-07
1.555163138267090517e-07
1.263747013702243294e-07
1.046512236868579748e-07
7.901415477462592207e-08
4.819278656698067209e-16
