0.000000000000000000e+00
1.164226185124128676e-06
1.352952700317544554e-06
1.552310946117962942e-06
1.750666765554242943e-06
1.945011078641201152e-06
2.132645578023506516e-06
2.310231589031097599e-06
2.474637232352527860e-06
2.628838561946622576e-06
2.770452565803438461e-06
2.900362277347134921e-06
3.019727136011063351e-06
3.128526881779336577e-06
3.227929312621391489e-06
3.317377949896282985e-06
3.398588114933431825e-06
3.472830322870379405e-06
3.538471610498028497e-06
3.596559845941982303e-06
3.649838105412861466e-06
3.698287498021812780e-06
3.740156137688188664e-06
3.778380286978411107e-06
3.811702042111342337e-06
3.842250291263837880e-06
3.868256071348774583e-06
3.888607455815318303e-06
3.906400748765470610e-06
3.921764591519050214e-06
3.934953721196343679e-06
3.944846468484364266e-06
3.951705306981523336e-06
3.955521634457781488e-06
3.957423883926836083e-06
3.955783133946511043e-06
3.952297581988339914e-06
3.945528455284730285e-06
3.937163408296306955e-06
3.924053926351867005e-06
3.908058039736594935e-06
3.891929926780335336e-06
3.870678302320129660e-06
3.844656793039469278e-06
3.816424644531579702e-06
3.784473817991518274e-06
3.745621301232127109e-06
3.704226786194197985e-06
3.657364604059409885e-06
3.604716047655998068e-06
3.546855866010112379e-06
3.482110778052494027e-06
3.408358556167279119e-06
3.328834777382994048e-06
3.239205661809130277e-06
3.142348959483953763e-06
3.034591859685242810e-06
2.916972566380238163e-06
2.787753940691750643e-06
2.648179398212491265e-06
2.495425411641605251e-06
2.332089048096008810e-06
2.156777233586204545e-06
1.970543009433001203e-06
1.776854190449483895e-06
1.578629892584615391e-06
1.378961035358727827e-06
1.257121379438785880e-06
2.444939301959880851e-06
1.208230258620268671e-06
7.318444465997941961e-07
6.695913242760198614e-07
6.823188607452124188e-07
7.903542367238003408e-07
1.010148207303274148e-06
1.362390019243875372e-06
1.845331740857325542e-06
2.462702065941790863e-06
3.188908161977366262e-06
3.971684413905940403e-06
4.751053440110730719e-06
5.447384060830451347e-06
5.973912966306116346e-06
6.271672175595099930e-06
6.288971192702774715e-06
6.024190608466817309e-06
5.522543784275413259e-06
4.842451819531135015e-06
4.068354483077740724e-06
3.282476343957618781e-06
2.544857259367816482e-06
1.913012918075551738e-06
1.409304613453343791e-06
1.042559999109293756e-06
8.058958794743276144e-07
6.851663666429530508e-07
6.644935058863765676e-07
7.188146138314976952e-07
8.271103979495819658e-07
0.000000000000000000e+00
