0.000000000000000000e+00
2.116291551668147974e-06
1.647909633528676920e-06
1.988740258584975606e-06
2.446032982938994849e-06
3.030863763409108458e-06
3.723713904446590561e-06
4.510018631553869284e-06
5.393958139476850988e-06
6.342779583001778576e-06
7.341974189722932920e-06
8.391687634556888042e-06
9.458955600893936833e-06
1.053330442990496607e-05
1.160177097592196560e-05
1.264638737075163277e-05
1.362702584950525875e-05
1.456737329019741622e-05
1.543122958969078695e-05
1.621815161123585369e-05
1.688471467542473903e-05
1.740626812607448670e-05
1.783604664795657158e-05
1.815377500835602120e-05
1.832224155429162948e-05
1.836332531823803293e-05
1.826243218427947568e-05
1.802381418636311849e-05
1.764373223134274582e-05
1.716244462612870336e-05
1.654496257019744121e-05
1.582825238066742912e-05
1.500587511127360330e-05
1.411513642435302529e-05
1.315168382864939645e-05
1.213795708632225967e-05
1.107662084520733004e-05
1.000598383360529198e-05
8.925306949403299939e-06
7.868878528660694371e-06
6.847447212021684493e-06
5.866667672216330232e-06
4.953948296138044327e-06
4.119153418025156554e-06
3.362575079379759302e-06
2.722827504464397919e-06
2.205364991514358053e-06
1.806029087170202274e-06
1.319095781826540303e-06
6.602521387955029297e-06
6.513840714483798422e-06
1.323250306106693586e-06
1.804484894063485001e-06
2.203572414427590331e-06
2.724315190660853148e-06
3.369930157259837245e-06
4.107002856246211309e-06
4.945867114969360046e-06
5.863398208849623927e-06
6.837538980342117156e-06
7.864256890144361023e-06
8.927742082609491092e-06
9.995800831608114834e-06
1.107186526150272243e-05
1.213091341589755956e-05
1.314151339515401418e-05
1.410695564740827024e-05
1.500685184585570653e-05
1.584523418229899505e-05
1.656378873571284771e-05
1.716030191845074881e-05
1.763613220384652180e-05
1.801080373786678734e-05
1.825647964159848868e-05
1.835564831897951166e-05
1.833164823383803821e-05
1.816085761718877478e-05
1.784819749428567803e-05
1.741936272836586141e-05
1.686791416866117999e-05
1.620222382703317976e-05
1.542645358909577880e-05
1.457089825573909536e-05
1.363581853264239641e-05
1.264895094765794425e-05
1.160653127507682569e-05
1.054091569552273455e-05
9.463986596514040173e-06
8.390525223389566634e-06
7.349160844660751479e-06
6.347405669293593178e-06
5.399076533518787357e-06
4.523629083430513731e-06
3.726897089495473381e-06
3.023055051842860053e-06
2.448554946909986541e-06
1.989826532988736574e-06
1.647819242500681014e-06
2.118779398596615238e-06
0.000000000000000000e+00
