0.000000000000000000e+00
3.864701351963262255e-05
4.771066047304373114e-05
5.177053472493753361e-05
5.391179657920908141e-05
5.517283136746709005e-05
5.597483957642257479e-05
5.651911088377925552e-05
5.690454543838541213e-05
5.718931923814896123e-05
5.740454235536596173e-05
5.757101657621888080e-05
5.770402025051524220e-05
5.781226776557790714e-05
5.790001669980782140e-05
5.797461248679969259e-05
5.803619479471944231e-05
5.808770366766413673e-05
5.813332083770550440e-05
5.817240518657396109e-05
5.820602817374620486e-05
5.823533764914845534e-05
5.826034802658419665e-05
5.828320979983647732e-05
5.830398474981901558e-05
5.832198091260121231e-05
5.833781945185911866e-05
5.835203370918584653e-05
5.836501592326737153e-05
5.837651031126434020e-05
5.838658016288356123e-05
5.839608324365030967e-05
5.840422441583115187e-05
5.841186728750002999e-05
5.841899790670623815e-05
5.842502300734686571e-05
5.843064502430994622e-05
5.843566490859597451e-05
5.844040125513316752e-05
5.844389153142337534e-05
5.844720942871362013e-05
5.845069487353526938e-05
5.845329775255869720e-05
5.845547650473736923e-05
5.845727439901526878e-05
5.845872866339085761e-05
5.845986770491862217e-05
5.846063644543431082e-05
5.846089708638757543e-05
5.846105186679828591e-05
5.846071758142112884e-05
5.845982592744825013e-05
5.845890751376980887e-05
5.845756558442438688e-05
5.845601086895690912e-05
5.845389650305232720e-05
5.845073195287486811e-05
5.844834807344767569e-05
5.844433107327073884e-05
5.844042401514926155e-05
5.843659390791788866e-05
5.843164646690546249e-05
5.842568184566410139e-05
5.841994915245507514e-05
5.841312933019260356e-05
5.840574944593335260e-05
5.839748001179589920e-05
5.838828964155329260e-05
5.837806676023404862e-05
5.836674103110173206e-05
5.835413013666190807e-05
5.834006135585489972e-05
5.832420523010917179e-05
5.830692567454498487e-05
5.828701373611355763e-05
5.826388676066773797e-05
5.823847629926603986e-05
5.821056062482732329e-05
5.817751443026875080e-05
5.813983846336689965e-05
5.809594831163167328e-05
5.804315848290109159e-05
5.798452265859399546e-05
5.791332483795486041e-05
5.782599008852251643e-05
5.772135712722725742e-05
5.759407792771398249e-05
5.743235777777577766e-05
5.722511686956366361e-05
5.695260244664712701e-05
5.658587610746224072e-05
5.606718142003863647e-05
5.531371796441142408e-05
5.414388375779566331e-05
5.217834492921014089e-05
4.852416629153033512e-05
4.060736856281721430e-05
1.387343351044734163e-05
1.482033975997443243e-03
0.000000000000000000e+00
