0.000000000000000000e+00
7.793961215085687400e-06
6.912595493013817816e-06
8.982319205097510917e-06
1.103600838248119942e-05
1.304839995786011286e-05
1.498447097370014802e-05
1.682474707886960630e-05
1.854468926254515537e-05
2.013367269204646703e-05
2.160414392504694803e-05
2.293757939086926712e-05
2.417904050588948195e-05
2.530417142998508950e-05
2.633023596421146806e-05
2.726062294233777550e-05
2.809765191225110925e-05
2.886947472779954893e-05
2.955173915308861865e-05
3.015781374360315681e-05
3.070428257678781137e-05
3.119676345597621747e-05
3.163960303487201031e-05
3.204444403581696577e-05
3.239569994772928396e-05
3.270154490031540462e-05
3.295005868775291447e-05
3.317396518642823366e-05
3.335123551817531506e-05
3.350910883803681628e-05
3.364377367376381045e-05
3.375817003115066939e-05
3.383093401643222364e-05
3.386429930851697634e-05
3.388201524834322242e-05
3.387772776353159543e-05
3.383803132062102037e-05
3.376833244761456854e-05
3.366830588724667450e-05
3.352781045262709370e-05
3.338001454855632488e-05
3.319041857730020695e-05
3.298115926853029123e-05
3.273622267041531586e-05
3.242164076766584913e-05
3.208960659917270419e-05
3.169246477530140993e-05
3.125139103632434967e-05
3.076656211342676528e-05
3.022600638058481337e-05
2.961995269878947568e-05
2.894846617162993851e-05
2.818984011487835062e-05
2.736232937183835645e-05
2.643490386167179906e-05
2.542743629707633346e-05
2.431196534968815826e-05
2.309415878110065989e-05
2.176518221352896632e-05
2.030999294500013264e-05
1.873041125655117156e-05
1.702980211060189930e-05
1.522238028905942286e-05
1.328998599414710213e-05
1.128136724604100749e-05
9.233444861367345879e-06
7.162451105324763034e-06
8.195011557687870152e-06
1.205404094137274562e-05
9.078856167965554391e-06
3.957188399184019545e-07
1.813808140349593145e-07
6.354034431943489381e-08
1.055963741780630016e-06
3.349809224451050227e-06
6.969826845670823445e-06
1.200012565027996914e-05
1.838022130229433060e-05
2.590018077464062429e-05
3.401474396935721956e-05
4.211011320376378819e-05
4.932962187331746406e-05
5.482309018756126306e-05
5.787193655559796923e-05
5.805879073506048371e-05
5.530874686154874098e-05
5.010145556605394290e-05
4.304674924693330240e-05
3.500712901227664986e-05
2.686237229010401961e-05
1.924004549169744394e-05
1.269293066208376786e-05
7.492736401770727639e-06
3.692472906102750585e-06
1.270114727613957939e-06
1.579735497969636526e-08
2.209351448456686740e-07
3.471588400083547299e-07
4.650243448534041590e-06
0.000000000000000000e+00
