0.000000000000000000e+00
2.646241004100602368e-10
3.776705614910724762e-10
3.730699082993282900e-10
2.924418485150681590e-10
1.720033004914967023e-10
2.630928808144972209e-11
1.489742773586044677e-10
3.214660759809362389e-10
4.913676132645150574e-10
6.566053256662485182e-10
8.072755797172703751e-10
9.497272968062020482e-10
1.084138445683890950e-09
1.192532406157909008e-09
1.307864372357414595e-09
1.403720584214340761e-09
1.486655132332259655e-09
1.564643525853171013e-09
1.637012414512639680e-09
1.678468808385957800e-09
1.730553034207105156e-09
1.785154801758892518e-09
1.820069317481909366e-09
1.852065278917791602e-09
1.885012479441172673e-09
1.910022029427693724e-09
1.912641378609691856e-09
1.934956084248540265e-09
1.946398708874141903e-09
1.959014617192167407e-09
1.972615071288430499e-09
1.973249452724701314e-09
1.970677510065854676e-09
1.976773855716373873e-09
1.980317132499465060e-09
1.981587893773451015e-09
1.976456331931331079e-09
1.960706708103998608e-09
1.945612226883497442e-09
1.936193871898694852e-09
1.927907500309800071e-09
1.901853785568619060e-09
1.894246204336980099e-09
1.851772069016988098e-09
1.826135909155368608e-09
1.788117653944709673e-09
1.741947142086530675e-09
1.699287488499123810e-09
1.635104496244821348e-09
1.571860641647049306e-09
1.495117696315162448e-09
1.422640227843885441e-09
1.323584908341501887e-09
1.214327305376627919e-09
1.094716983729426829e-09
9.732852301880257073e-10
8.231596515528849523e-10
6.766138760383455519e-10
5.119752399806998255e-10
3.418003657884582935e-10
1.657572967772580341e-10
5.982436768192656018e-12
1.494104839849796917e-10
2.679015898010561614e-10
3.517265367847244306e-10
3.620274080518015580e-10
2.625968331670947009e-10
3.574918139293004060e-11
3.913084301032654366e-10
1.080683986742769775e-09
2.079021621526067065e-09
3.501153478246976647e-09
5.397987945521265374e-09
7.844680460777908593e-09
1.089084888938884887e-08
1.452373932231409981e-08
1.868999477405708376e-08
2.326171788524789008e-08
2.796215503586552131e-08
3.244717716732736790e-08
3.636839718268447541e-08
3.928113356810314372e-08
4.093308636488046659e-08
4.099486838882171469e-08
3.954935701155903871e-08
3.681324944881936290e-08
3.300504147762950424e-08
2.849266445004161596e-08
2.383881869683079913e-08
1.921665282456075374e-08
1.498696844404179274e-08
1.129791560305903886e-08
8.167518328328071675e-09
5.646511369583606665e-09
3.694354155925339001e-09
2.227514506181194065e-09
1.157328899381582232e-09
4.533542430351644725e-10
4.440892098500626162e-16
