0.000000000000000000e+00
1.068497257339373618e-08
2.044477076523776304e-08
2.913171182061802256e-08
3.743906462627677456e-08
4.480409654394890140e-08
5.149953008487528905e-08
5.758533883071237369e-08
6.288195819603714654e-08
6.814705966196044074e-08
7.272123003776442829e-08
7.688234393565807068e-08
8.066864698452747007e-08
8.411447272038685696e-08
8.725058009417807625e-08
9.010441193169071994e-08
9.270046308351709285e-08
9.500798192618731264e-08
9.720399440915628020e-08
9.900965136644401809e-08
1.008569797678049440e-07
1.024467893850911082e-07
1.039282825354703732e-07
1.052110248922488722e-07
1.062237974247537409e-07
1.073187857469903861e-07
1.082086963366535315e-07
1.090301603445809064e-07
1.096412101109223158e-07
1.102422158005822439e-07
1.105146534285950111e-07
1.110367882084517532e-07
1.112844432160642327e-07
1.114346889208306379e-07
1.113624796822421104e-07
1.114462294671270115e-07
1.111813895393609641e-07
1.110717048335985169e-07
1.107370395381224171e-07
1.102526712148943489e-07
1.096342425732643733e-07
1.089868043591124547e-07
1.082275723485182084e-07
1.074814577339822108e-07
1.064833632380413064e-07
1.053554997687555783e-07
1.040898830462211322e-07
1.026773824852611483e-07
1.009711578792149567e-07
9.923057742167173956e-08
9.744756213070360218e-08
9.518662313912074069e-08
9.285118507396106224e-08
9.042919224544476720e-08
8.760754033332318613e-08
8.445152621661122794e-08
8.109961091573580916e-08
7.735591733837310358e-08
7.318373562714697300e-08
6.871930557927896643e-08
6.357244064503220216e-08
5.827756710541365237e-08
5.207515452188005156e-08
4.564193478717726293e-08
3.836056883255167804e-08
3.035398710160563951e-08
2.148598332585294202e-08
1.190419662844277582e-08
1.333316235196946309e-09
1.046039499463802258e-08
2.284948819042398327e-08
3.644088775178744299e-08
5.095783861541747228e-08
6.681951714160305755e-08
8.288653263743839261e-08
9.987608662331837195e-08
1.171751519146724263e-07
1.343731927949676219e-07
1.510683295125048176e-07
1.668774149976570698e-07
1.798133891783848526e-07
1.911513739516479404e-07
1.985849733543432194e-07
2.030217802762024348e-07
2.028106307339072600e-07
1.991504875453742329e-07
1.922594375924902010e-07
1.812701951875439477e-07
1.680789831759454955e-07
1.528738815537167284e-07
1.364072711451669306e-07
1.192540948213860474e-07
1.019433301108207957e-07
8.489851854864838288e-08
6.853029699271928621e-08
5.286628612655164261e-08
3.805522530431204586e-08
2.434380619309450822e-08
1.166348750913925869e-08
0.000000000000000000e+00
