0.000000000000000000e+00
1.126818196639511882e-06
2.101364772855163210e-06
3.042145703791021560e-06
3.873446047353290567e-06
4.629462408645146354e-06
5.316708590052954264e-06
5.942063864727842315e-06
6.509814438837580042e-06
7.025986246578241889e-06
7.486556652058773409e-06
7.922398212900638725e-06
8.290169282165749109e-06
8.656176354149280883e-06
8.978106369794680575e-06
9.251356868134053002e-06
9.545487643536354483e-06
9.787634374092135658e-06
9.999795717141601870e-06
1.020701322262951294e-05
1.036910562401960334e-05
1.053235131243113187e-05
1.069743817427859511e-05
1.082920854678093292e-05
1.094656864464305102e-05
1.105052243466353445e-05
1.113451848466784355e-05
1.122101554218435382e-05
1.126402470785770049e-05
1.134535824298676943e-05
1.139130863092585599e-05
1.141971578122458197e-05
1.143497849931396360e-05
1.146769063298247460e-05
1.146607576496538883e-05
1.145159439497334120e-05
1.143021302962843322e-05
1.143045327323122251e-05
1.138895235752723778e-05
1.135143184594067378e-05
1.127862220584585629e-05
1.121219585620281123e-05
1.115193004563863610e-05
1.105482367913523944e-05
1.094189574057935488e-05
1.083662588463596421e-05
1.071401717134268239e-05
1.056158596468570465e-05
1.040046697020624578e-05
1.021100658438189868e-05
1.002479650902277086e-05
9.796062885425449451e-06
9.575791469984551441e-06
9.312446832554499565e-06
9.022928425750365022e-06
8.704756765176568933e-06
8.334440316337676791e-06
7.949863735534634657e-06
7.527215516667240536e-06
7.084711548643873869e-06
6.565162308458383222e-06
6.003629146267286387e-06
5.394876883113575161e-06
4.705235265967111502e-06
3.968039878565754464e-06
3.135207263693651214e-06
2.243022815262563086e-06
1.240232027743815024e-06
1.666370786912452218e-07
1.018690426790591630e-06
2.343755179046169701e-06
3.713570496555185230e-06
5.260729280309739408e-06
6.812096331798578319e-06
8.525304050488458074e-06
1.026763984834921928e-05
1.197436444544397460e-05
1.375903255929067370e-05
1.552557036987867178e-05
1.704530189838848742e-05
1.842884219649398858e-05
1.955428580968643359e-05
2.034604758638369759e-05
2.081452311752940432e-05
2.079346248717861556e-05
2.046224374430138937e-05
1.966805689113115818e-05
1.857854988207563451e-05
1.724663637636680846e-05
1.563707056684293661e-05
1.404218599576623205e-05
1.218779588629814725e-05
1.045165133128911350e-05
8.701727814086623880e-06
7.038973773965118141e-06
5.400790042409120417e-06
3.888231848936385404e-06
2.494813826414699065e-06
1.167911168331592364e-06
2.973418689045104202e-08
