0.000000000000000000e+00
1.482539373140467909e-05
1.903297676808524130e-05
2.245963086311419943e-05
2.308213626089905546e-05
2.404354628604554733e-05
2.643591024609204254e-05
2.917402591617879182e-05
3.268258888466935019e-05
3.644348099796079765e-05
4.041011288358209441e-05
4.455360190436241652e-05
4.878769917626701869e-05
5.304526478311366589e-05
5.727346188910686919e-05
6.137493069058308492e-05
6.528356509061250534e-05
6.895445001076083713e-05
7.233297084019429946e-05
7.536527751139665554e-05
7.796893352673972544e-05
8.012100997023541282e-05
8.178450197693365453e-05
8.295820168835454922e-05
8.364860042264776752e-05
8.376412161581470173e-05
8.331047074883191073e-05
8.234509506577225579e-05
8.086192403478076329e-05
7.887522370852995124e-05
7.641697989080320497e-05
7.358091494669150023e-05
7.031583845329425486e-05
6.672901543247622413e-05
6.289065873821275687e-05
5.881819173059188444e-05
5.460365619580631602e-05
5.031810878175502211e-05
4.602553346144677704e-05
4.178027558066066405e-05
3.767525816089634105e-05
3.377488086930835465e-05
3.010878074238831914e-05
2.674261922430698490e-05
2.684526532337194737e-05
2.967887509641720101e-05
3.028175267449917385e-05
3.910788608540993749e-05
4.485746507021382001e-05
4.280749327464916654e-05
4.320381634884129518e-05
4.448359239034305190e-05
4.072087238965460543e-05
3.398034699786389723e-05
3.036975117953755188e-05
2.682762129280202856e-05
2.673364398064759229e-05
3.009730436154267608e-05
3.378250941155069853e-05
3.767309553404096789e-05
4.176931278720985574e-05
4.600406162857950676e-05
5.029389689326091428e-05
5.458211458064798904e-05
5.880459390883441273e-05
6.286926850718188575e-05
6.670311080092528044e-05
7.028643300166503849e-05
7.354951385918351292e-05
7.643338236784646966e-05
7.885019190534414690e-05
8.082000786591159169e-05
8.230708577883216748e-05
8.328339038610188538e-05
8.376156780154353498e-05
8.363264570421247157e-05
8.296481792913201758e-05
8.178699348115880952e-05
8.011698224208441133e-05
7.793583734028164400e-05
7.535393115232214001e-05
7.234009700096688533e-05
6.896243230780640943e-05
6.527747242979220488e-05
6.137523283389345607e-05
5.726208206147109792e-05
5.304779983938967547e-05
4.878992614254507032e-05
4.454753500005015354e-05
4.040153946183178135e-05
3.642396457026464418e-05
3.267010092156130696e-05
2.917838677529704938e-05
2.616789765796934120e-05
2.453955515502315166e-05
2.341532853333827546e-05
2.190495463660901976e-05
2.016882749378279271e-05
1.389600655396505680e-05
0.000000000000000000e+00
