0.000000000000000000e+00
5.416120441026350818e-09
1.021997841910149418e-08
1.476945210576730005e-08
1.894422574366672052e-08
2.271107202300726158e-08
2.610502958244609317e-08
2.918998243117698621e-08
3.196391096249584507e-08
3.451413921329304912e-08
3.686256389023867541e-08
3.894327171849454317e-08
4.081311666404019434e-08
4.263801323123317388e-08
4.422777089008178564e-08
4.567444855663183034e-08
4.689152977022104096e-08
4.818682208806990275e-08
4.920339014002905742e-08
5.025891591792230884e-08
5.108290968003359467e-08
5.186391915934507324e-08
5.268214375853119691e-08
5.326631824509320268e-08
5.388729396038627328e-08
5.442597661442505341e-08
5.478761555544053863e-08
5.526844704117905849e-08
5.553911086586538204e-08
5.585833873222867396e-08
5.604654451651924774e-08
5.628567423254793312e-08
5.641121569865958918e-08
5.646298872896693410e-08
5.651466528089343910e-08
5.649323320255916769e-08
5.639854905314933831e-08
5.630337351902880982e-08
5.613372111579195689e-08
5.584930373725427444e-08
5.563943983322161557e-08
5.531156033189432719e-08
5.490229504356847201e-08
5.439351191682817444e-08
5.388692780883275191e-08
5.331448860168563897e-08
5.269742742175509420e-08
5.204802577818412601e-08
5.125225910340702740e-08
5.034492234212706308e-08
4.930087271759475698e-08
4.829650113169492442e-08
4.711351520025885975e-08
4.581211521248462759e-08
4.440872303224097095e-08
4.280914622789566693e-08
4.100367567705376359e-08
3.921196589651287923e-08
3.701555173485360228e-08
3.472028009543492999e-08
3.222678568448600345e-08
2.954087796602777871e-08
2.636731410987636082e-08
2.310330560195694716e-08
1.934588089724798010e-08
1.528339377276921596e-08
1.092708767913563861e-08
5.997509822108781918e-09
5.586643370136812337e-10
5.175498252185661840e-09
1.166948260244993207e-08
1.842789909556330485e-08
2.582963576358565660e-08
3.375937129845851814e-08
4.206167925069337343e-08
5.079190512624620624e-08
5.944554881676111791e-08
6.810994113148893803e-08
7.657037115471609923e-08
8.429581066504709952e-08
9.132581713089393816e-08
9.664489331040471143e-08
1.005678778032148557e-07
1.029353342563155138e-07
1.027738578684989079e-07
1.011351841162522192e-07
9.720585136818726824e-08
9.185745752926521845e-08
8.517228988758063224e-08
7.748707364640949891e-08
6.914092987031494886e-08
6.044672706817522112e-08
5.167258265714735899e-08
4.303317435727649354e-08
3.468906606407529125e-08
2.689530098631820465e-08
1.928959736385849055e-08
1.233954527446456950e-08
5.912088152371097749e-09
3.330669073875469621e-16
