0.000000000000000000e+00
3.891357402662221077e-04
4.370583341497535912e-04
4.480440711993605163e-04
4.514818544619769725e-04
4.527585516500565177e-04
4.532747392218539062e-04
4.534860908560478521e-04
4.535663958296076714e-04
4.535866859299853004e-04
4.535780129135691396e-04
4.535567229255743626e-04
4.535298541733512323e-04
4.535001366545721169e-04
4.534719787276930703e-04
4.534454987314973096e-04
4.534207905633191871e-04
4.533988579282777209e-04
4.533790502816437140e-04
4.533597723904714272e-04
4.533426311011945486e-04
4.533262702446361203e-04
4.533114333651333538e-04
4.532979615347043634e-04
4.532857708465787283e-04
4.532751205401641670e-04
4.532639868747301293e-04
4.532560367078719565e-04
4.532473551440707737e-04
4.532400829934113418e-04
4.532333764787344066e-04
4.532270707886532080e-04
4.532209553402832825e-04
4.532168656506962989e-04
4.532110232624564361e-04
4.532071831042649990e-04
4.532039230952245035e-04
4.531992729928102648e-04
4.531960984432981121e-04
4.531933080589300999e-04
4.531912264190696149e-04
4.531894577115558320e-04
4.531870728208264865e-04
4.531863414966030845e-04
4.531841676413961295e-04
4.531832444949479566e-04
4.531826111975334470e-04
4.531829772553841451e-04
4.531827334707250188e-04
4.531822799185292183e-04
4.531821702891125625e-04
4.531824930809058571e-04
4.531830718035312344e-04
4.531850232578626958e-04
4.531851576020651251e-04
4.531875540393359714e-04
4.531892454597841180e-04
4.531912497149903629e-04
4.531929233790865652e-04
4.531956529745251316e-04
4.531995295562474269e-04
4.532030166202183352e-04
4.532067978492149152e-04
4.532110288764101824e-04
4.532161493255859597e-04
4.532209206887793940e-04
4.532268626933344535e-04
4.532323715347175153e-04
4.532386601368010304e-04
4.532469053633025879e-04
4.532537413904913493e-04
4.532630662106296171e-04
4.532735601283643945e-04
4.532839143075451105e-04
4.532954954945545012e-04
4.533088561320397503e-04
4.533234045609457752e-04
4.533391748917647845e-04
4.533571421219129149e-04
4.533762387148865258e-04
4.533958535325455230e-04
4.534176834358749630e-04
4.534413920620483651e-04
4.534690879682834463e-04
4.534972063447995083e-04
4.535257439024498183e-04
4.535530192271153282e-04
4.535755308849864775e-04
4.535867551541672427e-04
4.535738413018464144e-04
4.535057469557957077e-04
4.533204698561332791e-04
4.528711245230798710e-04
4.517587894317109942e-04
4.488295543050302427e-04
4.397315379650601486e-04
4.023204557280779525e-04
2.908596812353225758e-04
1.696836748046659515e-03
2.428612866367529932e-16
