0.000000000000000000e+00
2.923704880297695041e-05
3.283735941872478747e-05
3.366235184587562657e-05
3.392048567441019458e-05
3.401634594346614193e-05
3.405510428866609374e-05
3.407097477214904302e-05
3.407700592783502458e-05
3.407853088432943878e-05
3.407788107412379475e-05
3.407628378715443773e-05
3.407426741575125817e-05
3.407203719574258827e-05
3.406992386090212932e-05
3.406793640114980093e-05
3.406608189526760810e-05
3.406443571096762213e-05
3.406294889229943834e-05
3.406150200258029059e-05
3.406021529406277892e-05
3.405898731845269367e-05
3.405787365740042816e-05
3.405686245194772255e-05
3.405594741201500852e-05
3.405514791943176078e-05
3.405431237402112288e-05
3.405371546250091086e-05
3.405306387960216341e-05
3.405251802357511792e-05
3.405201462280960101e-05
3.405154130642351618e-05
3.405108236420595347e-05
3.405077521823063336e-05
3.405033684533709248e-05
3.405004850032256059e-05
3.404980372689880852e-05
3.404945484508647979e-05
3.404921655592030305e-05
3.404900710457514634e-05
3.404885075986019416e-05
3.404871801682141097e-05
3.404853898070214768e-05
3.404848401211690856e-05
3.404832091169485153e-05
3.404825161557045732e-05
3.404820408092756878e-05
3.404823148633884244e-05
3.404821318231388005e-05
3.404817921170977257e-05
3.404817099983414863e-05
3.404819523200597331e-05
3.404823866925976716e-05
3.404838506160245970e-05
3.404839523379887822e-05
3.404857509992087472e-05
3.404870206380472553e-05
3.404885250668510110e-05
3.404897822123498230e-05
3.404918311289417687e-05
3.404947400498237187e-05
3.404973575305003664e-05
3.405001957734743456e-05
3.405033716974426028e-05
3.405072144124776656e-05
3.405107966336640146e-05
3.405152560476132351e-05
3.405193919392424107e-05
3.405241129972313985e-05
3.405303003600756995e-05
3.405354332008947438e-05
3.405424316105243321e-05
3.405503077569260739e-05
3.405580804227703595e-05
3.405667742006901477e-05
3.405768027742173132e-05
3.405877228290776770e-05
3.405995600413991298e-05
3.406130452765498973e-05
3.406273782291524554e-05
3.406421015006433350e-05
3.406584864040773653e-05
3.406762820779007939e-05
3.406970684061150223e-05
3.407181719983221058e-05
3.407395884447161905e-05
3.407600564531154674e-05
3.407769474661481723e-05
3.407853591741449861e-05
3.407756461837330164e-05
3.407245005104808655e-05
3.405853667470815083e-05
3.402479573899608312e-05
3.394127337841279513e-05
3.372130749867974231e-05
3.303806266408138015e-05
3.022747685432758402e-05
1.723845908202514821e-05
1.222991991328692407e-04
0.000000000000000000e+00
