0.000000000000000000e+00
1.843983188365427850e-08
2.587672331966217598e-08
3.355897193468848627e-08
4.116681884269723923e-08
4.865894742689391705e-08
5.580844364416748249e-08
6.263912333270837962e-08
6.894527559975216491e-08
7.484052355621884089e-08
8.032150822234740417e-08
8.529226436237991038e-08
8.985542232498033854e-08
9.405018019936761675e-08
9.782453169737692633e-08
1.012875853190209341e-07
1.043857501548117739e-07
1.072333680740555906e-07
1.097449399134475811e-07
1.120137440580037946e-07
1.140255576626003631e-07
1.158774055598499331e-07
1.175216078896923477e-07
1.189585864258546621e-07
1.202315825787891868e-07
1.213399086763544688e-07
1.223510495140800458e-07
1.232097496250972313e-07
1.238968689865060924e-07
1.244626967045192600e-07
1.249656146340427654e-07
1.253391961331118409e-07
1.256066022303770069e-07
1.257495140238873432e-07
1.258368677037324801e-07
1.257668876819550974e-07
1.256155802709102431e-07
1.253907246923091634e-07
1.250426719945352261e-07
1.245207654765323468e-07
1.239581941536727072e-07
1.232849305976557730e-07
1.224644093911209097e-07
1.214826731432694373e-07
1.204001579546698508e-07
1.191271502554158701e-07
1.176831257998500746e-07
1.160816408551923473e-07
1.142666049558371810e-07
1.122821822185926521e-07
1.100366878725722586e-07
1.075360198665720191e-07
1.047617953497947951e-07
1.016828805600056285e-07
9.826298064119498576e-08
9.452437166324045847e-08
9.037961368196789635e-08
8.582955957070481645e-08
8.088347647206006741e-08
7.555667114189645872e-08
6.970993693400373559e-08
6.343100689143454929e-08
5.669175950906435446e-08
4.952377208322644719e-08
4.208496706681330579e-08
3.448066510092218095e-08
2.681058142162129343e-08
1.931638349272901678e-08
3.684046767649107323e-08
6.422627429891747397e-09
1.951422690105175661e-09
4.237755701907985895e-10
1.969147067626408898e-11
4.153652422012044099e-09
1.266427152035731751e-08
2.617190097975452545e-08
4.475539583381760167e-08
6.849971789790743060e-08
9.630618880152042038e-08
1.263610002188997328e-07
1.562788671805037666e-07
1.829598931246678717e-07
2.031628296705889625e-07
2.144974656781428735e-07
2.151285559692794891e-07
2.050444585233179851e-07
1.858744648197685478e-07
1.597289297494697280e-07
1.300304252049855336e-07
9.983113247180597227e-08
7.161338799743788286e-08
4.733225444919497704e-08
2.811740362762549239e-08
1.401583116233950932e-08
4.950874932241333681e-09
2.939706256199769996e-10
5.492049037769675124e-10
1.540419014567362410e-09
5.773044930990067769e-09
0.000000000000000000e+00
