0.000000000000000000e+00
3.860033070957058499e-09
1.556708184580202214e-08
3.481348709311049561e-08
6.145502218224407898e-08
9.464354522314977203e-08
1.343535847020405072e-07
1.797875708309248921e-07
2.301429579132374670e-07
2.849287186190707644e-07
3.432708112205418161e-07
4.034404703645577683e-07
4.648201231693960267e-07
5.266018996419319365e-07
5.890042971135045491e-07
6.483621239894432620e-07
7.056327530063910558e-07
7.589166378663136925e-07
8.076993274208632556e-07
8.509370830189766366e-07
8.893789327224510544e-07
9.218630016016859940e-07
9.493398905879857352e-07
9.664455570268515316e-07
9.739054483981490762e-07
9.753615818341998533e-07
9.707333405994944542e-07
9.598007550959408718e-07
9.365478127465465263e-07
9.067095958492643604e-07
8.703138432153423310e-07
8.301355725048864542e-07
7.839985842750252232e-07
7.334281731941061366e-07
6.777688648096358293e-07
6.191327066584761951e-07
5.576125735595738320e-07
4.959224264577954955e-07
4.342770465459722118e-07
3.729217259440531507e-07
3.137946467113295057e-07
2.573182954490604857e-07
2.046763332153034298e-07
1.565447521612028936e-07
1.139028271701647554e-07
7.756892017596328515e-08
4.751222093535290014e-08
2.446660696264757462e-08
8.889315727955704460e-09
1.109179192937403968e-09
1.115391112804786644e-09
8.766920855940441015e-09
2.388397946084808154e-08
4.706815115440576847e-08
7.729764506247960298e-08
1.140333651949987370e-07
1.562987859138331714e-07
2.042536750845869165e-07
2.575677792160391277e-07
3.144100647611836052e-07
3.733714145637279103e-07
4.342696899861664406e-07
4.956643318010378607e-07
5.572634595996106555e-07
6.185686746151830562e-07
6.781491928009586445e-07
7.334538674186319440e-07
7.840821074633907983e-07
8.315296884386924603e-07
8.737795068602949300e-07
9.085648944306967678e-07
9.360492371213169349e-07
9.581842238537419121e-07
9.725268734772640755e-07
9.774737160794799706e-07
9.755049961146511350e-07
9.664096676242905914e-07
9.478896182413265592e-07
9.233213213999391655e-07
8.919536989004939187e-07
8.533472664051799939e-07
8.085810438984708526e-07
7.597919884361203913e-07
7.061009406061913296e-07
6.485148689172604008e-07
5.881569346000148357e-07
5.265797602405086764e-07
4.647772386956461332e-07
4.033106297818278563e-07
3.431776414153375754e-07
2.858481694678616236e-07
2.302319019875653794e-07
1.794060704440880727e-07
1.342090543143825698e-07
9.461435335200718555e-08
6.100276550569105893e-08
3.423374017597069496e-08
1.509829783419291971e-08
3.883305788043855955e-09
0.000000000000000000e+00
