0.000000000000000000e+00
5.336326977256611315e-05
6.044349758260736394e-05
6.191967306046208819e-05
6.232009471907051790e-05
6.243405415506941836e-05
6.245957791339851184e-05
6.245446218988703890e-05
6.243966263008715600e-05
6.242277691614894763e-05
6.240581686944857154e-05
6.239019550358104738e-05
6.237606697301334435e-05
6.236382496838110967e-05
6.235293000778074912e-05
6.234330307475222099e-05
6.233501195285207075e-05
6.232768730995985607e-05
6.232116996307546231e-05
6.231525379407631959e-05
6.231022550196030352e-05
6.230555968511630738e-05
6.230121044159542265e-05
6.229748396224810136e-05
6.229410643521227087e-05
6.229090110598800578e-05
6.228827075405174440e-05
6.228579173372938982e-05
6.228348226999802506e-05
6.228151834208883741e-05
6.227963535532232697e-05
6.227788360479991070e-05
6.227625942967218720e-05
6.227497079480670550e-05
6.227355155419278532e-05
6.227239462519573721e-05
6.227155465066136486e-05
6.227049941076590045e-05
6.226965869415845845e-05
6.226881845150522565e-05
6.226852094037838015e-05
6.226783165308447110e-05
6.226736125958254320e-05
6.226695232025569737e-05
6.226662245323311140e-05
6.226628303374059925e-05
6.226627633088011038e-05
6.226584202972951232e-05
6.226607407022743956e-05
6.226595336611406850e-05
6.226594806646446045e-05
6.226593842817429447e-05
6.226631759564948965e-05
6.226636393114048929e-05
6.226708640677536266e-05
6.226721609892127418e-05
6.226789761076823027e-05
6.226841921297410209e-05
6.226872683667838970e-05
6.226960037025719430e-05
6.227042295092743984e-05
6.227135369096803430e-05
6.227238207390239921e-05
6.227350162824052404e-05
6.227484077503397941e-05
6.227611477849226418e-05
6.227760145749439147e-05
6.227924181689825645e-05
6.228118391959913680e-05
6.228308487565836771e-05
6.228560081589229469e-05
6.228801350049995023e-05
6.229072991681405824e-05
6.229370348498353138e-05
6.229701852211722013e-05
6.230044330646222761e-05
6.230494786840790056e-05
6.230921030969671648e-05
6.231470500406288693e-05
6.232037263353973344e-05
6.232645111559076412e-05
6.233393339527548704e-05
6.234217776113215592e-05
6.235130311671444048e-05
6.236221413102871480e-05
6.237431386224567831e-05
6.238801355940015725e-05
6.240359566189734863e-05
6.242017710456071455e-05
6.243728089594391406e-05
6.245290751394350082e-05
6.245989333353296757e-05
6.244208092531788878e-05
6.234823456618965309e-05
6.201654287663060927e-05
6.081632080656707018e-05
5.536959759122606073e-05
1.671660976521049946e-05
3.650333498030899904e-04
1.110223024625156540e-16
