0.000000000000000000e+00
9.952132689505788221e-06
1.127302939940566517e-05
1.154844302286850422e-05
1.162315169978000995e-05
1.164441322021314562e-05
1.164917456875080859e-05
1.164821929833248504e-05
1.164545732090793706e-05
1.164230621530926157e-05
1.163914131308008137e-05
1.163622625577342973e-05
1.163358979161532858e-05
1.163130537007450727e-05
1.162927233044896980e-05
1.162747590821577859e-05
1.162592874093260065e-05
1.162456193648520042e-05
1.162334578008739072e-05
1.162224179862558771e-05
1.162130350051970851e-05
1.162043284375080532e-05
1.161962126505766690e-05
1.161892589518487284e-05
1.161829563567362555e-05
1.161769752111574405e-05
1.161720667830490328e-05
1.161674409422275289e-05
1.161631313950639566e-05
1.161594665810561366e-05
1.161559528661815222e-05
1.161526840853799314e-05
1.161496534074490938e-05
1.161472486976844465e-05
1.161446004183108727e-05
1.161424415596634674e-05
1.161408740790736971e-05
1.161389050141625745e-05
1.161373361857620523e-05
1.161357683465702451e-05
1.161352130774062630e-05
1.161339268662686663e-05
1.161330490739853616e-05
1.161322859866142920e-05
1.161316704823001089e-05
1.161310371344814740e-05
1.161310245512137129e-05
1.161302142482778521e-05
1.161306471220147074e-05
1.161304219265968385e-05
1.161304120966821785e-05
1.161303941377145321e-05
1.161311015729360463e-05
1.161311881192617079e-05
1.161325361598297690e-05
1.161327782694954180e-05
1.161340498578855573e-05
1.161350232059543686e-05
1.161355973577915535e-05
1.161372272961980201e-05
1.161387622938825359e-05
1.161404990812631155e-05
1.161424180684544893e-05
1.161445071817812646e-05
1.161470060428992923e-05
1.161493834034299510e-05
1.161521576331647765e-05
1.161552186101921791e-05
1.161588425391268942e-05
1.161623898782160325e-05
1.161670845817308617e-05
1.161715867425971993e-05
1.161766556745380541e-05
1.161822044115634611e-05
1.161883903766369741e-05
1.161947812178265593e-05
1.162031867163459964e-05
1.162111406294297211e-05
1.162213938421530202e-05
1.162319698533309520e-05
1.162433126100648195e-05
1.162572747104295701e-05
1.162726590309137720e-05
1.162896873996288605e-05
1.163100477008516265e-05
1.163326263609043565e-05
1.163581907270838656e-05
1.163872678977551089e-05
1.164182102886268666e-05
1.164501279871110739e-05
1.164792904462252920e-05
1.164923321161914771e-05
1.164591050417662643e-05
1.162840158630551457e-05
1.156651536304842409e-05
1.134258356028094994e-05
1.032639714737548786e-05
3.116536959724136580e-06
6.818323285118221833e-05
3.330669073875469621e-16
