0.000000000000000000e+00
4.008876348438050741e-06
4.540468073965797657e-06
4.651292065060985692e-06
4.681353395263876394e-06
4.689909115063173317e-06
4.691825664759896597e-06
4.691441972681786865e-06
4.690331234180611375e-06
4.689063824336869857e-06
4.687790793655999266e-06
4.686618233051831339e-06
4.685557715600197071e-06
4.684638800878104803e-06
4.683820999273891061e-06
4.683098375535266200e-06
4.682476011930170046e-06
4.681926198957242491e-06
4.681436990616738569e-06
4.680992900185643180e-06
4.680615452778980057e-06
4.680265219936252663e-06
4.679938753415768815e-06
4.679659033390848322e-06
4.679405502638900316e-06
4.679164903431676237e-06
4.678967451599014282e-06
4.678781368783191397e-06
4.678608013120033604e-06
4.678460587603794352e-06
4.678319242112927157e-06
4.678187751516738047e-06
4.678065843810585989e-06
4.677969104083246066e-06
4.677862580515501634e-06
4.677775734873712565e-06
4.677712677869649838e-06
4.677633467897734931e-06
4.677570362376926028e-06
4.677507291273030887e-06
4.677484949477950238e-06
4.677433212085801983e-06
4.677397902108637595e-06
4.677367206995519666e-06
4.677342446357535266e-06
4.677316973178413662e-06
4.677316462919911544e-06
4.677283867771109271e-06
4.677301277844492233e-06
4.677292222865503390e-06
4.677291825183615970e-06
4.677291105537051408e-06
4.677319562329529390e-06
4.677323046431425269e-06
4.677377268724747239e-06
4.677387009044409183e-06
4.677438160127778133e-06
4.677477313475009169e-06
4.677500416216950896e-06
4.677565977662112573e-06
4.677627723159716311e-06
4.677697590049767484e-06
4.677774782746446647e-06
4.677858823187719395e-06
4.677959342114235142e-06
4.678054974505130303e-06
4.678166577676279303e-06
4.678289711179672850e-06
4.678435485239162972e-06
4.678578187533588562e-06
4.678767033361452832e-06
4.678948141156880070e-06
4.679152047160073380e-06
4.679375251503969935e-06
4.679624092007728109e-06
4.679881172475752749e-06
4.680219291675058457e-06
4.680539253065774119e-06
4.680951696367507964e-06
4.681377129167607620e-06
4.681833407627067345e-06
4.682395050137344583e-06
4.683013894446474978e-06
4.683698873186870060e-06
4.684517877384664075e-06
4.685426111983304054e-06
4.686454436186870964e-06
4.687624044596994111e-06
4.688868645574828520e-06
4.690152412001324933e-06
4.691325220851361166e-06
4.691849286309057732e-06
4.690511480887060713e-06
4.683465501198469383e-06
4.658562700377011367e-06
4.568451471009815634e-06
4.159468344200334400e-06
1.255195594351832256e-06
2.717895927795144217e-05
0.000000000000000000e+00
