0.000000000000000000e+00
1.994425384915787802e-05
1.643169993026383224e-05
1.850684227255872116e-05
2.014930357752131584e-05
2.225860406268598268e-05
2.478785754511658723e-05
2.767735516429059572e-05
3.085800758617640582e-05
3.429400599808118955e-05
3.793828040510316413e-05
4.172267303204080235e-05
4.561023474780601106e-05
4.950921257151907895e-05
5.338904774110364571e-05
5.717537517024862126e-05
6.075298647123528184e-05
6.415358094091772045e-05
6.726885598917764497e-05
7.006874523474149186e-05
7.249202966652656954e-05
7.449333400100233149e-05
7.606807777371660251e-05
7.716782698719004685e-05
7.782597776706534631e-05
7.792440985310289392e-05
7.757127034835331614e-05
7.666712095022454321e-05
7.534208298820566085e-05
7.353994218450843334e-05
7.130671636346175291e-05
6.871750347492433519e-05
6.573327956760355306e-05
6.248313192247501036e-05
5.896126872295681665e-05
5.528461648895977021e-05
5.143959128450781293e-05
4.754019591390878929e-05
4.364729417793977717e-05
3.979144376820009654e-05
3.608462189697014821e-05
3.254927317841715961e-05
2.921816879497551867e-05
2.617654973569027987e-05
2.348504955862473764e-05
2.115546968350923152e-05
1.925562808346992227e-05
1.782906549097074134e-05
2.503073861781501819e-05
4.811538207058485561e-05
4.808205564701961698e-05
2.504801522040800421e-05
1.782173634190531430e-05
1.925656464341063412e-05
2.113628605171502528e-05
2.345443771323285631e-05
2.618420322986203530e-05
2.921901898178536072e-05
3.253388486301744820e-05
3.608369315211135131e-05
3.980907423428714509e-05
4.364244597754307620e-05
4.754660939632060490e-05
5.144050444283454482e-05
5.529846241625335779e-05
5.897714259550657090e-05
6.247409978954454601e-05
6.573121910147250446e-05
6.870386420310126141e-05
7.129940945049817458e-05
7.353628869988249050e-05
7.531839358465575174e-05
7.667981746928287379e-05
7.754839148532699511e-05
7.792336511280861799e-05
7.779785160255681120e-05
7.717159242315307921e-05
7.606314533681324264e-05
7.449074217735773829e-05
7.247830777756814058e-05
7.005936413595481582e-05
6.725929000950259251e-05
6.415279679461427520e-05
6.073842754517055909e-05
5.715606828793351468e-05
5.336972725167310472e-05
4.949746715043890077e-05
4.559591272668139794e-05
4.171333942393218308e-05
3.791871724911910491e-05
3.430380928348686354e-05
3.085746958719770561e-05
2.766073608551078422e-05
2.479635997387763524e-05
2.227901706530754922e-05
2.016109518654385369e-05
1.850644549283853024e-05
1.643863935096856466e-05
2.000764809645394493e-05
0.000000000000000000e+00
