0.000000000000000000e+00
1.347566391807220043e-09
5.829713600746799784e-09
1.352314971114765285e-08
2.433176249372337452e-08
3.772162016080216063e-08
5.330446872786609447e-08
7.121220868544497762e-08
9.150146695890981619e-08
1.134209859365853390e-07
1.363860763214930216e-07
1.602161524560941075e-07
1.847343858996097765e-07
2.092092823424707149e-07
2.336861024687664212e-07
2.573469322086907596e-07
2.802581100525003421e-07
3.013851147537494057e-07
3.215053681060453528e-07
3.390040650419479107e-07
3.537527623054259607e-07
3.663425167665934623e-07
3.765075067274636922e-07
3.837971178644039583e-07
3.874907998913101892e-07
3.882497390250705394e-07
3.863401890624729162e-07
3.804895920556106148e-07
3.719228494070137003e-07
3.610708905199544461e-07
3.472730699671799925e-07
3.303895297346315374e-07
3.115215084781297605e-07
2.909903716874495672e-07
2.695858456469579778e-07
2.462877074504987718e-07
2.216871058946523476e-07
1.970860109556937800e-07
1.725578523403825670e-07
1.481482410081724765e-07
1.247051377717411924e-07
1.023281942513776244e-07
8.154917441327569350e-08
6.242187977623103734e-08
4.534754605156621210e-08
3.089098155051317462e-08
1.886080702728776259e-08
9.816002566331860635e-09
3.753959254559902092e-09
5.393437918499444095e-10
3.152684779905712276e-10
3.267319081956543414e-09
9.315578530788570788e-09
1.863064580387430169e-08
3.080313404346668449e-08
4.527827790479221903e-08
6.200358060315380726e-08
8.116044014627732395e-08
1.022984960075135064e-07
1.248670010722818802e-07
1.482311949851933264e-07
1.724733030838976333e-07
1.969882860164418048e-07
2.213459665556527511e-07
2.455900496300955638e-07
2.690215264999906708e-07
2.910499915520503578e-07
3.115306185241806247e-07
3.307744302905035738e-07
3.466792558581843764e-07
3.603239098204369384e-07
3.715847919361081608e-07
3.807182581416768130e-07
3.859744871492765128e-07
3.882380785746875063e-07
3.874215230847966041e-07
3.837644889648217372e-07
3.764790635907289129e-07
3.668405094137128231e-07
3.546193032555322588e-07
3.389112941398764178e-07
3.211352087584273818e-07
3.013408018670560296e-07
2.803000886952844439e-07
2.580127974605161967e-07
2.341392865146119107e-07
2.093028063088198110e-07
1.847610260341525645e-07
1.602131028954900671e-07
1.363415413901947204e-07
1.134042776351762427e-07
9.171037096411538414e-08
7.170536109324388008e-08
5.353548349074088719e-08
3.769767076278185414e-08
2.443396895923655165e-08
1.384771841639320655e-08
6.367927629646885634e-09
1.763283075106869546e-09
0.000000000000000000e+00
