0.000000000000000000e+00
4.866895775279544978e-11
7.417821912270028406e-11
8.973910503584647813e-11
1.010382888466665463e-10
1.105046054661329435e-10
1.189278675539640062e-10
1.266470261995777946e-10
1.341503574892044526e-10
1.412571171144350046e-10
1.478208666583213926e-10
1.542223015960075827e-10
1.601311305776675908e-10
1.656492720769620064e-10
1.706793595346312031e-10
1.753733824827463650e-10
1.798015070164638018e-10
1.838912355722754910e-10
1.875970490061718010e-10
1.911159008827212347e-10
1.943772920398600945e-10
1.972688679074963147e-10
1.999326260104794528e-10
2.023207157364481645e-10
2.048402558685324948e-10
2.068751836503679442e-10
2.086818495783404614e-10
2.106833596471346937e-10
2.122946263227731833e-10
2.136312238221194093e-10
2.152029665580812434e-10
2.164149970340645268e-10
2.175218893896158079e-10
2.184429304108448378e-10
2.192452885907414384e-10
2.200093440762884711e-10
2.205766680418719261e-10
2.211443250743627686e-10
2.216880012895217078e-10
2.220801320618193131e-10
2.223183859229038717e-10
2.225345463457983897e-10
2.225915007869616602e-10
2.225818418466474213e-10
2.224225248426137114e-10
2.223330408668289238e-10
2.219081585153048763e-10
2.215209127243156217e-10
2.210948091274644867e-10
2.205777782648965513e-10
2.198958792831717801e-10
2.192365178288468996e-10
2.183652147991210768e-10
2.173362600998984817e-10
2.163189627424344508e-10
2.148875521967852364e-10
2.134709076173635367e-10
2.122008124771923576e-10
2.105192686840950955e-10
2.084828976123276334e-10
2.065411175422582346e-10
2.045227320834897000e-10
2.022501055520820046e-10
1.997698673150694049e-10
1.970111851434808159e-10
1.940870797412230786e-10
1.909260527455103329e-10
1.872023647209175579e-10
1.832679563662509281e-10
1.792529458199965120e-10
1.749562716923946937e-10
1.700809493243582438e-10
1.652429304499491991e-10
1.595472642890172210e-10
1.534251614643267203e-10
1.471781585493658895e-10
1.406005312176716870e-10
1.335542787472832060e-10
1.259456983149220832e-10
1.180086028895743766e-10
1.093990453782112127e-10
9.999356898049427400e-11
8.822598207558485228e-11
7.191836015607577792e-11
4.457623159481727271e-11
6.706746269458108145e-12
1.113606984404214018e-10
3.300958395513475807e-10
7.687116498900081751e-10
1.571839880476488815e-09
2.791377684552287519e-09
4.072540638055954787e-09
4.615549387132489301e-09
3.969497064382210283e-09
2.661279863147569813e-09
1.475892852376148312e-09
7.132717749769312832e-10
3.020360628269713743e-10
9.828071689810258249e-11
1.443289932012703503e-15
