0.000000000000000000e+00
9.839613067663677271e-07
1.819414867654245427e-06
2.489702948582639408e-06
3.014290738345692944e-06
3.420394258046854929e-06
3.734492134865874391e-06
3.977284648515322374e-06
4.164633953585017423e-06
4.311290857428318191e-06
4.426466959861485861e-06
4.516782830421561812e-06
4.588409657668712782e-06
4.645180251117153603e-06
4.690340536850357012e-06
4.726816177580417389e-06
4.755247779875126923e-06
4.779120519660118305e-06
4.797714107662720551e-06
4.812092288419833608e-06
4.824099090638966914e-06
4.834127790287467974e-06
4.841988970771815559e-06
4.848643654242756895e-06
4.853393471782041502e-06
4.857287779769237090e-06
4.860163195230526867e-06
4.863694149315200832e-06
4.864858626385526463e-06
4.867320022472476637e-06
4.869243878879991883e-06
4.869270127327851583e-06
4.870986710314717527e-06
4.869668085882850050e-06
4.871256653604660869e-06
4.871059580136005707e-06
4.870881087692957578e-06
4.870412538826585092e-06
4.870873638651573856e-06
4.870594988215515286e-06
4.871242232695749408e-06
4.870856785244015441e-06
4.871225111724442058e-06
4.871280884444217918e-06
4.871429350461475849e-06
4.871543447970694274e-06
4.870094387765533384e-06
4.871348842083733643e-06
4.870843291482351844e-06
4.870707657644857136e-06
4.870326587469442359e-06
4.870889161789904165e-06
4.869431880716312833e-06
4.868898229926088561e-06
4.869706799692785637e-06
4.867928261265141998e-06
4.866813881676534947e-06
4.865673538967385525e-06
4.863449656555829392e-06
4.861043499060357931e-06
4.857661630719434243e-06
4.853686720429628565e-06
4.848478590280258516e-06
4.842113174641227147e-06
4.834066952730253774e-06
4.823935713216265242e-06
4.811939012472343791e-06
4.797133910328099660e-06
4.777461322547083000e-06
4.753444745597690257e-06
4.724138809697464580e-06
4.687373355016788423e-06
4.641472676536473330e-06
4.583654553913518725e-06
4.510742181218496683e-06
4.418500594072227727e-06
4.300165987181081562e-06
4.151188356393831214e-06
3.957975112212075430e-06
3.709749593849842597e-06
3.388285812366831351e-06
2.971956863273561567e-06
2.431978326722372685e-06
1.747119794726081921e-06
8.943354055102048505e-07
9.881287688084938736e-08
1.110289260641827980e-06
1.755360617083923103e-06
1.206067565817647846e-06
1.862017216636147054e-06
8.359032342197814103e-06
1.629748397780073077e-05
1.988266285102291420e-05
1.565538589742843101e-05
7.646558027207817076e-06
1.430038230054719861e-06
1.334470781433338971e-06
1.725821279441319689e-06
1.017021192151190689e-06
1.998401444325281773e-15
