0.000000000000000000e+00
1.321117359953660753e-08
2.042978874960965641e-08
2.616722505344171168e-08
3.066540854579358211e-08
3.414423310754699514e-08
3.683900251516547542e-08
3.892829580909307197e-08
4.055839097905078461e-08
4.184905699755603337e-08
4.286327925928645755e-08
4.367587835840680555e-08
4.431720956876716855e-08
4.484055349252002998e-08
4.525984353964673801e-08
4.560848254619997988e-08
4.588684299200451733e-08
4.611165038692632834e-08
4.629877248252256550e-08
4.645200890607270594e-08
4.658297525494958791e-08
4.669248920841084782e-08
4.677893761240170534e-08
4.685872612153474392e-08
4.691838051407160037e-08
4.697246847040759121e-08
4.701267752871274297e-08
4.704765765861651516e-08
4.708327605573714436e-08
4.711136558643858052e-08
4.713378032317194766e-08
4.714990831100607238e-08
4.715840706825957795e-08
4.717381829610900468e-08
4.718301460648888224e-08
4.719448831735917338e-08
4.719959656451777619e-08
4.720761637155845847e-08
4.721211932512403564e-08
4.721281843256264210e-08
4.721614599301204862e-08
4.721817448150034124e-08
4.721952018282848940e-08
4.721933688500712378e-08
4.722192059603003145e-08
4.721590884937398869e-08
4.721672042240498968e-08
4.721199053925317912e-08
4.720733859375769725e-08
4.719891755211591544e-08
4.719388868590357333e-08
4.718188684194046800e-08
4.717122514819038770e-08
4.716137247395835175e-08
4.714476298239844709e-08
4.712815804275294340e-08
4.710677181662958901e-08
4.708212075765771942e-08
4.704455935922169374e-08
4.701177880317430890e-08
4.696864619457841172e-08
4.691322263994379682e-08
4.684878240901468871e-08
4.677514497952728334e-08
4.668307973521024223e-08
4.657166641219845360e-08
4.643856732489126671e-08
4.628367766823515694e-08
4.609190051851896897e-08
4.586348545387863851e-08
4.557492594425838206e-08
4.522362495595899645e-08
4.479717563565799310e-08
4.426319744066375961e-08
4.360756389321096549e-08
4.277748077985421560e-08
4.173824819098115313e-08
4.043165058309483584e-08
3.876033927152633396e-08
3.661435676871604983e-08
3.385862867855138347e-08
3.028657968862091820e-08
2.567937318342927711e-08
1.981296882114236269e-08
1.244308200920585250e-08
1.246712016955697777e-08
5.642686762286075464e-09
1.291663920266472587e-08
1.204318256231573514e-08
6.629471083208215987e-09
5.040548500812036536e-08
1.055308315178749012e-07
1.305081561708831828e-07
1.007249667006604454e-07
4.525041763514536797e-08
3.776035262248456092e-09
1.273533556389594423e-08
1.245408798311586906e-08
4.788737184568958583e-09
3.350401520888640627e-11
