0.000000000000000000e+00
7.554692217359715301e-07
8.253909316024987675e-07
8.840284108080354031e-07
9.626967227838179042e-07
1.062451350897219982e-06
1.182229834362225063e-06
1.318009334450032100e-06
1.469249632179980836e-06
1.632192075606830883e-06
1.803998084470848084e-06
1.983701022667538894e-06
2.167468143410289372e-06
2.352164891861185936e-06
2.535480947751800329e-06
2.714748221444018839e-06
2.883534117037456213e-06
3.044739740221125146e-06
3.192577590738210347e-06
3.327013813114731988e-06
3.441481567389992335e-06
3.533101178510023033e-06
3.606730257232904080e-06
3.660992173526445015e-06
3.689965701769715167e-06
3.696538040554031568e-06
3.679218171015463668e-06
3.638602117717049111e-06
3.573522688538055547e-06
3.490850117970900612e-06
3.384624553071091668e-06
3.261919117480971408e-06
3.121080687895627648e-06
2.967311583113030338e-06
2.802236882981645749e-06
2.627926126486102021e-06
2.446080432427777396e-06
2.262120970430991918e-06
2.077148102630488324e-06
1.895114566607958295e-06
1.719353061813144734e-06
1.551496427443233017e-06
1.394625986361752723e-06
1.250978195699303797e-06
1.122409401754786984e-06
1.012115928844536938e-06
9.229386641607106867e-07
8.543740448452297187e-07
7.946215954124369318e-07
1.624143981360237632e-06
1.818784661600236774e-06
7.910147467038441960e-07
8.541975675679935875e-07
9.227147276247293917e-07
1.011876649914533743e-06
1.122293795230433489e-06
1.250158758625552480e-06
1.393868803933884237e-06
1.551016201584154430e-06
1.718720582521982010e-06
1.894577069672109815e-06
2.076664764150137898e-06
2.260833667055983653e-06
2.445163559405827414e-06
2.627080206374365901e-06
2.800681650816372326e-06
2.966265130188716626e-06
3.120145874113688933e-06
3.262968093276086279e-06
3.386139705630064611e-06
3.490018254614923876e-06
3.571843092631254990e-06
3.636418606900448935e-06
3.677882192798520578e-06
3.695366948774925220e-06
3.689930012429343265e-06
3.661175280611494998e-06
3.607322710763583018e-06
3.533759038276684805e-06
3.438828869550825118e-06
3.324159152606753764e-06
3.191655109757718378e-06
3.044273317875934026e-06
2.883823955857067745e-06
2.714070035159110716e-06
2.535259516212029496e-06
2.352102598579541848e-06
2.167420275589471146e-06
1.983182127074378798e-06
1.803634910535478753e-06
1.631817660885381827e-06
1.469050404878657901e-06
1.318331551591889195e-06
1.182171448843583050e-06
1.062003579521686447e-06
9.626638310944457544e-07
8.839280464245646840e-07
8.252900820515662872e-07
7.600800887574976628e-07
2.411265631607761861e-16
