0.000000000000000000e+00
4.479070525453821006e-05
5.483894664759514370e-05
5.929197954734899412e-05
6.162418310717843184e-05
6.299802610698623795e-05
6.387245106620476065e-05
6.446804284054863388e-05
6.489065413461947429e-05
6.520133843113118388e-05
6.543607741194001903e-05
6.561829889617509792e-05
6.576374669842177667e-05
6.588345255609251438e-05
6.598053006467985426e-05
6.606034596257082114e-05
6.612800178384947714e-05
6.618449325146436024e-05
6.623370726277499898e-05
6.627653333057814677e-05
6.631262129441761743e-05
6.634514508774280728e-05
6.637323727309851762e-05
6.639810225939068999e-05
6.642026040171167267e-05
6.643985087118053912e-05
6.645729613863338159e-05
6.647284772254291596e-05
6.648688205024289033e-05
6.649945042302984888e-05
6.651074797492384505e-05
6.652121627515050761e-05
6.653025489011810123e-05
6.653837008674390319e-05
6.654591940491449975e-05
6.655269808808483845e-05
6.655905060382050209e-05
6.656437314001006911e-05
6.656936415261327511e-05
6.657401229592796454e-05
6.657786256103470635e-05
6.658123719771591453e-05
6.658370943546376708e-05
6.658610272980425293e-05
6.658843431517347256e-05
6.658965488826051882e-05
6.659082577942232462e-05
6.659161602562413407e-05
6.659206576553611256e-05
6.659199962077977375e-05
6.659156194210869018e-05
6.659081154891666188e-05
6.658967144435035124e-05
6.658837399220463027e-05
6.658602482978448478e-05
6.658376778190255862e-05
6.658139461035439410e-05
6.657745879168341929e-05
6.657431987566742038e-05
6.657015683397826677e-05
6.656465623089413697e-05
6.655936468336065559e-05
6.655389713594583867e-05
6.654693373731035422e-05
6.653972216918990767e-05
6.653158883285215097e-05
6.652263385520384986e-05
6.651232453569466685e-05
6.650123221307868704e-05
6.648904252570808637e-05
6.647524246150560145e-05
6.645987092712690725e-05
6.644284743684281125e-05
6.642313351501449858e-05
6.640110857158987301e-05
6.637755468397177339e-05
6.634991434895098905e-05
6.631701689052693638e-05
6.628076602743782075e-05
6.624058792126241713e-05
6.619107945204927290e-05
6.613673462618763210e-05
6.606917528984013188e-05
6.599156553632745670e-05
6.589819278191022534e-05
6.578432686243917971e-05
6.564394192920541826e-05
6.546685058361756404e-05
6.524103312310902680e-05
6.494305270532407803e-05
6.453904517800257423e-05
6.397304729777175680e-05
6.314718877276082054e-05
6.186348711012534807e-05
5.971215533151497112e-05
5.570857327752420929e-05
4.706020795364196374e-05
1.802828313601789745e-05
1.600341967578411406e-03
5.551115123125782702e-16
