0.000000000000000000e+00
3.784486956037724781e-07
4.257124772699683035e-07
4.559864413833381036e-07
4.966095014102833716e-07
5.485585918840740760e-07
6.100995745272896897e-07
6.799481007124796861e-07
7.584553366468682611e-07
8.427382062192734224e-07
9.314981306296488128e-07
1.024737474430992279e-06
1.119538653004958917e-06
1.214974457597328694e-06
1.309875087951439809e-06
1.402653974635903467e-06
1.489775727558928509e-06
1.573302751634031438e-06
1.650033562672348353e-06
1.719920872722546790e-06
1.779127773327005002e-06
1.825470541061413599e-06
1.863663061985043612e-06
1.891891801997225286e-06
1.906865073508789976e-06
1.910527567816622252e-06
1.901587218022804393e-06
1.880423971312161768e-06
1.846690704465636657e-06
1.803960350987843242e-06
1.749148526464239239e-06
1.685522020733465354e-06
1.612505393322472003e-06
1.533417527066482933e-06
1.447861090797530892e-06
1.357842866922531755e-06
1.263606670076633520e-06
1.168531317485843601e-06
1.072574072114029775e-06
9.787557592177975607e-07
8.880413485679028440e-07
8.009416496701504684e-07
7.198878665404251365e-07
6.457534232895412174e-07
5.785731498342272516e-07
5.217635823395738726e-07
4.757975440305983739e-07
4.403350541970496579e-07
4.233199667469378369e-07
6.551174902003076284e-07
8.055470149259669199e-07
4.308893309934447302e-07
4.401892134131557555e-07
4.756300338026875352e-07
5.218741563339790446e-07
5.792047309549630540e-07
6.446625763212310289e-07
7.191497800596025058e-07
8.006289438089453370e-07
8.871378230912441154e-07
9.783145996644648790e-07
1.072746202535057591e-06
1.167598428719607284e-06
1.263144191909759684e-06
1.357181196981471771e-06
1.446914524749765008e-06
1.532646697555151150e-06
1.612543537254929049e-06
1.686968261416232906e-06
1.750759123564371578e-06
1.803711109138461666e-06
1.845955490020756429e-06
1.879212630617743685e-06
1.901002506632387679e-06
1.909789176357534757e-06
1.907631905773143899e-06
1.892455968044437498e-06
1.864676799745446090e-06
1.826572573859763793e-06
1.777584626161399228e-06
1.718452458221442214e-06
1.649549372317871132e-06
1.573550733824369274e-06
1.490494760392202522e-06
1.402826706464743722e-06
1.310241898311303999e-06
1.215590387348974843e-06
1.119937197868736689e-06
1.024594314835702846e-06
9.320912396360014895e-07
8.431064888458905671e-07
7.588762737098520006e-07
6.811169818154994005e-07
6.103558173320422497e-07
5.478475620934730728e-07
4.968214479816879248e-07
4.560655970653471059e-07
4.256970912441815358e-07
3.633070185804498919e-07
0.000000000000000000e+00
