0.000000000000000000e+00
6.463801516254363833e-08
1.134683522696633418e-07
1.504949427300061870e-07
1.791582704413485772e-07
2.013696398517339503e-07
2.192906515263715050e-07
2.335940548769954717e-07
2.450659679631428389e-07
2.547966870825035812e-07
2.628013837657761087e-07
2.695872993729864220e-07
2.751394929667583256e-07
2.800155596283104842e-07
2.843479209868604585e-07
2.879238494291058714e-07
2.910499016239853631e-07
2.938927603501895192e-07
2.963205023576165331e-07
2.984170710540468008e-07
3.003156381353733195e-07
3.019305493401347462e-07
3.034786536515454713e-07
3.048210601708234435e-07
3.060904704144107313e-07
3.071649605779214198e-07
3.081280308681044744e-07
3.089495734798219928e-07
3.097236820348570063e-07
3.104167343170871618e-07
3.110771189529515368e-07
3.115646454165954538e-07
3.120141912615892466e-07
3.124876500892881381e-07
3.129302490467722464e-07
3.132594335042426792e-07
3.134788677527922118e-07
3.137789139628921475e-07
3.139735829105205767e-07
3.141271230910902545e-07
3.142407772882549466e-07
3.142534230615723345e-07
3.143517373072057808e-07
3.143101729996544691e-07
3.142479576556667098e-07
3.141695270603150902e-07
3.141142081997116975e-07
3.139567971155443615e-07
3.137581201517747331e-07
3.134764753331964471e-07
3.131269792344681946e-07
3.128962547949143413e-07
3.124717034008739347e-07
3.120744143103593160e-07
3.115380822205082723e-07
3.109799454614758929e-07
3.103951736749266388e-07
3.095876296432820141e-07
3.088466262735067858e-07
3.079734425259772479e-07
3.069994813920118304e-07
3.058697115587705184e-07
3.046557393027171656e-07
3.034132830537217274e-07
3.018498310192185841e-07
3.001439983219000851e-07
2.981485269781813940e-07
2.961017387947961765e-07
2.936443661560872442e-07
2.908474946439199016e-07
2.876494948900187865e-07
2.839739438043054065e-07
2.797252627306789918e-07
2.747828323768075620e-07
2.689928957355647299e-07
2.620968295730108366e-07
2.539071217722010942e-07
2.442351489939653675e-07
2.321524530390917107e-07
2.175400622972389897e-07
1.993669314082069377e-07
1.767290698229118107e-07
1.473676699559334224e-07
1.095050845556500008e-07
5.949284065387416831e-08
7.257095147039649419e-09
9.734185335563694252e-08
2.180621313518926740e-07
3.781201884933693691e-07
5.770350617329000897e-07
7.926496922161518910e-07
9.741487858594410909e-07
1.041514680499844303e-06
9.590276416338028298e-07
7.723973702855602141e-07
5.555453607142268879e-07
3.614221800729566780e-07
2.054397573170163582e-07
8.773924597971216599e-08
1.660036552664223564e-10
