0.000000000000000000e+00
3.131485865615069031e-06
4.238627451691456827e-06
4.789266200622144254e-06
5.076838731077337741e-06
5.410484037238205701e-06
5.799512811766049936e-06
6.249871469465873020e-06
6.748126633704387700e-06
7.288764872659392324e-06
7.854956211250652132e-06
8.445657538436179834e-06
9.053065067265997357e-06
9.663467802067948753e-06
1.026901315381856250e-05
1.086146427242695722e-05
1.141498195700307861e-05
1.194811637361681278e-05
1.244393716059999377e-05
1.287014913353701218e-05
1.324632088717248024e-05
1.356116205286639342e-05
1.380914794968379766e-05
1.397889365228888181e-05
1.407836667377537765e-05
1.409637071125846575e-05
1.404055114484492606e-05
1.389962750009132719e-05
1.369267767625803600e-05
1.340990723119883654e-05
1.306359145780700004e-05
1.265325641042203131e-05
1.218910570643938485e-05
1.167756859121737989e-05
1.113169219757459416e-05
1.055292374141370004e-05
9.953372001381133316e-06
9.343252685978242766e-06
8.732043034309633356e-06
8.129690002633971346e-06
7.548679981983497100e-06
6.996521206614758626e-06
6.478065828652290747e-06
6.003492642348007280e-06
5.576940309781619476e-06
5.213271345505532395e-06
4.919918463519579177e-06
5.052022162388425386e-06
7.355606145731385936e-06
9.429405132266310829e-06
9.723063155248068412e-06
7.260372303918849468e-06
5.235493955479952888e-06
4.915580108511008461e-06
5.214361540439860221e-06
5.575300488613876837e-06
5.995869310382317963e-06
6.471534249374855108e-06
6.993611025518653435e-06
7.549484299040898350e-06
8.130026208919005626e-06
8.730229427600377790e-06
9.341592845490964692e-06
9.951389174478464383e-06
1.055392267068633316e-05
1.112955306903362640e-05
1.167224291542812153e-05
1.219319411505104256e-05
1.265550401585713303e-05
1.305437194099035025e-05
1.340672336747061877e-05
1.368593214978730543e-05
1.390005082135825631e-05
1.403363956331560303e-05
1.409740173063944724e-05
1.407693681199084779e-05
1.398197810331680557e-05
1.380765720371268657e-05
1.356418601461406581e-05
1.325046312627975453e-05
1.287418675999241202e-05
1.243714100818138490e-05
1.194795888836974740e-05
1.142030982137498540e-05
1.085853101256972764e-05
1.026950958260552937e-05
9.664325196445666677e-06
9.054507807859657476e-06
8.446407525730670329e-06
7.853804987245638358e-06
7.288865763843688228e-06
6.752834713630306851e-06
6.255548536171495755e-06
5.805620110543863177e-06
5.408246465554711335e-06
5.079507330418842059e-06
4.806004066937319408e-06
4.285256851699337233e-06
3.287534111273693327e-06
0.000000000000000000e+00
