0.000000000000000000e+00
3.475347515435878165e-06
4.819642360875953102e-06
5.469430587878854055e-06
5.796063643925819520e-06
6.176880085195790571e-06
6.620896193298975163e-06
7.134889353777040810e-06
7.703523702273784579e-06
8.320493074975843228e-06
8.966584646996622610e-06
9.640606403960028103e-06
1.033365003677566563e-05
1.103006874636491830e-05
1.172090143464199485e-05
1.239676277409174077e-05
1.302816278514473680e-05
1.363627216122154096e-05
1.420178749378386840e-05
1.468788195646553163e-05
1.511688563238244853e-05
1.547593322304141594e-05
1.575873763093316171e-05
1.595231655526774261e-05
1.606576249679747548e-05
1.608630700089541676e-05
1.602267043021576853e-05
1.586199074710137324e-05
1.562601546623021420e-05
1.530356690038203737e-05
1.490864146314052618e-05
1.444068274547571917e-05
1.391132142725126641e-05
1.332788464636358583e-05
1.270524801033623419e-05
1.204504838991926619e-05
1.136109701271870165e-05
1.066504359559239390e-05
9.967697657042862147e-06
9.280411971346325117e-06
8.617435250157789994e-06
7.987341077764220643e-06
7.395670550525146325e-06
6.854047450266520514e-06
6.367204255175451522e-06
5.952114505713979042e-06
5.617268869606562021e-06
5.794325540264821939e-06
8.262485448273793054e-06
1.043534722186545416e-05
1.082244989772385146e-05
8.137915875505719043e-06
6.035859076436445037e-06
5.612204304394907695e-06
5.953217271370547792e-06
6.365162923294143127e-06
6.845150398060440011e-06
7.387996752039605042e-06
7.983784938714322266e-06
8.618101377089182336e-06
9.280531403810243773e-06
9.965353797602993779e-06
1.066287380946384644e-05
1.135855691003495593e-05
1.204591758730000350e-05
1.270254836560624767e-05
1.332155458200201537e-05
1.391573252862432497e-05
1.444299222541634009e-05
1.489787113373441940e-05
1.529968195890241134e-05
1.561807689853811354e-05
1.586224050076356917e-05
1.601457281785734210e-05
1.608728105895185223e-05
1.606394251230103265e-05
1.595566235557122070e-05
1.575688706378919335e-05
1.547924730060934451e-05
1.512148550320002727e-05
1.469237136431100765e-05
1.419392772739058728e-05
1.363599651427183090e-05
1.303415921016792822e-05
1.239335661584739512e-05
1.172143550853821381e-05
1.103103290622797772e-05
1.033529746408134997e-05
9.641475224753115469e-06
8.965294272189616720e-06
8.320636519232316175e-06
7.708931142991204410e-06
7.141406904609404194e-06
6.627902138456320813e-06
6.174358227362120033e-06
5.799136628681367256e-06
5.491474061480872138e-06
4.881161780323495236e-06
3.681079776940432424e-06
1.207801220148851939e-16
