0.000000000000000000e+00
4.673200941773814066e-07
6.112333228447397460e-07
7.256918519438215753e-07
8.152851882492484492e-07
8.846437615783742103e-07
9.383142708374592189e-07
9.801032426759448413e-07
1.012525973842492988e-06
1.038208368386861480e-06
1.058483231286544424e-06
1.074640038734031577e-06
1.087479436279181755e-06
1.097877162958837971e-06
1.106278115781123006e-06
1.113187926615744061e-06
1.118714626602290707e-06
1.123265443880860914e-06
1.126998084965968872e-06
1.130047534214639882e-06
1.132667356684713411e-06
1.134789330947683084e-06
1.136652755029388118e-06
1.138165842684557560e-06
1.139334509070444312e-06
1.140370751939734362e-06
1.141287419015313276e-06
1.141934934612010011e-06
1.142637904294474538e-06
1.143197614683622021e-06
1.143622991195414329e-06
1.143936710024107128e-06
1.144221930649003127e-06
1.144424444099456650e-06
1.144638605787839936e-06
1.144857479817851242e-06
1.145000497970727338e-06
1.145119550960416177e-06
1.145209112096701176e-06
1.145265775992498902e-06
1.145357161336235663e-06
1.145343180186664256e-06
1.145392355295093978e-06
1.145425533755073388e-06
1.145321243178898385e-06
1.145286895209984834e-06
1.145306475214269426e-06
1.145241118605255792e-06
1.145154701953643439e-06
1.144976608857817268e-06
1.144804696373569186e-06
1.144643545947232610e-06
1.144399400243578668e-06
1.144129424979212217e-06
1.143925743241069881e-06
1.143584985152656941e-06
1.143142620119164121e-06
1.142602247483637257e-06
1.141935330184473685e-06
1.141153293193752916e-06
1.140373393049287642e-06
1.139268330230258641e-06
1.138043076887029770e-06
1.136445892502280230e-06
1.134672640734635252e-06
1.132452287722074402e-06
1.129881829764478596e-06
1.126741116963536626e-06
1.122891201577047582e-06
1.118255022469760718e-06
1.112664582136879687e-06
1.105590788696986237e-06
1.097020201012988139e-06
1.086423712659545515e-06
1.073372989823795365e-06
1.056866093307462506e-06
1.036089600336964622e-06
1.010067872897479901e-06
9.766402898625514695e-07
9.339267147412400050e-07
8.787702747703463046e-07
8.078632854902068061e-07
7.160402065720106179e-07
5.992031204549164158e-07
4.523024506042361281e-07
7.365762696998068293e-07
9.199576034291112592e-08
5.317772111546048563e-08
3.616701882425132908e-08
3.364115832571457076e-07
1.209913048638711075e-06
2.310221991264072017e-06
2.805589311427603150e-06
2.212002770174414934e-06
1.105460412764713851e-06
2.789029980299062572e-07
5.013120318864139335e-08
4.437568756898713218e-08
1.084948634266780232e-07
1.623619858351355028e-15
