0.000000000000000000e+00
1.880058853043209410e-07
2.459008253685723844e-07
2.919459779482380668e-07
3.279879601247870369e-07
3.558897065936150739e-07
3.774803575273821821e-07
3.942912513155150123e-07
4.073342632082699311e-07
4.176657605325928557e-07
4.258219208352898022e-07
4.323214626289484386e-07
4.374864741585327010e-07
4.416692569453317674e-07
4.450487868234986877e-07
4.478284452158476370e-07
4.500517301053719166e-07
4.518824191501735754e-07
4.533839839115927361e-07
4.546107126301990320e-07
4.556646155950971888e-07
4.565182464277839358e-07
4.572678586889367125e-07
4.578765364637860102e-07
4.583466850505146795e-07
4.587635379360577303e-07
4.591322885216797545e-07
4.593927880325310298e-07
4.596755698305088345e-07
4.599007403793820004e-07
4.600718535030523526e-07
4.601980601037780616e-07
4.603127945479457139e-07
4.603942672654071089e-07
4.604804217933633481e-07
4.605684773562046530e-07
4.606260042283594203e-07
4.606739018031547062e-07
4.607099355347088476e-07
4.607327253047799331e-07
4.607694829017461302e-07
4.607638621756393604e-07
4.607836454617597610e-07
4.607969871228689840e-07
4.607550445623331825e-07
4.607412222856765993e-07
4.607490892150067907e-07
4.607227972464045251e-07
4.606880343871466721e-07
4.606163950260366846e-07
4.605472402330335058e-07
4.604824055398637483e-07
4.603841937678154750e-07
4.602755880878106609e-07
4.601936394177386092e-07
4.600565574053305795e-07
4.598786057519177461e-07
4.596612219742723937e-07
4.593929319174350212e-07
4.590783386770880270e-07
4.587645828779685075e-07
4.583200421404143299e-07
4.578271428634650420e-07
4.571846277112712187e-07
4.564712871024667606e-07
4.555780823700672499e-07
4.545440343006745820e-07
4.532805824020158525e-07
4.517318519248192388e-07
4.498668090269219988e-07
4.476178794288188101e-07
4.447722448119861838e-07
4.413244800716142890e-07
4.370617256999054234e-07
4.318116769708169045e-07
4.251712956149233946e-07
4.168133216353453463e-07
4.063452818670043598e-07
3.928980029099804483e-07
3.757151074701425841e-07
3.535266117626889582e-07
3.250018345557492694e-07
2.880626517320905577e-07
2.410602903957226317e-07
1.819629764643337921e-07
2.505073547764968822e-07
3.700713668841615345e-08
2.140751820256525662e-08
1.458937592957454399e-08
1.352523332220911811e-07
4.865911169549264059e-07
9.291934772726051506e-07
1.128461955102189052e-06
8.896955880910439873e-07
4.445982805245662917e-07
1.121353231381405635e-07
2.019486222692989941e-08
1.785910785923050526e-08
4.364883454677226382e-08
1.440430348782772985e-15
