0.000000000000000000e+00
1.135573648447518735e-07
1.407516668772146318e-07
1.529676135758606392e-07
1.594115134340157169e-07
1.632075260493692781e-07
1.656283334927621809e-07
1.672697144128321156e-07
1.684395452006270943e-07
1.692939710640217754e-07
1.699434530877397265e-07
1.704455098172630301e-07
1.708502308517267920e-07
1.711740759136048950e-07
1.714406722141958994e-07
1.716640548599102090e-07
1.718470624689771853e-07
1.720089228829380090e-07
1.721412120625487319e-07
1.722602828158059651e-07
1.723625741023582236e-07
1.724509660627759899e-07
1.725265560414968036e-07
1.725955378617527458e-07
1.726582633532203204e-07
1.727125812367447111e-07
1.727602909618042304e-07
1.728037312132002512e-07
1.728424855462762366e-07
1.728765746111804447e-07
1.729083117796292868e-07
1.729353683588286117e-07
1.729608367639912103e-07
1.729842071807041748e-07
1.730054226545263418e-07
1.730237589869787485e-07
1.730405911892773929e-07
1.730545134970284948e-07
1.730693374168978949e-07
1.730820718970349503e-07
1.730919416687015655e-07
1.731011211036914688e-07
1.731098786539320145e-07
1.731150124362201836e-07
1.731218727263339474e-07
1.731253753689543373e-07
1.731294706486252721e-07
1.731317605946358640e-07
1.731319140274578672e-07
1.731319797526609250e-07
1.731314319686205749e-07
1.731286751738281282e-07
1.731261266568751012e-07
1.731216614508923612e-07
1.731165344409646423e-07
1.731099333879271285e-07
1.731019355633023338e-07
1.730925139886707598e-07
1.730819004785999482e-07
1.730701068014539601e-07
1.730570512448181830e-07
1.730436099967036512e-07
1.730268390787159660e-07
1.730080694262170482e-07
1.729879257617028543e-07
1.729654320881124363e-07
1.729404713879389988e-07
1.729127326877133441e-07
1.728812610846119924e-07
1.728479823714934582e-07
1.728091616470806002e-07
1.727671844475864305e-07
1.727193054135156558e-07
1.726658372946943132e-07
1.726070840701865450e-07
1.725372401617519813e-07
1.724634680622116889e-07
1.723762480532187169e-07
1.722733985465296769e-07
1.721583364755474577e-07
1.720253369752455797e-07
1.718709504716642300e-07
1.716899271642091662e-07
1.714790536233579132e-07
1.712177035706474726e-07
1.709040164943331774e-07
1.705151251307768234e-07
1.700257680203876021e-07
1.694020271836294000e-07
1.685835717690764568e-07
1.674696170628209302e-07
1.659067823123194785e-07
1.636243334157683194e-07
1.600938958068454099e-07
1.541901381019172845e-07
1.431604302881694935e-07
1.193478739169862024e-07
3.992511854455926823e-08
4.321974809262663086e-06
4.440892098500626162e-16
