0.000000000000000000e+00
9.318202875974179733e-10
1.304968799686889724e-09
1.315255127032344262e-09
1.017864237340404543e-09
5.939075897742895904e-10
9.037270931600005497e-11
5.056538521230891092e-10
1.131622240357899045e-09
1.732586185632101206e-09
2.321323799847618830e-09
2.857250325227767007e-09
3.361646627730863202e-09
3.810835869089146399e-09
4.220036875501875784e-09
4.619034599251392592e-09
4.963015221015609768e-09
5.313776640925027550e-09
5.533955405034873820e-09
5.784643097861419392e-09
5.939507885521777553e-09
6.121833151517819260e-09
6.311635325495501547e-09
6.427720022905702990e-09
6.557044351929164350e-09
6.634076954448175911e-09
6.743947289500340503e-09
6.771217253564998373e-09
6.849457334645592255e-09
6.878512759378452301e-09
6.944485209103845591e-09
6.964050780489117187e-09
6.968571608645390825e-09
6.976072386422060845e-09
6.986963563271331168e-09
6.993145063027839115e-09
6.981019207152883155e-09
6.966612287051532348e-09
6.935506835503701950e-09
6.891056059110667320e-09
6.848565159423003479e-09
6.816074926696558123e-09
6.757713943983389981e-09
6.645792249848625488e-09
6.598476764985150567e-09
6.478369285467522332e-09
6.323001122687799125e-09
6.160540522159863031e-09
5.987423556952364834e-09
5.794935087344299518e-09
5.558493998414348880e-09
5.347609799422059496e-09
5.036453143425489998e-09
4.677841558553552659e-09
4.294877564703369899e-09
3.866587383605235573e-09
3.411186777491082012e-09
2.929900211334768301e-09
2.381544628171639033e-09
1.815978478703073051e-09
1.205798239034550079e-09
5.819502657544717295e-10
1.076927436116648096e-11
5.380852430292293320e-10
9.877401119240403204e-10
1.258995019348674305e-09
1.300636154333290051e-09
9.560552349796580529e-10
1.387561177068619145e-10
1.408189453933061941e-09
3.744856202914093046e-09
7.377343402836800124e-09
1.236066060616991535e-08
1.901773172274801027e-08
2.772494045455431433e-08
3.847153606795217229e-08
5.134566449793709353e-08
6.608904368210488656e-08
8.224406811141449225e-08
9.888914209721377802e-08
1.148698874908760104e-07
1.286081999785082530e-07
1.389025874320992671e-07
1.446239392688397629e-07
1.449782316420566985e-07
1.398589485335222093e-07
1.300192041808756471e-07
1.165763188204493872e-07
1.008945947900130591e-07
8.430805853443246178e-08
6.795779272650293024e-08
5.300978767053265983e-08
3.991335639774717947e-08
2.887796890505001102e-08
1.995183884773155114e-08
1.306178665227974989e-08
7.884407793312675494e-09
4.165431666258712085e-09
1.601888399704876065e-09
0.000000000000000000e+00
