0.000000000000000000e+00
1.063148014068815428e-09
1.488906109514687159e-09
1.500681356958466495e-09
1.161439056041047024e-09
6.777930439127999307e-10
1.033488850055164221e-10
5.766271904406039539e-10
1.290753615101891683e-09
1.976357744126744365e-09
2.648020469564471568e-09
3.259423841939224076e-09
3.834866202367948063e-09
4.347323723230545056e-09
4.814155185606239229e-09
5.269351621706164224e-09
5.661785706934097107e-09
6.061948831792562942e-09
6.313136013957887371e-09
6.599133128837308959e-09
6.775813687909248983e-09
6.983820743933222275e-09
7.200340546020811416e-09
7.332792040237734454e-09
7.480320474151369581e-09
7.568205950825301898e-09
7.693543468967334320e-09
7.724664463637509471e-09
7.813919511434619380e-09
7.847063554500266491e-09
7.922334566146105317e-09
7.944662705483551690e-09
7.949815583607744429e-09
7.958372960636950211e-09
7.970792359479617062e-09
7.977839500128425243e-09
7.964005899196990867e-09
7.947579594436149364e-09
7.912087651718024972e-09
7.861377993023666022e-09
7.812888780378557385e-09
7.775832755463341073e-09
7.709247351606052234e-09
7.581563155056869618e-09
7.527584333644199432e-09
7.390566825193900513e-09
7.213312502862834208e-09
7.027970982953490875e-09
6.830473187058316853e-09
6.610867409051479626e-09
6.341126401743224505e-09
6.100540628217743233e-09
5.745558140368700606e-09
5.336431185831713719e-09
4.899531003133006379e-09
4.410916853991864173e-09
3.891371558317757717e-09
3.342298549036115674e-09
2.716695979287919727e-09
2.071470328601776600e-09
1.375359603983383749e-09
6.636471372445384986e-10
1.202193899985104508e-11
6.141334107923057672e-10
1.127096860287224445e-09
1.436535779220093900e-09
1.483999589879658743e-09
1.090834200745405269e-09
1.583522202253107025e-10
1.606572652690374525e-09
4.272476927802415503e-09
8.416747854234074566e-09
1.410216776687178708e-08
2.169711321720058095e-08
3.163098627467775259e-08
4.389153596129347079e-08
5.857933516040247923e-08
7.539965041214458097e-08
9.383042653965389945e-08
1.128202417044477102e-07
1.310521141606457718e-07
1.467256323106624905e-07
1.584701032619761918e-07
1.649973870865295567e-07
1.654015562291277774e-07
1.595611619498171763e-07
1.483354243880796730e-07
1.329989565146405539e-07
1.151082269501557676e-07
9.618520724341550476e-08
7.753171737956421339e-08
6.047794121055716232e-08
4.553655119643451599e-08
3.294653838636918408e-08
2.276288391112046838e-08
1.490212087063014224e-08
8.995310718518112481e-09
4.752358062631856228e-09
1.827612949867329917e-09
0.000000000000000000e+00
