0.000000000000000000e+00
1.684010664249058209e-08
2.360631234932242251e-08
3.060756059714009325e-08
3.755322453002918337e-08
4.435886136189282070e-08
5.091274424273706245e-08
5.708207140298071636e-08
6.292780430072753006e-08
6.827429488431846494e-08
7.321260442338939356e-08
7.776775601264773741e-08
8.197675316345964802e-08
8.577994115022136157e-08
8.925836103568229873e-08
9.239783393955036672e-08
9.523645794207169502e-08
9.780443888107726025e-08
1.001115951249076375e-07
1.021876668838572755e-07
1.040157789899964769e-07
1.057046727925836649e-07
1.072055509920843974e-07
1.085145913126694950e-07
1.096730587457628303e-07
1.107008424927613532e-07
1.116087620101069433e-07
1.124008074393501033e-07
1.130074712696327310e-07
1.135247994499266611e-07
1.139930068116967732e-07
1.143337008402411925e-07
1.145751133968531121e-07
1.147343107188447675e-07
1.147849574278936302e-07
1.147540492629772757e-07
1.145996337825749833e-07
1.143806712677886139e-07
1.140390415432790405e-07
1.136114066158100400e-07
1.130632087953387099e-07
1.124602745372627055e-07
1.117271760664451108e-07
1.108010455608265943e-07
1.098045091518784488e-07
1.086871943556388942e-07
1.073734833267891986e-07
1.059046280671438467e-07
1.042668946737990154e-07
1.024187014087019065e-07
1.003936587196108121e-07
9.811880696819486047e-08
9.555297975083476558e-08
9.275946799558454359e-08
8.963911601878038482e-08
8.622895952825615495e-08
8.244833316073396645e-08
7.832559156817353596e-08
7.382541244993490182e-08
6.891982606838098491e-08
6.360301663121958882e-08
5.786630596915642855e-08
5.169289796214115995e-08
4.518377227924474937e-08
3.839338524880275827e-08
3.145044680241682045e-08
2.445882973933777293e-08
1.762193313492588231e-08
3.373414164675736515e-08
5.859489227155734170e-09
1.780996683464763919e-09
3.928768421701533953e-10
5.576117345640341227e-11
3.826504002546471384e-09
1.159776186199223957e-08
2.382862485106329586e-08
4.085462401715034275e-08
6.246885830840653853e-08
8.783024896263924575e-08
1.152934082648826575e-07
1.425877208527381867e-07
1.669080469390848975e-07
1.853107917115792702e-07
1.955987417590066002e-07
1.962222420104353660e-07
1.870394510383732722e-07
1.695482446661955578e-07
1.457055668341311616e-07
1.186217514215215374e-07
9.111835841402182723e-08
6.533540308772955996e-08
4.319105606498396810e-08
2.566123202818459959e-08
1.279508388130068397e-08
4.569743694560202130e-09
2.715773161909851297e-10
4.988746082901229784e-10
1.406124883196469000e-09
5.251330814637356070e-09
0.000000000000000000e+00
