0.000000000000000000e+00
1.264100379927413087e-09
1.772002433675368138e-09
2.297550261154412965e-09
2.818923428016262278e-09
3.329786557593195084e-09
3.821753802313310189e-09
4.284848365010418547e-09
4.723654689620104818e-09
5.124990765104087131e-09
5.495679578082501848e-09
5.837613170633915161e-09
6.153559106714112659e-09
6.439045074912996824e-09
6.700151100602624865e-09
6.935814922393035431e-09
7.148891700836657037e-09
7.341659502557718042e-09
7.514842415012878973e-09
7.670683643823394959e-09
7.807907209667064308e-09
7.934685686272757721e-09
8.047348565298761969e-09
8.145608854093211448e-09
8.232570958277563022e-09
8.309721577504092238e-09
8.377873728093732097e-09
8.437324838794779680e-09
8.482865521131088826e-09
8.521699013108730014e-09
8.556847008733825533e-09
8.582419219749226613e-09
8.600541612224787968e-09
8.612490831616526066e-09
8.616295787966521402e-09
8.613974977755844975e-09
8.602383028133431253e-09
8.585945177053133648e-09
8.560301911764156557e-09
8.528199146873305381e-09
8.487052727268462604e-09
8.441791821134358997e-09
8.386761174428158938e-09
8.317244448718952299e-09
8.242438620520431414e-09
8.158564601679074713e-09
8.059953482408843684e-09
7.949698344056344013e-09
7.826757908446779766e-09
7.688025549512644830e-09
7.536016921605437346e-09
7.365254628410866644e-09
7.172654581388826500e-09
6.962956655698349095e-09
6.728730128635618257e-09
6.472750002650684564e-09
6.188956791497446375e-09
5.879489561877448978e-09
5.541683334442382147e-09
5.173444894701617613e-09
4.774342254876273728e-09
4.343715498400513297e-09
3.880314736193213321e-09
3.391706804301009015e-09
2.881992533509958321e-09
2.360819317814843998e-09
1.835999241528440962e-09
1.322790210700475200e-09
1.548357775327247055e-09
4.398443831377107927e-10
1.336925015138490380e-10
2.949018806930325809e-11
4.184874669022065063e-12
2.872339033288540122e-10
8.705809406706066511e-10
1.788685088932595590e-09
3.066733422762979444e-09
4.689200139296190173e-09
6.592940637872857224e-09
8.654448713230067369e-09
1.070328370378348382e-08
1.252887738001362550e-08
1.391026971386821742e-08
1.468252786018808820e-08
1.472932797952353212e-08
1.404003058258496139e-08
1.272706062760420309e-08
1.093732082679821360e-08
8.904290416111848572e-09
6.839761534926935838e-09
4.904372796765699150e-09
3.242118684632089298e-09
1.926247161776473149e-09
9.604597117629509739e-10
3.430263850745518539e-10
2.038647028967943697e-11
3.744571319685974231e-11
1.055509013525579576e-10
3.941921233874268182e-10
0.000000000000000000e+00
