0.000000000000000000e+00
3.080014021605848029e-11
1.352946643606856014e-10
3.162242689924710248e-10
5.691334070689890723e-10
8.814992069616778281e-10
1.247068781573545948e-09
1.666534688027354605e-09
2.141402277722193048e-09
2.654955588710095071e-09
3.192280217945153709e-09
3.749173416167650430e-09
4.322911362208969877e-09
4.898500161054641922e-09
5.473058450888856896e-09
6.023920362530077455e-09
6.558987797333770686e-09
7.054224093749894564e-09
7.526693823756147594e-09
7.933596224418693055e-09
8.275914509248138984e-09
8.575153365164567276e-09
8.811088414439893768e-09
8.981243415639994510e-09
9.066154382786351107e-09
9.089947683449395299e-09
9.047808613438235170e-09
8.904615600435761280e-09
8.704054366148739064e-09
8.453322819512720798e-09
8.132314710529442436e-09
7.733258367004225420e-09
7.289600922888439527e-09
6.814479980299381623e-09
6.314821221486965896e-09
5.764794308582565918e-09
5.190607055283180671e-09
4.618322502203398017e-09
4.045354384807353654e-09
3.469355136509477688e-09
2.918945862795396806e-09
2.397660181507887955e-09
1.913297853484152711e-09
1.467117205500301225e-09
1.066690180628881990e-09
7.306321103683899310e-10
4.494021821344063028e-10
2.373452545612053655e-10
9.374001574968815476e-11
1.736177868139066049e-11
1.246902581186759562e-11
8.287392994077436015e-11
2.238368379536836983e-10
4.407464393452187323e-10
7.260290146859915694e-10
1.065813104439428116e-09
1.456008980049716683e-09
1.904085333848115624e-09
2.397836706968803355e-09
2.924714359586744195e-09
3.472794385395161498e-09
4.040333401178486383e-09
4.612033865925013743e-09
5.178591666599174914e-09
5.748327480681325596e-09
6.298777055491200372e-09
6.811459174471679034e-09
7.290079317989750507e-09
7.738381491151358205e-09
8.116010752345914625e-09
8.434295151182880090e-09
8.694478137449834776e-09
8.909703086423803597e-09
9.032504966199894625e-09
9.085468932745754955e-09
9.060324934750951797e-09
8.977119603237326828e-09
8.810694507310756762e-09
8.582123900424676322e-09
8.294233966310571304e-09
7.927758560732911519e-09
7.516141153907085481e-09
7.050575345779463987e-09
6.555506248950848658e-09
6.036878552606594894e-09
5.480812359515141452e-09
4.896331007309129291e-09
4.319874458147410223e-09
3.748096832900671416e-09
3.194692177466151861e-09
2.655773267967731499e-09
2.146391064883346189e-09
1.676214278489851495e-09
1.251487469211554071e-09
8.802251150186179984e-10
5.687308402002599905e-10
3.204847498494700631e-10
1.469268040565907540e-10
4.025924038586481402e-11
1.110223024625156540e-16
