0.000000000000000000e+00
2.275797972295379168e-08
4.207321191440627217e-08
5.759364807289557575e-08
6.974129695969111253e-08
7.913312238816416766e-08
8.639203752380808510e-08
9.199630546241621687e-08
9.634668884928032639e-08
9.972958514570251509e-08
1.023776470265858052e-07
1.044726384291649879e-07
1.061336600827189613e-07
1.074439830439644084e-07
1.084820069330305614e-07
1.093127360851653407e-07
1.099713333729823717e-07
1.105120418509741853e-07
1.109594309767203413e-07
1.112938295966259261e-07
1.115722566558119411e-07
1.118182253456723174e-07
1.119919108560907262e-07
1.121372481538429611e-07
1.122442467860196302e-07
1.123405803937771452e-07
1.124136461694291711e-07
1.124767182725250336e-07
1.125293395132231922e-07
1.125644999433461635e-07
1.126016225816428573e-07
1.126107596061132199e-07
1.126266451212387665e-07
1.126352718872070113e-07
1.126421312891423554e-07
1.126451575350628787e-07
1.126430758668917065e-07
1.126553907937477561e-07
1.126390434258439655e-07
1.126543031082505308e-07
1.126567186204852078e-07
1.126581448129826413e-07
1.126476525392661188e-07
1.126661721695398910e-07
1.126588301536557424e-07
1.126399440387615414e-07
1.126394162387356346e-07
1.126495745573663498e-07
1.126504489690205446e-07
1.126529436401568773e-07
1.126473880841416531e-07
1.126448914146038760e-07
1.126487001457121551e-07
1.126153477137847858e-07
1.126143862606454604e-07
1.125977735494387844e-07
1.125731825535325470e-07
1.125129288626069979e-07
1.124776702887686497e-07
1.124182084089042633e-07
1.123334596453418044e-07
1.122425223876177824e-07
1.121324831876435724e-07
1.119967709684033252e-07
1.117804809824818335e-07
1.115595210654518610e-07
1.112762690880231276e-07
1.109267699916927086e-07
1.104868581069951006e-07
1.099339920207498267e-07
1.092429715576770377e-07
1.084025292863444179e-07
1.073408592011659834e-07
1.060037396749535787e-07
1.043007713530386127e-07
1.021815391188951594e-07
9.945398382615877608e-08
9.599089434431107293e-08
9.153771451941850046e-08
8.579875854231033827e-08
7.836829996055172387e-08
6.874455649175104099e-08
5.633447808239822052e-08
4.044993184848522105e-08
2.075625160635752309e-08
2.229150419807979233e-09
2.557829104077313787e-08
4.048717061611029067e-08
2.770817086883425873e-08
4.311058376949006288e-08
1.929785076182355397e-07
3.757759916567238179e-07
4.580189022496128359e-07
3.603279330466335750e-07
1.758071545010508885e-07
3.285346983350478922e-08
3.102445489400196266e-08
3.987684649153777627e-08
2.358360329246522724e-08
2.220446049250313081e-16
