0.000000000000000000e+00
4.722158812975330022e-06
8.732518002707578830e-06
1.198036153382542324e-05
1.449933087760424399e-05
1.646053894521770644e-05
1.797460448105248076e-05
1.914320258633583904e-05
2.005342956645783659e-05
2.075741407969733388e-05
2.130882821438362384e-05
2.174450448455544915e-05
2.208965250893868415e-05
2.236172168224026535e-05
2.258071961547258866e-05
2.275413045049745620e-05
2.289284219703091594e-05
2.300767575624806938e-05
2.309916610832019046e-05
2.316940496993602494e-05
2.322682198507841633e-05
2.327771022769820064e-05
2.331472829575353956e-05
2.334715262575226546e-05
2.337184266754110951e-05
2.338889886033257426e-05
2.340297562275495125e-05
2.341407525152661151e-05
2.342720308901036219e-05
2.343477222743750588e-05
2.343777837021665533e-05
2.344354116190494608e-05
2.344434380308069166e-05
2.344507031826204013e-05
2.344889597449828500e-05
2.344867906023395676e-05
2.345163018591112092e-05
2.345140989767902084e-05
2.345209116461077770e-05
2.345000096193317063e-05
2.345074708709482536e-05
2.345105912548994809e-05
2.345151888660801376e-05
2.345259653968589930e-05
2.345192993558065098e-05
2.345204145393076089e-05
2.345113193447101452e-05
2.345099797596006397e-05
2.345041074125475689e-05
2.345131707470748950e-05
2.344969413625719312e-05
2.344806090670559229e-05
2.344728271741480796e-05
2.344412013532970462e-05
2.344141281684919420e-05
2.343845591923354732e-05
2.343340268939897442e-05
2.342552097389649646e-05
2.341274528872006044e-05
2.340070505657543265e-05
2.338412928448718731e-05
2.336414300962985635e-05
2.334315038288181654e-05
2.331128728916276316e-05
2.327160380721782218e-05
2.322132410237376376e-05
2.316195088292172244e-05
2.308881616197577813e-05
2.299339700639890793e-05
2.287822119650950725e-05
2.273500906724290616e-05
2.255548530794015960e-05
2.233242563720594376e-05
2.205048796177777604e-05
2.169416392994172327e-05
2.124450728913096498e-05
2.067106290937203994e-05
1.994108856995246981e-05
1.900858864767318579e-05
1.780076472290836875e-05
1.622992911376464065e-05
1.417686030014131404e-05
1.156097619947615840e-05
8.172003643891478930e-06
3.953752752750006039e-06
1.049780352202489553e-06
6.205382194313102673e-06
9.786829147540032636e-06
7.660887670568605756e-06
6.736126573203549128e-06
3.814045427830148327e-05
7.661071938136476689e-05
9.556329639703875500e-05
7.832574292199190324e-05
4.040167104879532900e-05
9.151844862165248173e-06
5.443147929828917597e-06
7.966773619472178325e-06
4.783911331518453380e-06
8.881784197001252323e-16
