0.000000000000000000e+00
4.927650298913732740e-08
6.951253905818077783e-08
6.888949133365684929e-08
5.564964322690713061e-08
3.421366212563725639e-08
1.003245508890415749e-08
1.901701029982660884e-08
5.180210560506992579e-08
8.412335439356155575e-08
1.155087325788173302e-07
1.416659455300006698e-07
1.689425102036068438e-07
1.916268080881522451e-07
2.148351936348547042e-07
2.341368184888281689e-07
2.512526070530540778e-07
2.664437026567156863e-07
2.810945208819859431e-07
2.934958366340723046e-07
3.026330731570325838e-07
3.131393553346129011e-07
3.201389546791943985e-07
3.277640144849769399e-07
3.337434084649260058e-07
3.375319606035986908e-07
3.413566495025222025e-07
3.454762927956878116e-07
3.463753430743565787e-07
3.513018896894593013e-07
3.540986407424284721e-07
3.554028537022801970e-07
3.527322510743502448e-07
3.569539028802637404e-07
3.548459849289642420e-07
3.584590654304165014e-07
3.557192972403200315e-07
3.552217266999946332e-07
3.536297518147435426e-07
3.529699450499634850e-07
3.500140952628072455e-07
3.460510656916326866e-07
3.431486257365889969e-07
3.378296559164439827e-07
3.320658771288620414e-07
3.275737903152275976e-07
3.209418191207902282e-07
3.128446006694929338e-07
3.044871524915393479e-07
2.943117326514865795e-07
2.831416171522604941e-07
2.685976591143557357e-07
2.533523500991563537e-07
2.355439567836015158e-07
2.161384810017707991e-07
1.960943402101733568e-07
1.718313878962263175e-07
1.476978599423972582e-07
1.184180570268367205e-07
8.887745672758740056e-08
5.735262575967681187e-08
2.726697867494465299e-08
3.100687262502788144e-09
3.106526658136488095e-08
5.583964723943068975e-08
6.629575710626056662e-08
6.915465700085832168e-08
5.061689722918316647e-08
7.778781840883652876e-09
7.172535754218500870e-08
1.975945016496893913e-07
3.825845585891940459e-07
6.413861058929271053e-07
9.845018784648829069e-07
1.435265944871311206e-06
1.993153708523820455e-06
2.658697786706021304e-06
3.421649746537802628e-06
4.262069190907880056e-06
5.127866257947921724e-06
5.950598233273041160e-06
6.676123632365360550e-06
7.198780857975428660e-06
7.499756475293217761e-06
7.509579140196898095e-06
7.254152003199898502e-06
6.743657850694084743e-06
6.043651680109896063e-06
5.224168102224702182e-06
4.370531793917997732e-06
3.530692875730601088e-06
2.748884204373247542e-06
2.074739038349093789e-06
1.499004545268967092e-06
1.038588925861283485e-06
6.802577221520778039e-07
4.120139563967839536e-07
2.165434290768430969e-07
8.557764485939145516e-08
0.000000000000000000e+00
