0.000000000000000000e+00
1.913506257001929001e-04
2.148214838485484890e-04
2.202131063925305554e-04
2.218946261279830523e-04
2.225202522282421214e-04
2.227725096347610290e-04
2.228757670278413983e-04
2.229161890930919654e-04
2.229245148345215810e-04
2.229206676107597929e-04
2.229103204968163610e-04
2.228967008733873101e-04
2.228826948444950773e-04
2.228693215943211570e-04
2.228561380667182235e-04
2.228435403937023551e-04
2.228328697971848626e-04
2.228227799702109380e-04
2.228137014281816874e-04
2.228049170914792043e-04
2.227975898294598522e-04
2.227903879884474136e-04
2.227832483429059707e-04
2.227777657407559175e-04
2.227718164927727784e-04
2.227674184872574514e-04
2.227627558277767150e-04
2.227585374582341515e-04
2.227553068455678797e-04
2.227516722254074821e-04
2.227491239753520702e-04
2.227458056890396776e-04
2.227432763998171694e-04
2.227414701054808432e-04
2.227391316107496522e-04
2.227371390179921917e-04
2.227353766108830513e-04
2.227341531694237986e-04
2.227322604164694297e-04
2.227315780629623987e-04
2.227303742329267422e-04
2.227292056627971917e-04
2.227283384009792755e-04
2.227277396412707944e-04
2.227272635640931142e-04
2.227269158919797931e-04
2.227266780341352614e-04
2.227270793643265634e-04
2.227267552629141889e-04
2.227271874579717093e-04
2.227268502030810282e-04
2.227272450457951081e-04
2.227282015739850962e-04
2.227287276151956874e-04
2.227289669202159317e-04
2.227302702818567681e-04
2.227314199217955704e-04
2.227324492062310313e-04
2.227334092080868189e-04
2.227351075991812479e-04
2.227371966995184138e-04
2.227388693901710681e-04
2.227411460630213114e-04
2.227432711748855709e-04
2.227459482185834005e-04
2.227485245104299239e-04
2.227513992162366563e-04
2.227544803751202451e-04
2.227579873590457282e-04
2.227623885845408935e-04
2.227664382927763143e-04
2.227712661660996574e-04
2.227764268589726981e-04
2.227825713940756458e-04
2.227888724544158094e-04
2.227962026449814559e-04
2.228039659688541008e-04
2.228123875075427307e-04
2.228218879587462453e-04
2.228311794725268413e-04
2.228423582985028517e-04
2.228541557182106558e-04
2.228673575097595005e-04
2.228811574715994226e-04
2.228949041950256671e-04
2.229085058724766810e-04
2.229189974046752454e-04
2.229246988528776896e-04
2.229189042671775312e-04
2.228847284740931300e-04
2.227947181469014382e-04
2.225731925330487471e-04
2.220290796869361927e-04
2.205927738317958742e-04
2.161356947374404314e-04
1.978257647271552955e-04
1.227081821661424321e-04
8.219729175382717301e-04
8.402167461394813297e-08
