0.000000000000000000e+00
1.259614194015767907e-05
1.414104413055561338e-05
1.449586278667869266e-05
1.460651645035504487e-05
1.464768573444796829e-05
1.466428555685350688e-05
1.467108067676470284e-05
1.467374093244711020e-05
1.467428915646884491e-05
1.467403627364305407e-05
1.467335567573169186e-05
1.467245970887542938e-05
1.467153827261480359e-05
1.467065843918646806e-05
1.466979106912180697e-05
1.466896226520741919e-05
1.466826021578881978e-05
1.466759639234815893e-05
1.466699907515245371e-05
1.466642114389404838e-05
1.466593903576285385e-05
1.466546520678679855e-05
1.466499548374855522e-05
1.466463474553147961e-05
1.466424334384264228e-05
1.466395396265696149e-05
1.466364719793222804e-05
1.466336966771120132e-05
1.466315710474397349e-05
1.466291797647123474e-05
1.466275029771146876e-05
1.466253199500222593e-05
1.466236558311795335e-05
1.466224672141969165e-05
1.466209287526165639e-05
1.466196177291045899e-05
1.466184581300211676e-05
1.466176530962037816e-05
1.466164079955145638e-05
1.466159588237037070e-05
1.466151668916282347e-05
1.466143980177747608e-05
1.466138275640904709e-05
1.466134336081115208e-05
1.466131203453624465e-05
1.466128916094433521e-05
1.466127351124058009e-05
1.466129989724507254e-05
1.466127858473775802e-05
1.466130701033296901e-05
1.466128483806894423e-05
1.466131080740673553e-05
1.466137373251630294e-05
1.466140835126861219e-05
1.466142410544435393e-05
1.466150985018899178e-05
1.466158548002471917e-05
1.466165320807011341e-05
1.466171638198066063e-05
1.466182811615812653e-05
1.466196555355292475e-05
1.466207561728882780e-05
1.466222540047468215e-05
1.466236522862374159e-05
1.466254135051858754e-05
1.466271086425496861e-05
1.466290000384784520e-05
1.466310273645632378e-05
1.466333347333037551e-05
1.466362302249279992e-05
1.466388947846120061e-05
1.466420712026295092e-05
1.466454667053973537e-05
1.466495093138675543e-05
1.466536550986941023e-05
1.466584777942703255e-05
1.466635855029707614e-05
1.466691262919095351e-05
1.466753767975781386e-05
1.466814900930035748e-05
1.466888446832737003e-05
1.466966064922470281e-05
1.467052919890132756e-05
1.467143711186835731e-05
1.467234148511131764e-05
1.467323627235561645e-05
1.467392639686870837e-05
1.467430127977120691e-05
1.467391959963926240e-05
1.467167035984484613e-05
1.466574687114530207e-05
1.465116922461096038e-05
1.461536368607685432e-05
1.452084531072816986e-05
1.422752566426765952e-05
1.302231936939346468e-05
6.960961861646186577e-06
5.339516037450309227e-05
6.992369378823470871e-09
