0.000000000000000000e+00
4.648056992362370465e-05
8.145541360105035267e-05
1.080204076234769772e-04
1.284673994775831218e-04
1.441351920341560344e-04
1.568937458072960922e-04
1.670388597478922321e-04
1.753013978746942314e-04
1.821717458639904308e-04
1.879111536289279627e-04
1.926800197220579491e-04
1.967117712829979936e-04
2.002155850402420612e-04
2.031941319171615135e-04
2.057342414942819886e-04
2.079085697381799491e-04
2.099204389691688988e-04
2.117441247667661841e-04
2.132389616791297016e-04
2.146131978991716593e-04
2.157756871572491519e-04
2.168766626803320108e-04
2.178287405215639794e-04
2.186802712805802074e-04
2.194094003322710762e-04
2.200930930410516240e-04
2.207390679958010082e-04
2.211638890716738359e-04
2.216891390700581610e-04
2.222190569185489295e-04
2.226105374475428889e-04
2.229580524025776000e-04
2.232326372035853268e-04
2.235338984341028734e-04
2.237674524130373044e-04
2.238804141585504226e-04
2.240491010777612146e-04
2.241874288012590810e-04
2.242965308159039495e-04
2.244636875308181345e-04
2.245166644514462462e-04
2.244242721914924132e-04
2.245411179150336167e-04
2.245127876312480453e-04
2.243707832807473324e-04
2.243419776104538244e-04
2.242622145500750008e-04
2.240892703458952084e-04
2.238306269607415189e-04
2.237466271778343341e-04
2.234218872610993500e-04
2.232372796006076854e-04
2.229266791461403940e-04
2.224857497870047496e-04
2.221792474632611203e-04
2.216117281932383776e-04
2.212383257629291222e-04
2.206834216067488086e-04
2.199709114585335357e-04
2.192456764569250538e-04
2.185072927316511482e-04
2.177083953549541206e-04
2.167800269509134736e-04
2.157019189910069912e-04
2.143890488255362214e-04
2.130166041918180042e-04
2.115887688245443599e-04
2.097437563041149033e-04
2.077685039609811213e-04
2.055034350377793473e-04
2.029282526976317058e-04
1.998679035483119648e-04
1.963924952523843359e-04
1.922736203510133635e-04
1.874099802932072123e-04
1.816169696275959922e-04
1.746513368415802958e-04
1.661545501486783039e-04
1.557363569860692465e-04
1.427670401746850004e-04
1.267307267508455126e-04
1.055665927149895822e-04
7.841082452586523033e-05
4.261795767590559336e-05
5.209781833159787823e-06
7.008947947606536388e-05
1.575745372722758830e-04
2.733773065453082296e-04
4.188516825555099743e-04
5.785642224337417261e-04
7.122197692259746304e-04
7.619196457175902992e-04
7.020965822253089073e-04
5.640222638958469759e-04
4.040644710976426524e-04
2.606864166522226967e-04
1.479764289151752621e-04
6.282745487828922393e-05
2.559245293465295390e-08
