0.000000000000000000e+00
6.378598760292675252e-09
8.714789223596142165e-09
8.937477868897758526e-09
7.295983039945497239e-09
4.090368710407688013e-09
3.974995888000876221e-10
3.649827551299722472e-09
7.517739319951033394e-09
1.183233311330411652e-08
1.589081088937405184e-08
1.946939776065192973e-08
2.295419565534473350e-08
2.620322847590728088e-08
2.911696006524522318e-08
3.173630580555197866e-08
3.430415407290610119e-08
3.631057232666989876e-08
3.815578253352214233e-08
3.970250872509240025e-08
4.084600802034543676e-08
4.197707148545504197e-08
4.321623792158391097e-08
4.398908770575360450e-08
4.488960436699329648e-08
4.564084998825990169e-08
4.599404868077527908e-08
4.661222074986426378e-08
4.678503984223425505e-08
4.741380843498177455e-08
4.752770732530109399e-08
4.775196715822715987e-08
4.845777656914407316e-08
4.858804836249674963e-08
4.866080161036734353e-08
4.785882878888259029e-08
4.779182805059178918e-08
4.773221529141835617e-08
4.808600428951592676e-08
4.759765537265536750e-08
4.683192611487640988e-08
4.679534226781356665e-08
4.650293672359140373e-08
4.572692391402455314e-08
4.513336371303466876e-08
4.441030099222587069e-08
4.339281634013758548e-08
4.244364770755737482e-08
4.140763376625500314e-08
4.003721110201752253e-08
3.851983820801763159e-08
3.690471117590021777e-08
3.471501575091906489e-08
3.249672819727322803e-08
3.014369021059337683e-08
2.703851542662505381e-08
2.441228297289654847e-08
2.084909400679180180e-08
1.686136752443445630e-08
1.301657670538247658e-08
8.575788412734652866e-09
4.560925193075604511e-09
5.499278810106034143e-10
3.243841639744005079e-09
6.181143596961646836e-09
8.184050992454672269e-09
8.484645985795680190e-09
6.493107385097118822e-09
6.678221309286413998e-10
9.739118400631241457e-09
2.603784565735622891e-08
5.055293161859708562e-08
8.478009849710588242e-08
1.306920965893354492e-07
1.893701701005667815e-07
2.635941221962312397e-07
3.507055853502194509e-07
4.521660885714595679e-07
5.628943059443614061e-07
6.765352495996523885e-07
7.846383482945640253e-07
8.783829357206229815e-07
9.496929688213029408e-07
9.881932734323584100e-07
9.926571218343838154e-07
9.568201442267110224e-07
8.896291869842087863e-07
7.979127093493687539e-07
6.897856442700245339e-07
5.769616086004347721e-07
4.657257509643741855e-07
3.630660218023606944e-07
2.729076445939782047e-07
1.969065065443587059e-07
1.365153949883790574e-07
8.927807093606077160e-08
5.356064058936738093e-08
2.839571466850543402e-08
1.092786583445359838e-08
0.000000000000000000e+00
