0.000000000000000000e+00
5.199337498318357120e-07
7.379383306638231943e-07
7.443402958440259454e-07
5.790665684735074592e-07
3.567748264599046593e-07
6.141979436158351291e-08
2.370699316855962024e-07
5.811337602246169354e-07
9.278301685844425606e-07
1.239406243191965018e-06
1.507195318106724358e-06
1.794157170387222777e-06
2.075588194760946692e-06
2.321120804227305712e-06
2.528321025097035601e-06
2.674798602608774445e-06
2.862050818119854512e-06
2.996450085168689270e-06
3.130167017251217487e-06
3.222857320128724723e-06
3.318101309823795475e-06
3.409385690544830538e-06
3.465975047967084777e-06
3.547142315318829731e-06
3.603922349770805056e-06
3.653908309919629005e-06
3.682287125328365107e-06
3.705403518239336336e-06
3.725219897110498835e-06
3.756635110763184571e-06
3.770673107972299931e-06
3.780451076296209578e-06
3.788832363404992520e-06
3.801623867039083393e-06
3.796655429155748607e-06
3.783003055257694314e-06
3.764396778405121324e-06
3.760210753656068050e-06
3.736324613812236350e-06
3.703147271494344750e-06
3.677935133450382921e-06
3.658644516124631707e-06
3.614138645469111566e-06
3.572801412721204883e-06
3.473251097951823851e-06
3.397835812934957289e-06
3.331121710470341668e-06
3.233409112790575080e-06
3.129990428951678894e-06
3.019713651353228556e-06
2.884731365448978124e-06
2.735141647614014460e-06
2.546078754273040090e-06
2.325089411114866778e-06
2.090127541265474065e-06
1.830917891298966538e-06
1.571060892935349784e-06
1.281581809342569045e-06
9.637289108965774176e-07
6.016042831680223912e-07
2.933981683161945853e-07
2.486785488642340169e-08
3.183503949344412831e-07
5.772565494499559691e-07
7.364612969462669412e-07
7.387334214348229011e-07
5.501763292725669885e-07
1.012229867702885144e-07
7.355920600415899457e-07
2.065270477635827717e-06
4.014948800756812375e-06
6.778341090751816012e-06
1.041350706654231573e-05
1.519745222433588339e-05
2.111044325758815177e-05
2.817901170737435734e-05
3.632046854362691590e-05
4.523535512424015081e-05
5.440842079673657850e-05
6.310004441789640595e-05
7.079593960090946325e-05
7.647642024655176840e-05
7.953343788469346975e-05
7.979030619609250863e-05
7.701430473905368501e-05
7.159581471749554282e-05
6.417441509054544468e-05
5.551244688151157902e-05
4.643631330181197114e-05
3.745505769436885402e-05
2.926895700161580294e-05
2.197380429902473509e-05
1.586995178715078225e-05
1.096359810748293029e-05
7.160389574378811517e-06
4.322600246187136008e-06
2.271413459098425847e-06
8.847663809374850530e-07
2.220446049250313081e-16
