0.000000000000000000e+00
9.768099828999510237e-08
1.389691018927052824e-07
1.407278686915702792e-07
1.104111181371436601e-07
6.940025010226946733e-08
1.469973043288774761e-08
4.060699010377533114e-08
1.044781708925413000e-07
1.688633559648877736e-07
2.267173603298644480e-07
2.764375396369089799e-07
3.297747641628490101e-07
3.820814786781312478e-07
4.277244071149155502e-07
4.662304423641572271e-07
4.934224658859065471e-07
5.282386384974913085e-07
5.532142158815034350e-07
5.780571311619908670e-07
5.952734642988843916e-07
6.129592333703470786e-07
6.299284777133706825e-07
6.404290876504958874e-07
6.555125573459719135e-07
6.660601293839718551e-07
6.753430324968334730e-07
6.806035598438953116e-07
6.848876251686064620e-07
6.885708182524652443e-07
6.944067855174651527e-07
6.970097373715233857e-07
6.988235842220191785e-07
7.003808554228996286e-07
7.027586863550538965e-07
7.018383714196829715e-07
6.992980620124100710e-07
6.958415168512033233e-07
6.950680749850945972e-07
6.906310051624231505e-07
6.844700026764627410e-07
6.797938011393611646e-07
6.762174633578865723e-07
6.679580428770037770e-07
6.602845814551727699e-07
6.417721242213403343e-07
6.277603651350105451e-07
6.153717654333590303e-07
5.972162586687090879e-07
5.780101504093693165e-07
5.575237929100751444e-07
5.324520189198267417e-07
5.046607641778777520e-07
4.695197087789537704e-07
4.284387836728242860e-07
3.847631132591899927e-07
3.365809129185493020e-07
2.883192324887318136e-07
2.345444756191028546e-07
1.754954993549162623e-07
1.082272160779496062e-07
5.105737410637800622e-08
7.957934089475315886e-09
6.230613835978005000e-08
1.101591426966308518e-07
1.393592410359190126e-07
1.392275660316855124e-07
1.034540501043679228e-07
1.896317924909851627e-08
1.378791686379443604e-07
3.867209119601255907e-07
7.512583640734149526e-07
1.267609850197359833e-06
1.946522043994036721e-06
2.839674346000187199e-06
3.944944353184709485e-06
5.263998799853730759e-06
6.782803201210718669e-06
8.445637024512286928e-06
1.015671697868203438e-05
1.177730624080108868e-05
1.321190753034162668e-05
1.427081215898962085e-05
1.484041206523123435e-05
1.488834257623583568e-05
1.437080786614863825e-05
1.336085345304827143e-05
1.197734350455448293e-05
1.036227739281692095e-05
8.668433441605394307e-06
6.993243658937053908e-06
5.465939786342133289e-06
4.104774165569757827e-06
2.965271174049100011e-06
2.049296042749837454e-06
1.338971873710015359e-06
8.087271271550733331e-07
4.252575029894956060e-07
1.657921748776658433e-07
0.000000000000000000e+00
