0.000000000000000000e+00
2.884323635488073023e-08
4.110843010440845546e-08
4.016551546914826076e-08
3.185589936283150791e-08
1.869262411524630352e-08
2.728314241196017065e-09
1.495961732267403477e-08
3.433936968111339638e-08
5.367397015731967258e-08
7.185593375869103738e-08
8.847558941038613511e-08
1.037876775633606030e-07
1.182173358094118498e-07
1.310106386709364301e-07
1.419562584148437168e-07
1.533487993254922799e-07
1.629264335667457431e-07
1.703846997935798413e-07
1.782957602669554831e-07
1.833794360805995893e-07
1.895153226572077187e-07
1.947252454836956304e-07
1.995374029339913591e-07
2.011768104326350226e-07
2.044105632537096540e-07
2.072320889334733351e-07
2.085583803435042682e-07
2.105542683539241011e-07
2.122041170560251544e-07
2.140110560988617294e-07
2.149188205180507794e-07
2.150913868126380635e-07
2.146732044350230240e-07
2.154613555349627063e-07
2.159749906693875232e-07
2.163771779528644856e-07
2.147525399731620155e-07
2.137422654424625534e-07
2.124789438839869149e-07
2.112182112545823998e-07
2.086449771843135181e-07
2.087083635915476520e-07
2.067808563266382293e-07
2.034129370498405365e-07
1.987541309311779969e-07
1.947005742186647126e-07
1.899544218586513011e-07
1.852858699802339970e-07
1.795705681928438935e-07
1.730695422530459382e-07
1.646007474764843437e-07
1.538562965919254566e-07
1.444838446662544129e-07
1.330557586332048459e-07
1.206797206609877549e-07
1.057701266571342558e-07
9.004306456006361259e-08
7.340280039347391039e-08
5.592662910558487965e-08
3.761494216103500321e-08
1.955832507061217029e-08
1.158331763839726136e-09
1.577370156713442384e-08
2.871836202178457143e-08
3.901285872132120858e-08
3.870984610632177692e-08
2.835182633109667449e-08
3.597369957475393676e-09
4.289946253788201602e-08
1.183426036055479358e-07
2.283731659336041275e-07
3.820611785831928842e-07
5.863461932653635245e-07
8.528457758893992491e-07
1.185578716866864113e-06
1.581034877129461336e-06
2.037280266709018406e-06
2.537733807428388388e-06
3.051833600276054881e-06
3.532373379910858091e-06
3.959572968281754868e-06
4.271959417212478627e-06
4.448650831712086529e-06
4.456315299661284257e-06
4.303197249866386187e-06
4.003982055689192521e-06
3.584571187320584329e-06
3.100843711023593130e-06
2.593687690288781766e-06
2.091692703376502038e-06
1.631297790516406110e-06
1.229455674489621231e-06
8.891281314538090896e-07
6.141648525304077566e-07
4.015512400368237422e-07
2.421900339166782601e-07
1.275590650884339539e-07
5.020108939657319524e-08
3.330669073875469621e-16
