0.000000000000000000e+00
5.384953483122956186e-09
7.676181579263641197e-09
7.502547250126667677e-09
5.954012616271597835e-09
3.499594281031193077e-09
5.222972054852448309e-10
2.776805230197965102e-09
6.391763562874075433e-09
9.998477157324714426e-09
1.339016164614292848e-08
1.649053926744414866e-08
1.934685966986648964e-08
2.203873195050221057e-08
2.442531288338045670e-08
2.646726915411790060e-08
2.859259840004568787e-08
3.037920559556539502e-08
3.177053975456090029e-08
3.324634323398356628e-08
3.419473149079976793e-08
3.533929471277730272e-08
3.631120348845939816e-08
3.720894925507423068e-08
3.751478272473462994e-08
3.811802484765536292e-08
3.864421749266711004e-08
3.889160038461625390e-08
3.926391667352646664e-08
3.957167948875905950e-08
3.990876584758495937e-08
4.007805509687045742e-08
4.011024878902702540e-08
4.003231590665734529e-08
4.017919497112387717e-08
4.027503375247931672e-08
4.035009015801449550e-08
4.004713660687997390e-08
3.985852703447534395e-08
3.962298900095362342e-08
3.938766957034545158e-08
3.890774169512667413e-08
3.891949762468982499e-08
3.855998542690031172e-08
3.793165237464535267e-08
3.706267159842013825e-08
3.630644906937874339e-08
3.542093118813482988e-08
3.455000519014816973e-08
3.348384436385742902e-08
3.227105671577135126e-08
3.069115173115477546e-08
2.868680781809018754e-08
2.693824363575458847e-08
2.480628280565611021e-08
2.249750630234359505e-08
1.971617791252100460e-08
1.678211758449066338e-08
1.367788571293715449e-08
1.041792530021012908e-08
7.001865087730152482e-09
3.633712886141893250e-09
2.016162792273235027e-10
2.956386913055553123e-09
5.370162647899690000e-09
7.289127967879949210e-09
7.230558929371966315e-09
5.295377469849427143e-09
6.735945135005749762e-10
8.005545559797155875e-09
2.208618388177541192e-08
4.262102104579668094e-08
7.130242540842601784e-08
1.094255116518283444e-07
1.591572992287737520e-07
2.212476434282351079e-07
2.950405190160765301e-07
3.801761154775817886e-07
4.735604580696772814e-07
5.694892150076569237e-07
6.591511234610436532e-07
7.388666284358080816e-07
7.971550256558046499e-07
8.301238287877765742e-07
8.315543338355269043e-07
8.029846929602513228e-07
7.471545950821223414e-07
6.688955547229369358e-07
5.786369650095934958e-07
4.840034781850022227e-07
3.903331730059633742e-07
3.044231975390943035e-07
2.294381182821325638e-07
1.659308077606169718e-07
1.146195297563323834e-07
7.494259901541511226e-08
4.520229168747391668e-08
2.380881947150470523e-08
9.370567988220557254e-09
4.440892098500626162e-16
