0.000000000000000000e+00
7.944692037575862287e-08
1.117826479157812969e-07
1.451624328518974494e-07
1.783153938950121642e-07
2.107972383313949649e-07
2.419992707336504623e-07
2.714195368458405255e-07
2.991990911693775956e-07
3.247912048198742241e-07
3.486349112735709355e-07
3.700662785099950725e-07
3.901404045381084984e-07
4.082798842341972545e-07
4.247983578231639967e-07
4.398443943509633414e-07
4.533228458170057706e-07
4.657576031519283788e-07
4.766380283793836270e-07
4.865409484189342493e-07
4.952954192338765438e-07
5.033177996605076032e-07
5.103517485283148858e-07
5.167149513818358741e-07
5.222612908806212317e-07
5.271218760372065049e-07
5.315915140302607256e-07
5.352186426277327769e-07
5.381473899834787744e-07
5.406941402386067352e-07
5.428578385702209630e-07
5.444832068546290316e-07
5.456463798569899382e-07
5.462878599482579034e-07
5.466354999761335876e-07
5.463290964069500433e-07
5.457351730520088040e-07
5.446493963612297762e-07
5.431477148043484249e-07
5.409780047260781544e-07
5.385355074105646622e-07
5.355906912418717525e-07
5.320897986660355627e-07
5.276666914522110119e-07
5.229947289686620593e-07
5.175327443263100236e-07
5.112860942402264186e-07
5.042062146687342761e-07
4.964248357941514200e-07
4.876763960437457968e-07
4.778965482232777617e-07
4.671708178083378016e-07
4.549588272784177434e-07
4.415639620614086880e-07
4.266729064505980773e-07
4.103863537885388268e-07
3.923907133662751789e-07
3.725960476819167866e-07
3.511848197801370475e-07
3.278700512199250738e-07
3.024096871806492004e-07
2.749920644529169067e-07
2.458414416484089315e-07
2.145455900715020903e-07
1.822729061018435459e-07
1.492498644672934915e-07
1.158466366169008666e-07
8.325967926214872250e-08
2.008028312516785263e-07
2.717222324921664267e-08
7.736801421742711682e-09
2.626494466362316871e-09
6.924866235991089525e-10
1.729469212286005586e-08
5.448336570790246469e-08
1.127935058686801995e-07
1.939084951496639064e-07
2.970447695593847470e-07
4.180036151657517962e-07
5.489203553921129242e-07
6.792342225336867045e-07
7.951892442292773922e-07
8.831008596610345762e-07
9.324186320824878749e-07
9.350299614574453244e-07
8.913497380191870434e-07
8.077630643255062637e-07
6.941150606509793874e-07
5.648239499445040224e-07
4.336915305769295514e-07
3.107485578857094310e-07
2.051199723407393094e-07
1.215330349690901812e-07
6.017164311256095743e-08
2.075756599939637681e-08
3.097546663610728501e-10
3.200484099963318840e-09
5.889204235387524022e-09
2.434688450847488639e-08
0.000000000000000000e+00
