0.000000000000000000e+00
3.206082122009235036e-08
4.506894124567395465e-08
5.849700812632363522e-08
7.183377204178498232e-08
8.490053515775031201e-08
9.745244478054360115e-08
1.092875673291970884e-07
1.204626527417929083e-07
1.307577683906657739e-07
1.403495373253349499e-07
1.489708731927663621e-07
1.570462139222073006e-07
1.643433145126493855e-07
1.709882987421806888e-07
1.770409381318671649e-07
1.824630034841234760e-07
1.874652092448414464e-07
1.918421524971236636e-07
1.958258351031361144e-07
1.993475676753675430e-07
2.025747591893889421e-07
2.054043508614711300e-07
2.079641253649455734e-07
2.101952807365137232e-07
2.121505601193618418e-07
2.139485721919243133e-07
2.154076893523537706e-07
2.165858599134651286e-07
2.176103504059057059e-07
2.184807655902787360e-07
2.191346119007064885e-07
2.196025146172786435e-07
2.198605800751707307e-07
2.200004096675201026e-07
2.198771575923075261e-07
2.196382344887837235e-07
2.192014606494652185e-07
2.185973539958752099e-07
2.177245375101222180e-07
2.167419612675303142e-07
2.155573486373185688e-07
2.141490103024779046e-07
2.123697198097573846e-07
2.104902867561264657e-07
2.082930743441124832e-07
2.057801971044881384e-07
2.029321304330977682e-07
1.998018600568585157e-07
1.962825736390172437e-07
1.923483982091411804e-07
1.880336808479654565e-07
1.831210928449067410e-07
1.777326578134008628e-07
1.717423390168448805e-07
1.651906569311023532e-07
1.579514238292389905e-07
1.499884925149075343e-07
1.413752596102213488e-07
1.319962451562517458e-07
1.217541363285334910e-07
1.107246391240934713e-07
9.899797193124726391e-08
8.640832138695486719e-08
7.342569463553161313e-08
6.014116993302565106e-08
4.670366304804218771e-08
3.359446654194186976e-08
6.238119062973446205e-08
1.103111169076242959e-08
3.212206944880335868e-09
9.573406511975690591e-10
1.800969373633165560e-10
7.054779205262207142e-09
2.201377458099784690e-08
4.546935417071296115e-08
7.809863789010051960e-08
1.195864920422451405e-07
1.682439678685199169e-07
2.209073780568004963e-07
2.733284392153478848e-07
3.199735372216849782e-07
3.553376157761078957e-07
3.751768093973595342e-07
3.762272979823677588e-07
3.586561345692018676e-07
3.250318323377854313e-07
2.793147738655576973e-07
2.273051660228730952e-07
1.745550133325224351e-07
1.250993868495697825e-07
8.260893347156184063e-08
4.898524752494637369e-08
2.430227685756847222e-08
8.448011956652123899e-09
2.232551921110825788e-10
1.188063536439187828e-09
2.469128457249780695e-09
9.894705277346815819e-09
0.000000000000000000e+00
