0.000000000000000000e+00
1.037381291979500020e-11
4.015843213522884980e-11
9.131462253009203778e-11
1.634529178673460592e-10
2.528235398813194479e-10
3.578539686799331321e-10
4.783323737100886319e-10
6.135372210280820582e-10
7.607853236279993325e-10
9.137526291169706383e-10
1.074171307458016145e-09
1.239332303448748007e-09
1.404386718029115855e-09
1.568947749497340283e-09
1.727244347549117265e-09
1.879876920796164086e-09
2.021304346122576590e-09
2.156190670454805058e-09
2.273621180215457116e-09
2.372608443046431148e-09
2.457675951639259893e-09
2.522924646974900043e-09
2.572495994002110820e-09
2.597088211153675275e-09
2.603809501344755972e-09
2.591759029613172061e-09
2.550320843397457793e-09
2.492505646323195378e-09
2.420519784607222391e-09
2.329200721185031853e-09
2.216621775019689267e-09
2.087635508907226267e-09
1.952950912098572189e-09
1.808480143417057207e-09
1.650225511795611055e-09
1.487270195887901991e-09
1.324050313833424752e-09
1.159446205711844868e-09
9.934327804828058106e-10
8.363080228335206812e-10
6.867981738878370379e-10
5.471890718311556157e-10
4.198416059253418098e-10
3.058783226705941161e-10
2.096415263608264468e-10
1.285043182974732190e-10
6.725808798790922083e-11
2.642186469614671296e-11
4.902855899047153798e-12
3.645195256751776469e-12
2.417399613818815851e-11
6.484124348560271756e-11
1.264625071328850936e-10
2.075895011444117699e-10
3.049334118543356453e-10
4.174242063115229939e-10
5.462160723723741285e-10
6.867613144834194827e-10
8.374747562100992582e-10
9.949843171597194669e-10
1.156508777633291629e-09
1.319765741136791348e-09
1.482743927638807691e-09
1.647438740981499450e-09
1.804384752723819929e-09
1.949871597517471855e-09
2.088360706586911419e-09
2.214856187343627880e-09
2.324744508008791399e-09
2.416528310789090028e-09
2.490880501859749074e-09
2.552158706592422277e-09
2.586906133750233039e-09
2.602097759485388906e-09
2.594801484789854840e-09
2.571245549809475506e-09
2.524411790716385440e-09
2.456608361178780342e-09
2.373508500852494763e-09
2.269482046735049607e-09
2.152461320292786695e-09
2.018670675063560793e-09
1.876449440274541303e-09
1.727284537622608696e-09
1.568525864747982723e-09
1.401104676723718967e-09
1.236184155040120913e-09
1.073241939764102426e-09
9.156452263070491426e-10
7.603458973548526956e-10
6.146001485518581831e-10
4.791201879683626430e-10
3.578005669524486621e-10
2.517855923755973890e-10
1.624597123495163942e-10
9.105471932002728863e-11
4.067679526542633539e-11
9.979461701448144595e-12
0.000000000000000000e+00
