0.000000000000000000e+00
7.251923284101735590e-09
2.902475204624721528e-08
6.512502881417248091e-08
1.148209178847281464e-07
1.769774478077579261e-07
2.509363216107729500e-07
3.356860895920021903e-07
4.297508368056313088e-07
5.314972754133506783e-07
6.395981229090352826e-07
7.517655117306176749e-07
8.665497562843071933e-07
9.819341523220614931e-07
1.096292133628828935e-06
1.207791004986802363e-06
1.314391997686570335e-06
1.414053100945444896e-06
1.505666275880557237e-06
1.587966569238652426e-06
1.660754146315390756e-06
1.722057542008492703e-06
1.766188293728099268e-06
1.797130330105645157e-06
1.815777648683791767e-06
1.819067281472186437e-06
1.808101134703754553e-06
1.783039632496929983e-06
1.745806448627540419e-06
1.692708411549226355e-06
1.625481874767409352e-06
1.548355474612073124e-06
1.461330263352600412e-06
1.365144547627039628e-06
1.262222357634179559e-06
1.152843036145156930e-06
1.039642584688138527e-06
9.245615779640559140e-07
8.091980896463013551e-07
6.955591880242195657e-07
5.853014505285969449e-07
4.799930758414561183e-07
3.820142461252729049e-07
2.925054772839885686e-07
2.128706134696400909e-07
1.448892953392899585e-07
8.858294742175587544e-08
4.584875323843107253e-08
1.652771164373234569e-08
2.166001267234207717e-09
2.261975717843256461e-09
1.671230098754250548e-08
4.540513642847798792e-08
8.818407570831965359e-08
1.439698463778782411e-07
2.126011018344087233e-07
2.924595833286858237e-07
3.819267387905611599e-07
4.797998088834631858e-07
5.847173565332042244e-07
6.948618205271372972e-07
8.085345206687577502e-07
9.239182029441295185e-07
1.039458963458805840e-06
1.152190445607992331e-06
1.261695357190895095e-06
1.365936849961890687e-06
1.461389563250925505e-06
1.548303073417578446e-06
1.624292042534669633e-06
1.690329184844685528e-06
1.742154729145184433e-06
1.782485209544937277e-06
1.807218840466084941e-06
1.818931682384672399e-06
1.815012637296220532e-06
1.796782529983609322e-06
1.763744769567310300e-06
1.718217665258592319e-06
1.658462134956906198e-06
1.587561133109538503e-06
1.505993158401608412e-06
1.414164866875289306e-06
1.314412553576893572e-06
1.206794720376436203e-06
1.096177878801007921e-06
9.817203506790050938e-07
8.659501143926107147e-07
7.509401270811011386e-07
6.389908940862554232e-07
5.311047915901312422e-07
4.295593079017834270e-07
3.356418892819235111e-07
2.509104853887222930e-07
1.763592980541517363e-07
1.141221616096643743e-07
6.483050396521861103e-08
2.880776250879790723e-08
7.221327202877603213e-09
0.000000000000000000e+00
