0.000000000000000000e+00
1.373214717492743375e-07
2.123610489679350621e-07
2.720240691589381754e-07
3.187912146485061271e-07
3.549584237649838769e-07
3.829587571502202081e-07
4.047111835658867562e-07
4.217232884018429218e-07
4.350846068978952985e-07
4.456609538072697774e-07
4.540611897585478118e-07
4.607642331011518877e-07
4.661769357205969300e-07
4.705578752206562854e-07
4.741696311150178644e-07
4.770742949578021808e-07
4.794382445494349554e-07
4.813637302092388381e-07
4.829532468386688038e-07
4.843198710968721343e-07
4.854591075797998201e-07
4.863988372072469701e-07
4.871473583412111452e-07
4.878292668708539281e-07
4.883349628004296505e-07
4.888201567965211325e-07
4.891930730499538527e-07
4.895240087732233292e-07
4.898070693482026172e-07
4.900334062973854543e-07
4.901970693804713619e-07
4.903309587245274770e-07
4.904388943849369298e-07
4.905724980686088088e-07
4.906985103803052084e-07
4.907502612061520608e-07
4.907945109211553358e-07
4.908531753278211340e-07
4.909141834152919159e-07
4.909011287468345586e-07
4.909672680630805530e-07
4.909692747911975630e-07
4.909509573325365750e-07
4.909661560636990885e-07
4.909361531746370133e-07
4.909120571161551538e-07
4.908485231602810472e-07
4.908326320940403775e-07
4.907406927490143289e-07
4.906746872146428018e-07
4.905344210826001472e-07
4.904311935449712223e-07
4.903133730138620194e-07
4.901824192105053157e-07
4.899909452626971529e-07
4.897830051531215645e-07
4.894959495516104653e-07
4.891212164181979460e-07
4.887857552038354925e-07
4.882928289484667062e-07
4.877552449711330951e-07
4.870848460125642987e-07
4.862820505158182982e-07
4.853324223619281952e-07
4.842429871532161201e-07
4.828180174554219661e-07
4.812068667980895498e-07
4.792172578760300894e-07
4.767893658774724486e-07
4.738816919980237685e-07
4.701810903950942588e-07
4.657430476839863331e-07
4.602239590534296099e-07
4.533673240159075135e-07
4.447404041707514466e-07
4.339595783831029507e-07
4.203443897399239404e-07
4.029112343761909187e-07
3.806716779575225473e-07
3.519935518614403236e-07
3.148516399820167067e-07
2.669782909192619513e-07
2.059747717941817768e-07
1.293402761559647729e-07
1.451389057549601347e-07
5.865421814910121157e-08
1.343741504733486636e-07
1.252755575942288147e-07
6.891375892159601335e-08
5.235953952631433594e-07
1.097975006580931279e-06
1.356426486576189916e-06
1.047485225003086384e-06
4.702325463457057708e-07
3.866017650455688681e-08
1.325906137106258598e-07
1.295698136560829994e-07
4.984381962724881987e-08
5.276177188293790232e-10
