0.000000000000000000e+00
1.566704446176458987e-07
2.422833725868045462e-07
3.103529018222417335e-07
3.637094132535878543e-07
4.049723911769831375e-07
4.369177678542612853e-07
4.617349177449270314e-07
4.811438454321859126e-07
4.963876288899271572e-07
5.084540745103893755e-07
5.180378002123120496e-07
5.256852323443084174e-07
5.318605132975662286e-07
5.368586779574968659e-07
5.409792620536535424e-07
5.442931565458053456e-07
5.469901698251788957e-07
5.491869229379275907e-07
5.510003879827252149e-07
5.525595541122640952e-07
5.538592880993675749e-07
5.549314078256983862e-07
5.557853993698458339e-07
5.565633794946123203e-07
5.571403338677782813e-07
5.576938637563699785e-07
5.581193163184394734e-07
5.584968975069770636e-07
5.588198276340605730e-07
5.590780562947372800e-07
5.592647792651561645e-07
5.594175341849805250e-07
5.595406785685597129e-07
5.596930977569414267e-07
5.598368554293742250e-07
5.598959093022770617e-07
5.599464089067751615e-07
5.600133249350491838e-07
5.600829152685449230e-07
5.600680460515761183e-07
5.601434743818245465e-07
5.601457817583366250e-07
5.601248862507901549e-07
5.601422180534498807e-07
5.601079899886229896e-07
5.600804869887454629e-07
5.600080186241029878e-07
5.599898709185424650e-07
5.598849955879003915e-07
5.598096871617386228e-07
5.596496736037792630e-07
5.595318827156248176e-07
5.593974642392751662e-07
5.592480597504945194e-07
5.590296235924441248e-07
5.587923748162637594e-07
5.584648702372518869e-07
5.580373553248918483e-07
5.576546120433789611e-07
5.570922468889349943e-07
5.564789278267312511e-07
5.557140823064798951e-07
5.547981708486915409e-07
5.537147665934938345e-07
5.524718119653826420e-07
5.508461010661491741e-07
5.490079556524918303e-07
5.467380371770858005e-07
5.439680773600130692e-07
5.406507500582691250e-07
5.364287896103547837e-07
5.313654670713319206e-07
5.250687989954982982e-07
5.172461495783764462e-07
5.074037925378860336e-07
4.951040578626830779e-07
4.795706266547128394e-07
4.596813159007950844e-07
4.343083618296716963e-07
4.015896647446837164e-07
3.592146339270740896e-07
3.045959985348289933e-07
2.349969742132529404e-07
1.475642315007519301e-07
1.526271537766188402e-07
6.692046328193868021e-08
1.533089962757472335e-07
1.429236229366637190e-07
7.863198436819374137e-08
5.973730257124998388e-07
1.252650996153015228e-06
1.547486692343724712e-06
1.195047593549602993e-06
5.365050070871291155e-07
4.412292653466209913e-08
1.512676085502207002e-07
1.478262547927045034e-07
5.686761217482683151e-08
5.487695819679852538e-10
