0.000000000000000000e+00
1.959721829036809027e-06
2.151361154889563920e-06
2.195358900003441249e-06
2.209078487469540164e-06
2.214186909932358560e-06
2.216242499186726889e-06
2.217087106459736390e-06
2.217412494176507209e-06
2.217488862976679798e-06
2.217454411757024957e-06
2.217365054901776489e-06
2.217258948444822408e-06
2.217144432048456792e-06
2.217031399465163588e-06
2.216924884113069538e-06
2.216824575573816958e-06
2.216735965676619458e-06
2.216655127007527426e-06
2.216581129976802345e-06
2.216511684416389016e-06
2.216449403569242804e-06
2.216388822251502688e-06
2.216334995530644392e-06
2.216286282719082124e-06
2.216242291908088191e-06
2.216201942739637332e-06
2.216165525981139695e-06
2.216132757193456371e-06
2.216104197261259401e-06
2.216076843364334081e-06
2.216051635861582270e-06
2.216028661239377584e-06
2.216008661903856591e-06
2.215989346021629558e-06
2.215972124575138480e-06
2.215956458329060297e-06
2.215940333338828339e-06
2.215927666138206575e-06
2.215916486747460112e-06
2.215906554803304118e-06
2.215899511326391291e-06
2.215890882895088509e-06
2.215884665757172911e-06
2.215880100409073350e-06
2.215876400368799182e-06
2.215873856847849765e-06
2.215873383337729763e-06
2.215873940669688125e-06
2.215869644661694338e-06
2.215875036570835732e-06
2.215876106825831471e-06
2.215874692734765006e-06
2.215878804001647495e-06
2.215883206480029344e-06
2.215893629142762222e-06
2.215900410829085843e-06
2.215909554625916655e-06
2.215919280068590069e-06
2.215925822279807278e-06
2.215938338157030785e-06
2.215955521966961328e-06
2.215970657526433740e-06
2.215988952336545026e-06
2.216007818578447086e-06
2.216027161106026711e-06
2.216049504455419594e-06
2.216075473571166299e-06
2.216100980612090154e-06
2.216127763743358514e-06
2.216160719159532277e-06
2.216197781401696432e-06
2.216235233887253742e-06
2.216279190281333911e-06
2.216327503301585011e-06
2.216382952169304588e-06
2.216436961521850435e-06
2.216500008866972848e-06
2.216572050794951565e-06
2.216644108044008021e-06
2.216726965098558821e-06
2.216815499833657555e-06
2.216912001640203300e-06
2.217015063421534649e-06
2.217132528348209064e-06
2.217246562130625875e-06
2.217355495215400651e-06
2.217442789942403181e-06
2.217487645395088691e-06
2.217441047558388334e-06
2.217161906514775183e-06
2.216430371571043167e-06
2.214627741525809768e-06
2.210196316076995515e-06
2.198474327030908171e-06
2.162113355130834691e-06
2.012575680776507170e-06
1.004411916860625809e-06
7.022416434132594532e-06
2.410181429435276357e-16
