0.000000000000000000e+00
8.155420407884861334e-07
1.067349150285501480e-06
1.267554909367696325e-06
1.424390112303441924e-06
1.545830628502109505e-06
1.639749409032553729e-06
1.713018280558031847e-06
1.769620028957419322e-06
1.814564190905088026e-06
1.850144388804153550e-06
1.878331867266602728e-06
1.900835176926740644e-06
1.919055754084908472e-06
1.933704825485271783e-06
1.945667680858242932e-06
1.955457143765215733e-06
1.963421536688159108e-06
1.969954189107170350e-06
1.975291140099422194e-06
1.979876272151237515e-06
1.983573464703347611e-06
1.986851375535003683e-06
1.989499670673744447e-06
1.991545099944147523e-06
1.993357300777987007e-06
1.994940660554611611e-06
1.996096165246541432e-06
1.997326526503861999e-06
1.998306051187448418e-06
1.999096539750944146e-06
1.999529787855003349e-06
2.000098803134342518e-06
2.000400313728611934e-06
2.000828012049815641e-06
2.001205293811203489e-06
2.001536745233067904e-06
2.001676232543658784e-06
2.001883940283555319e-06
2.002000509371271164e-06
2.002069371731529657e-06
2.002061209038785705e-06
2.002179003146586922e-06
2.002205311213423045e-06
2.002022811753434439e-06
2.002103714815461899e-06
2.001898475989527526e-06
2.001842744792092788e-06
2.001645702853771525e-06
2.001381904648269483e-06
2.001163541098804899e-06
2.000836655025040045e-06
2.000399924151352593e-06
2.000004451718773169e-06
1.999580384159926894e-06
1.998981056794413291e-06
1.998267390890262618e-06
1.997263961217576878e-06
1.996000877801940021e-06
1.994728080600971509e-06
1.993348823225993272e-06
1.991514667620819523e-06
1.989177257466501203e-06
1.986589850955233771e-06
1.983409107508826708e-06
1.979652776484819299e-06
1.975005390675299566e-06
1.969504349497164242e-06
1.962889678464030396e-06
1.954652543045831692e-06
1.944894012506637182e-06
1.932473568166948041e-06
1.917608509982571263e-06
1.898944201550456512e-06
1.876006001766405973e-06
1.847145573496966620e-06
1.811023440656533978e-06
1.765056647617946339e-06
1.706746846519280325e-06
1.632005318552565143e-06
1.535874835645323344e-06
1.411496408310064510e-06
1.250682001407987798e-06
1.046336654986212977e-06
7.893786564405758099e-07
1.301343566961765674e-06
1.587898990074165795e-07
9.336626771716538542e-08
6.326559742753090632e-08
5.875243882513814242e-07
2.112773357709762934e-06
4.040087683621074177e-06
4.908564375072366204e-06
3.869922040045103984e-06
1.932553616579291145e-06
4.849878502133364577e-07
9.092783803676951493e-08
7.983466532301974894e-08
1.876227119224083140e-07
3.070785813130694208e-15
