0.000000000000000000e+00
2.138055288369855589e-10
3.052192942831766231e-10
3.086099154003818512e-10
2.416894462342611405e-10
1.411887273761180950e-10
1.701605523152238675e-11
1.228421808718849206e-10
2.604404469863652594e-10
4.074759418770668162e-10
5.453932860888244250e-10
6.721987411140162294e-10
7.869930263026958528e-10
8.910998605671238693e-10
9.883659446430215212e-10
1.083061529350004548e-09
1.168650620719802191e-09
1.238227964606153364e-09
1.300871299569905659e-09
1.350700329361131935e-09
1.401973315218185689e-09
1.436915586516818166e-09
1.475307764842170855e-09
1.518969949820814236e-09
1.537092342296375591e-09
1.552939665749875076e-09
1.575157559940976171e-09
1.592298404240466425e-09
1.603794208548947609e-09
1.612973976605758253e-09
1.626679568822453348e-09
1.633326252026279235e-09
1.634031243646916209e-09
1.636739743737791741e-09
1.637410096400060411e-09
1.640503399791271022e-09
1.644674729739392660e-09
1.637473046045556657e-09
1.624623768847754945e-09
1.613753686235952500e-09
1.598426169202582514e-09
1.585956699301505068e-09
1.588436604471610281e-09
1.571804686406608198e-09
1.535503724170439455e-09
1.517947545437436929e-09
1.478969835488896933e-09
1.440317753953479496e-09
1.398878568537043066e-09
1.356189605061786096e-09
1.316503905890442638e-09
1.253623538310932872e-09
1.170344932077682643e-09
1.087034573465928133e-09
1.011285388763383253e-09
9.092097075225069602e-10
8.038167909063531624e-10
6.843374755760578410e-10
5.619015253088832651e-10
4.277586063139438011e-10
2.830473633252950094e-10
1.394948601074474936e-10
8.723022304479854938e-13
1.219606637903325463e-10
2.183538905242699002e-10
2.863270731623401844e-10
3.070249610104269777e-10
2.149566080689169212e-10
2.483258043639580137e-11
3.369643453154935742e-10
8.897165226784409242e-10
1.724660969593116988e-09
2.901168527635888950e-09
4.462088698531374575e-09
6.493523163619840943e-09
9.018592761478316788e-09
1.202626753737945364e-08
1.549524608623897848e-08
1.924916814832755563e-08
2.316155323089930107e-08
2.688167921593986875e-08
3.015900384983893900e-08
3.251348357213856843e-08
3.385497127084136082e-08
3.391379632677882228e-08
3.274635895778033046e-08
3.046897012470850541e-08
2.728739623147902194e-08
2.358444672889703497e-08
1.974939001225806123e-08
1.589994635953217994e-08
1.240239289046485283e-08
9.347467133657971772e-09
6.752449710489827339e-09
4.671918296672572524e-09
3.053090780191780595e-09
1.841922059320211247e-09
9.571877734870781751e-10
3.756351896200271767e-10
0.000000000000000000e+00
