0.000000000000000000e+00
1.406863514574752116e-11
2.008204713632721905e-11
2.030553503118426306e-11
1.590172438170611713e-11
9.288236846316522133e-12
1.117772541192607605e-12
8.082201574666214583e-12
1.713451602824989095e-11
2.680822230871626743e-11
3.588040975444073410e-11
4.422784360968989859e-11
5.178157902463453865e-11
5.863054486354712935e-11
6.503186877893085693e-11
7.125755541181888475e-11
7.689326952942110438e-11
8.146916474771614958e-11
8.558864728058779292e-11
8.886802405072558031e-11
9.224099262183926839e-11
9.454237392958475539e-11
9.706724313218728639e-11
9.994138849833689164e-11
1.011314365584325969e-10
1.021761564246048692e-10
1.036348784566598624e-10
1.047669728748701345e-10
1.055241449776644913e-10
1.061258858570113262e-10
1.070293853544512785e-10
1.074650368693141900e-10
1.075106670356262839e-10
1.076885247641712340e-10
1.077339328858784029e-10
1.079377698331995816e-10
1.082099965188376700e-10
1.077361533319276532e-10
1.068932720116322344e-10
1.061768450938416208e-10
1.051710940558336915e-10
1.043501951514258508e-10
1.045100672669718733e-10
1.034189400783702695e-10
1.010250771926735069e-10
9.987299876001998200e-11
9.730694028320385769e-11
9.476530671292948682e-11
9.204137452201166525e-11
8.922973471214845631e-11
8.661960038125471328e-11
8.248401961452600517e-11
7.700251547504421978e-11
7.151956804563042169e-11
6.653755324492749423e-11
5.982103701285268471e-11
5.288802729097596966e-11
4.502442862985844840e-11
3.696809525166599997e-11
2.814570798648219352e-11
1.862276999275991329e-11
9.179101922995869245e-12
5.695444116327053052e-14
8.027356557249731850e-12
1.436584184943967557e-11
1.884070677249383152e-11
2.019895362082024803e-11
1.414268702149001911e-11
1.634359314550692943e-12
2.217059869025206353e-11
5.854061679855249167e-11
1.134750071685175499e-10
1.908836422259696519e-10
2.935828247174754324e-10
4.272381337599995277e-10
5.933759039677966030e-10
7.912622779215894298e-10
1.019505591060010374e-09
1.266495019969227087e-09
1.523908887968161707e-09
1.768674096069844381e-09
1.984301500890239822e-09
2.139215582452891340e-09
2.227479867222825760e-09
2.231350881842786293e-09
2.154538658594162825e-09
2.004699073410165511e-09
1.795368298473931645e-09
1.551733741500527231e-09
1.299405916199702915e-09
1.046130737591965953e-09
8.160135900325826697e-10
6.150148168515556790e-10
4.442760603851070300e-10
3.073871157610597038e-10
2.008790911389723988e-10
1.211847289184220244e-10
6.297595778192999205e-11
2.471534088499538484e-11
0.000000000000000000e+00
