0.000000000000000000e+00
1.604927302167880043e-11
2.291211664839920559e-11
2.316413727498911612e-11
1.814548511447355850e-11
1.059685672544219415e-11
1.277644656738630147e-12
9.224065955493188085e-12
1.955047235213669410e-11
3.058697739533045024e-11
4.093902994384279737e-11
5.045841522388627709e-11
5.907563327411935461e-11
6.689271359050508181e-11
7.419465042346473638e-11
8.130252027171991358e-11
8.772238491161488128e-11
9.294409686333438003e-11
9.764922204169579345e-11
1.013888972778431707e-10
1.052382625488235135e-10
1.078611644445004458e-10
1.107415270595879520e-10
1.140210148520282019e-10
1.153808160125890936e-10
1.165704199834749488e-10
1.182381970110668590e-10
1.195272769649591282e-10
1.203857014075992993e-10
1.210768152404284592e-10
1.221078793633978421e-10
1.226021506539609618e-10
1.226607704296611701e-10
1.228619428417232484e-10
1.229115698109239929e-10
1.231413859770214003e-10
1.234562452268050947e-10
1.229136792346707807e-10
1.219533363183700203e-10
1.211346578600114299e-10
1.199844668064997677e-10
1.190505471981850860e-10
1.192385079562541250e-10
1.179866204736867985e-10
1.152626882827689769e-10
1.139408567496502656e-10
1.110169733919974533e-10
1.081168488070716194e-10
1.050062259366768558e-10
1.018003459307692538e-10
9.882161755569995876e-11
9.410272561183319340e-11
8.785416838463788736e-11
8.159495301640617981e-11
7.591149930874507845e-11
6.824807385896747292e-11
6.033729071930338250e-11
5.136735481414689275e-11
4.217981519616387232e-11
3.210820498367183973e-11
2.124411757620237040e-11
1.047417708122111435e-11
6.505906924303417327e-14
9.154899061059040832e-12
1.639055557944857355e-11
2.149502797976765578e-11
2.304556545595914940e-11
1.613820188595127547e-11
1.865729792882575566e-12
2.529398912543001643e-11
6.678591013553614175e-11
1.294625517900271916e-10
2.177772406852795939e-10
3.349462929236324271e-10
4.874298742407745522e-10
6.769742544321388777e-10
9.027459890731392989e-10
1.163143803495358952e-09
1.444925623594883746e-09
1.738607036116945892e-09
2.017859657144072116e-09
2.263869647300964516e-09
2.440608826148604749e-09
2.541306054482106447e-09
2.545721633495645619e-09
2.458085179846136725e-09
2.287135703049614222e-09
2.048312519598027848e-09
1.770352420216170231e-09
1.482474254466126240e-09
1.193521725895152485e-09
9.309764070764003918e-10
7.016620617861235587e-10
5.068681030451216429e-10
3.506936963049156475e-10
2.291751233229888385e-10
1.382601810817618571e-10
7.185074757387610589e-11
2.819677824561495072e-11
0.000000000000000000e+00
