0.000000000000000000e+00
2.648677410732602766e-07
4.079827677916370021e-07
4.904919506110161365e-07
5.531692108817765074e-07
6.040167033205534608e-07
6.497508719949252054e-07
6.928819857865420317e-07
7.341287808770857737e-07
7.733981524093991311e-07
8.108703114517723520e-07
8.455349103098086516e-07
8.768876114118029363e-07
9.064735699837456195e-07
9.349550715853638394e-07
9.606194795175326817e-07
9.849340499856751308e-07
1.007100706718055960e-06
1.029071420188820696e-06
1.047064765447025536e-06
1.065396603494583871e-06
1.081381550860349705e-06
1.096515104714868016e-06
1.109368757190587473e-06
1.122799126451745622e-06
1.133715932022383299e-06
1.145318185846733172e-06
1.155484457338040727e-06
1.163849531526928160e-06
1.172786969982908545e-06
1.179473404500086531e-06
1.186644120521052059e-06
1.192474854416758490e-06
1.197951526643592501e-06
1.202722488158336489e-06
1.206412170939863415e-06
1.209762523268764767e-06
1.212881405310284322e-06
1.215283137012690418e-06
1.217735416059184672e-06
1.219310330147216348e-06
1.220274543189958649e-06
1.220747045671544129e-06
1.220606172136484702e-06
1.220182386130197472e-06
1.218598379537638721e-06
1.216647998014686038e-06
1.215533157461479163e-06
1.212772521297367234e-06
1.209731168017036396e-06
1.206390494723486029e-06
1.202066363559239903e-06
1.197656561036097855e-06
1.191904250075204175e-06
1.185346180654356374e-06
1.178340900298557870e-06
1.170597225375047401e-06
1.163531471171097564e-06
1.154301812689162432e-06
1.143027823724551695e-06
1.132896063182897706e-06
1.120756526140631593e-06
1.109189721848480303e-06
1.095218289726140881e-06
1.079987614116539874e-06
1.064258789984506848e-06
1.045532576293695115e-06
1.026661695768815719e-06
1.003928458809255631e-06
9.816554614738848272e-07
9.588403404592327206e-07
9.329523309453691127e-07
9.037526089716862998e-07
8.745198014636912376e-07
8.415917513993065313e-07
8.055472724421974817e-07
7.693339461045667349e-07
7.296796302735941708e-07
6.887133374711140732e-07
6.456202101823294015e-07
5.990370850472714892e-07
5.450138107487845218e-07
4.818330867628617398e-07
3.884992827440925112e-07
2.394863455323914536e-07
4.427672473106269990e-08
6.235306571067411596e-07
1.832087195396958634e-06
4.247755937880626220e-06
8.680065780808376985e-06
1.541467388199713184e-05
2.247425968859850798e-05
2.547930221241667681e-05
2.189400398888707855e-05
1.470657943980491211e-05
8.139754476665927996e-06
3.915385154540373946e-06
1.660053431495889242e-06
5.382627794592309556e-07
6.661338147750939243e-16
