0.000000000000000000e+00
1.986078501658994355e-08
3.059074804578898465e-08
3.677589921480262092e-08
4.147529109044256757e-08
4.528830410688300390e-08
4.871867431699428153e-08
5.195433128157844749e-08
5.504910605136359436e-08
5.799575986120686366e-08
6.080765546645494624e-08
6.340905667201468532e-08
6.576204225616777421e-08
6.798247409456337209e-08
7.012003866435634336e-08
7.204615193323604672e-08
7.387114175916309478e-08
7.553485492639566701e-08
7.718378824961291684e-08
7.853438654947808573e-08
7.991028971865432595e-08
8.111009508482425190e-08
8.224587677574390909e-08
8.321072064720880235e-08
8.421872310648836901e-08
8.503819848293403538e-08
8.590902600413841128e-08
8.667209350221583009e-08
8.729998612899692034e-08
8.797080131017764870e-08
8.847261045996646089e-08
8.901091153035167736e-08
8.944849305692059716e-08
8.985954247364702496e-08
9.021777125362007155e-08
9.049459748222687949e-08
9.074616758031339714e-08
9.098027065057578966e-08
9.116057153590872986e-08
9.134461875781596518e-08
9.146283108663055827e-08
9.153520952320803872e-08
9.157070324228300251e-08
9.156010882804821449e-08
9.152820057423127764e-08
9.140943313390437197e-08
9.126304112427874315e-08
9.117924126833543141e-08
9.097203301777767592e-08
9.074385576290922018e-08
9.049313520748114570e-08
9.016845092801872852e-08
8.983746180302176754e-08
8.940582241212524650e-08
8.891356007012518603e-08
8.838777965092248223e-08
8.780655291751315872e-08
8.727612355041713954e-08
8.658334438305104186e-08
8.573725573945978340e-08
8.497677828067651262e-08
8.406564067087174408e-08
8.319736299888802478e-08
8.214874014367268273e-08
8.100566295521360871e-08
7.982503613668257003e-08
7.841963067800605813e-08
7.700319493153529038e-08
7.529706724795914852e-08
7.362542686628614774e-08
7.191303552644967567e-08
6.997014256882039263e-08
6.777884342668016870e-08
6.558494347608245789e-08
6.311390743363176625e-08
6.040925004668906695e-08
5.769203381689180787e-08
5.471670350143398309e-08
5.164369809573798875e-08
4.841137490885216721e-08
4.491829463937335731e-08
4.086858684804184350e-08
3.613354593312578800e-08
2.914223773409219120e-08
1.797698701011540834e-08
3.290053562921002595e-09
4.671521747212636910e-08
1.373301725671183249e-07
3.185036290265230718e-07
6.510647350133069722e-07
1.156236865029747207e-06
1.685771339410280234e-06
1.911113636676731176e-06
1.642315136329841607e-06
1.103217605380457655e-06
6.105994041494255953e-07
2.936851040136190250e-07
1.245103888880549903e-07
4.036821854569438983e-08
2.997602166487922659e-15
