0.000000000000000000e+00
6.190270518402485322e-12
8.635758774744317634e-12
8.723688438294630032e-12
6.857514556202204403e-12
4.089950600416614179e-12
6.247224959565755853e-13
3.333666676041957544e-12
7.336575791327959450e-12
1.143329875219478708e-11
1.534339322262212590e-11
1.886490963443065993e-11
2.213063066136555790e-11
2.533906418022979778e-11
2.806521681719686967e-11
3.055045105782028259e-11
3.282873972665356632e-11
3.510569612785729987e-11
3.652556035405041257e-11
3.801348125165304737e-11
3.923272817729639428e-11
4.045030976840280346e-11
4.166311740050332446e-11
4.246891727177626308e-11
4.335942715982810114e-11
4.406330855744045039e-11
4.450806390110528810e-11
4.490552374392109414e-11
4.525524399667801845e-11
4.549605137071921490e-11
4.588396329552324460e-11
4.600553271671969924e-11
4.612510373647182860e-11
4.618005977619077385e-11
4.610889448031230131e-11
4.615841042721058329e-11
4.632361161327480659e-11
4.616562687687064681e-11
4.594069569208159010e-11
4.551337084990336734e-11
4.525968488877651907e-11
4.506539585946711668e-11
4.478384330042217698e-11
4.429667743721665829e-11
4.349798299330132068e-11
4.286782040452408182e-11
4.174960377412162416e-11
4.071720738352269109e-11
3.959266248187987003e-11
3.844768947658394609e-11
3.709788032324468077e-11
3.534661452420095884e-11
3.328004538616369246e-11
3.093747480420461216e-11
2.846256563771021320e-11
2.578759428217836103e-11
2.275002408680393273e-11
1.928091020175770609e-11
1.572575403230302982e-11
1.198841026450736535e-11
8.049005906229922402e-12
3.986144747614162043e-12
1.085798118083403097e-13
3.434696971282846789e-12
6.420308729104817758e-12
8.443579169181703037e-12
8.350098390508264856e-12
6.201372748648736888e-12
7.926992395823617699e-13
9.083067631365793204e-12
2.527156262033258827e-11
4.891587135347208459e-11
8.180767174792435981e-11
1.258767534650928610e-10
1.831986784495143183e-10
2.543824040301956302e-10
3.395860259658434188e-10
4.368088113437806896e-10
5.438954842063026263e-10
6.542190122971192068e-10
7.592856343663356711e-10
8.503227011402714197e-10
9.184059068800820569e-10
9.570372272449390039e-10
9.581024862370668416e-10
9.244813803377383010e-10
8.607164980745096727e-10
7.715741379143992162e-10
6.664050422600098500e-10
5.569352756751300149e-10
4.495993577435797306e-10
3.503438650298562607e-10
2.639312102203916766e-10
1.910454017206575372e-10
1.318055664611961220e-10
8.632861092650045975e-11
5.183897755500765925e-11
2.748001826091694966e-11
1.081912337497215049e-11
0.000000000000000000e+00
