0.000000000000000000e+00
2.087760723190612566e-07
3.251422767691636295e-07
3.927758709387774161e-07
4.405841956822698080e-07
4.819841638026289843e-07
5.186484119956702443e-07
5.514749213952896412e-07
5.835236865925352845e-07
6.149089185614187159e-07
6.425481378080633021e-07
6.694402560070145114e-07
6.948169491982625345e-07
7.190754195418591621e-07
7.415750301609236317e-07
7.620767724647592445e-07
7.808556818922340881e-07
7.978478216985607219e-07
8.138005253011115769e-07
8.285571415633796732e-07
8.422618648085133941e-07
8.554675516858623041e-07
8.669882257672512083e-07
8.773451045662739034e-07
8.871063287285707588e-07
8.967796807368699774e-07
9.050412849154199080e-07
9.120338991808196738e-07
9.193585908118251382e-07
9.257192197242858356e-07
9.313854247849917556e-07
9.379531936692941940e-07
9.410483919891632354e-07
9.460397297766931501e-07
9.494362005479928257e-07
9.526560443839926506e-07
9.554915356702053941e-07
9.579071723608834077e-07
9.602907894423751145e-07
9.616317455662937164e-07
9.633063350333870289e-07
9.636496152154450101e-07
9.643866240027776371e-07
9.641417831884879774e-07
9.635475326508213811e-07
9.633620315918633992e-07
9.619079381906203707e-07
9.596773754561027658e-07
9.577396445914487799e-07
9.556613799199809023e-07
9.531018506647725985e-07
9.484712077956203302e-07
9.464326272690115616e-07
9.416472389611740823e-07
9.372594117484922549e-07
9.308972769295209559e-07
9.253593447056118748e-07
9.187146747802188429e-07
9.126525921665518126e-07
9.052530373088174542e-07
8.952774980253153103e-07
8.860695818180275296e-07
8.767874815074350181e-07
8.659056680571097786e-07
8.542772552688759902e-07
8.414183775284911349e-07
8.272831262257085427e-07
8.118218746133720742e-07
7.959597196904866223e-07
7.784919000553003343e-07
7.595781129632328543e-07
7.393806601418972946e-07
7.158402111073769447e-07
6.922617147298026907e-07
6.675545318746145540e-07
6.409722038691612056e-07
6.121411345594296449e-07
5.823888854505909762e-07
5.494913980497173611e-07
5.159767462181719111e-07
4.799866685223364016e-07
4.408513873954689188e-07
3.915534554366217890e-07
3.203555388742174159e-07
2.080151713101940913e-07
1.225350121369928047e-08
4.622699257827989072e-07
1.400878416490947131e-06
3.279972793812646614e-06
6.719502250507325414e-06
1.194094356082864294e-05
1.748483964558733561e-05
1.984693808043669350e-05
1.711326458542217210e-05
1.148970604114563088e-05
6.380567410646520443e-06
3.099343228618600676e-06
1.312248440465957344e-06
4.251998378945742729e-07
0.000000000000000000e+00
