0.000000000000000000e+00
1.238534066416718815e-07
2.414954930474166872e-07
3.530967810361218540e-07
4.509076976244585921e-07
5.395115562079055849e-07
6.200586272209207550e-07
6.932707664608628306e-07
7.598202117486962948e-07
8.203933378192473924e-07
8.754161355817302592e-07
9.254695990668082572e-07
9.710139795560124298e-07
1.012462479743625465e-06
1.050184987971825024e-06
1.082090741899577324e-06
1.115737737422684006e-06
1.144124867735740736e-06
1.169906519327135186e-06
1.193289871137537261e-06
1.213109140141277464e-06
1.231336399509785906e-06
1.249455989782433107e-06
1.264893015440193835e-06
1.279972265288975564e-06
1.292159566346207100e-06
1.302860267338168399e-06
1.312147899779070315e-06
1.318795514793080770e-06
1.325439639265901803e-06
1.332112928742468227e-06
1.336282264841059941e-06
1.339260849886336757e-06
1.341067945470619804e-06
1.341715189617787019e-06
1.341206739779998713e-06
1.339539335787343077e-06
1.336702236343079164e-06
1.332677106558044500e-06
1.327437792575381081e-06
1.319660640985986788e-06
1.311028038797346085e-06
1.301894549943227730e-06
1.291354371102393372e-06
1.281516391338222149e-06
1.267950987648980288e-06
1.249184646168188806e-06
1.235739599536600508e-06
1.216858780850316180e-06
1.192299280194930589e-06
1.170522895943548747e-06
1.145965385251912494e-06
1.119290271578421425e-06
1.088418405847946246e-06
1.054478643625067491e-06
1.015719343966381416e-06
9.761979148370514281e-07
9.296563425742476738e-07
8.790066446939803768e-07
8.272769004280533522e-07
7.646317383702694315e-07
6.987611494979617532e-07
6.292203325042322604e-07
5.465719907782329301e-07
4.619937438166132893e-07
3.652860325331630520e-07
2.594231098829169468e-07
1.432597833694870815e-07
1.604574917379864019e-08
1.220337699781026686e-07
2.737066112645791804e-07
4.370773941664296558e-07
6.103886255326429477e-07
7.981067491336091280e-07
9.957701293528131714e-07
1.203096214097421068e-06
1.409092054260874249e-06
1.614031931218562477e-06
1.815754936518310103e-06
2.005434155405438901e-06
2.161352037566288686e-06
2.292525026481584405e-06
2.385651807546018688e-06
2.435181056359425611e-06
2.439594752101648112e-06
2.393985908955009734e-06
2.312114903979534120e-06
2.184986585329617981e-06
2.026266285870548245e-06
1.838872731863006038e-06
1.645054870325068919e-06
1.436364607698692453e-06
1.225827067519169589e-06
1.019978212668526396e-06
8.213890565489379014e-07
6.370260036137054271e-07
4.552282268921459263e-07
2.948885741149709361e-07
1.395178036434074897e-07
0.000000000000000000e+00
