0.000000000000000000e+00
4.657024105236828859e-07
7.264064163514660777e-07
8.747667263886427236e-07
9.783420277242882435e-07
1.069583040247401584e-06
1.152433533047059200e-06
1.224651691722478120e-06
1.294490900916045462e-06
1.361955064171915808e-06
1.425236228369541891e-06
1.482436613686743954e-06
1.537121875450075947e-06
1.588660851870038471e-06
1.635831649249297470e-06
1.677880965278433223e-06
1.719739899819217044e-06
1.756548321685258429e-06
1.791766307657205459e-06
1.824144357565060659e-06
1.853581062638554044e-06
1.881401871406396253e-06
1.907245081422814792e-06
1.929796888511248198e-06
1.950952246199122442e-06
1.971423300273222878e-06
1.989831074800108013e-06
2.005638802371478846e-06
2.020790762835567023e-06
2.035542065015327751e-06
2.049525849812106060e-06
2.059684851785092974e-06
2.069856265607405987e-06
2.079734416682299525e-06
2.086804939294140127e-06
2.093327969521219245e-06
2.099402325206334297e-06
2.104896334120809342e-06
2.110095776330922490e-06
2.113543774440174161e-06
2.113256803770724446e-06
2.114495265548299585e-06
2.116459774326173715e-06
2.118752746915752994e-06
2.115836683080907221e-06
2.111659726189429875e-06
2.110619379491751602e-06
2.107210296697914487e-06
2.103126243380160076e-06
2.097664730138504297e-06
2.090943069132933374e-06
2.087005067763492150e-06
2.076193471256537748e-06
2.069390466985510102e-06
2.056861990729075274e-06
2.045643662462737211e-06
2.032925006778540933e-06
2.018605443465659732e-06
2.003580666376514330e-06
1.987196994845952247e-06
1.969333929374705860e-06
1.949965868108805012e-06
1.928937888417969759e-06
1.905769873689067140e-06
1.880375253282551284e-06
1.853061666556854448e-06
1.822304451781775469e-06
1.789385070893878549e-06
1.753701146967046043e-06
1.716037980825646514e-06
1.675172723203388614e-06
1.631540867741421152e-06
1.585112166857527427e-06
1.532259251479928253e-06
1.477171425290357831e-06
1.418349871440405252e-06
1.357471397511744726e-06
1.291067304509674329e-06
1.221501631065713411e-06
1.147348114627355642e-06
1.062874188884066484e-06
9.724256959664501210e-07
8.670025363199940216e-07
7.092850711210019199e-07
4.600601231086187681e-07
2.490495698559413995e-08
1.016349442273245529e-06
3.070851367636961982e-06
7.176416278675823435e-06
1.460199818992258258e-05
2.600911009142947705e-05
3.796115106635689074e-05
4.307740992359754273e-05
3.713422730011739503e-05
2.500310514796932893e-05
1.391783530857448881e-05
6.767383982531072206e-06
2.883731428648950157e-06
9.316122988600739063e-07
2.220446049250313081e-16
