0.000000000000000000e+00
1.814726147131295875e-09
3.496105627220913448e-09
4.982460555247314460e-09
6.357294024539328348e-09
7.650662658953422124e-09
8.775373094849214795e-09
9.847346937874590367e-09
1.078312461544328471e-08
1.165348051390679984e-08
1.243570668663096512e-08
1.314729569656947206e-08
1.376839431355136867e-08
1.434887386686511945e-08
1.489507095442377249e-08
1.540841465530462528e-08
1.584335573845407907e-08
1.623196022038086994e-08
1.661370541139461920e-08
1.693166484795227689e-08
1.723293663324909630e-08
1.751918077275149699e-08
1.774993640957234220e-08
1.796102300222202075e-08
1.818746797610515387e-08
1.835234986202749496e-08
1.849108977047819735e-08
1.862327536628072266e-08
1.874951427449644825e-08
1.885224121256356966e-08
1.892884060605837249e-08
1.898812673761796077e-08
1.900916557495690995e-08
1.903488788812524035e-08
1.903586732687756466e-08
1.905814639435732261e-08
1.903443769268875485e-08
1.898584645054768316e-08
1.893686096821056708e-08
1.886236611348124370e-08
1.877011857054355914e-08
1.865117638111257747e-08
1.852143638458869646e-08
1.838011198795896917e-08
1.820098383120694052e-08
1.800805393692428424e-08
1.780010638885443086e-08
1.752721012771019105e-08
1.725843223887579825e-08
1.696944540441336358e-08
1.666417837054012807e-08
1.630186274859113382e-08
1.590287723729488789e-08
1.543917660384863666e-08
1.495617474311927708e-08
1.441603281193692965e-08
1.383267078658434457e-08
1.322828269145759350e-08
1.249708536654736690e-08
1.175133990116705718e-08
1.090098256106841745e-08
9.965721359250778733e-09
8.905733928088466200e-09
7.804943136235920065e-09
6.515071149237883219e-09
5.190620266937173710e-09
3.650052149417604141e-09
2.023271883366817292e-09
2.280023947420772856e-10
1.745972477706914106e-09
3.893210753780351752e-09
6.216733128283635779e-09
8.713751942224234881e-09
1.137327965139434127e-08
1.418976414147010701e-08
1.707854391241880876e-08
2.003656784932417168e-08
2.299578294451265492e-08
2.587748193505490235e-08
2.843772528571264502e-08
3.073964216504521119e-08
3.269645609815796661e-08
3.402153447851219426e-08
3.465247355727285594e-08
3.476665566548575725e-08
3.406689608187463136e-08
3.286503469368540209e-08
3.107938861823811294e-08
2.873340809728119893e-08
2.616000938093776540e-08
2.332510451452662892e-08
2.045186053845071683e-08
1.750607170336593299e-08
1.453388798200450083e-08
1.175382480234077320e-08
9.024725411421741228e-09
6.507435257319116317e-09
4.162798217244301213e-09
1.994466147792195443e-09
6.661338147750939243e-16
