0.000000000000000000e+00
2.598140702581019923e-09
1.033724439380989679e-08
2.309086577501062720e-08
4.064675607207135499e-08
6.271130281731984724e-08
8.915664051478700003e-08
1.192965856100514088e-07
1.527314005267399466e-07
1.889315394132395909e-07
2.272590927665518734e-07
2.670242893465513134e-07
3.078831856129227162e-07
3.490731087518739173e-07
3.896765395916546026e-07
4.292732144195454680e-07
4.671226087049618059e-07
5.026056475454510064e-07
5.351000457176624536e-07
5.643231028029660479e-07
5.903562760867231418e-07
6.123708933269966792e-07
6.279777081674708938e-07
6.389296925979337516e-07
6.453910125214790128e-07
6.468186227737149352e-07
6.430113773658874265e-07
6.340201833543446241e-07
6.202306468416907137e-07
6.015899636224730784e-07
5.781226964929331302e-07
5.507726471565277393e-07
5.199249196730093558e-07
4.857178360628822134e-07
4.490586007488417408e-07
4.101979034221159282e-07
3.701365455244243208e-07
3.292616650441004822e-07
2.882942149451395153e-07
2.478802636485255562e-07
2.086878325702201664e-07
1.712519966945436067e-07
1.365606927539175786e-07
1.047497798500884869e-07
7.650382016777257377e-08
5.226730648288935299e-08
3.220482946986180650e-08
1.695871565399187375e-08
6.625439308294289731e-09
1.506069047252367454e-09
1.590431786269164149e-09
6.766259885715442124e-09
1.692147277854161302e-08
3.213602151053152056e-08
5.193332730524247154e-08
7.629046405721595647e-08
1.046982496255566275e-07
1.364947271875749379e-07
1.713294981442459175e-07
2.085229230397445122e-07
2.476598822687137158e-07
2.880499813118220231e-07
3.290576586767457457e-07
3.700040052123654277e-07
4.101069620565667151e-07
4.492471223915828205e-07
4.862793679949461989e-07
5.201947584909660804e-07
5.508160534350992066e-07
5.778160815372856973e-07
6.010767067410327513e-07
6.195729074232048106e-07
6.339982907554997382e-07
6.427293540722800458e-07
6.468626456701542793e-07
6.456709996660592310e-07
6.389105210446999195e-07
6.272279343688680342e-07
6.112433545979456539e-07
5.898559333195052545e-07
5.644177457631016637e-07
5.353179252098883012e-07
5.023989645414062011e-07
4.669692228453925509e-07
4.290293388331534175e-07
3.897489562199041302e-07
3.490225571889382650e-07
3.079485965118422541e-07
2.671252189445638692e-07
2.272626806743005545e-07
1.888057195031933588e-07
1.526723713007882566e-07
1.192507782521445847e-07
8.920734495543314324e-08
6.281225439774829056e-08
4.065861813895566002e-08
2.306853608136094635e-08
1.018371487138125531e-08
2.465161408338190085e-09
0.000000000000000000e+00
