0.000000000000000000e+00
4.435587785955874551e-09
5.176671535878085706e-09
5.940853586849925705e-09
6.701364907435447549e-09
7.446813388156670044e-09
8.161859299526952327e-09
8.839770693214177300e-09
9.475190299035318731e-09
1.005987215751957820e-08
1.060297916133379204e-08
1.109779157459911403e-08
1.155773343697319433e-08
1.197392773821803758e-08
1.235188762382932737e-08
1.269557292626899425e-08
1.300614826948987002e-08
1.328852416992987173e-08
1.354233258865633616e-08
1.376732450264483987e-08
1.396747062454295474e-08
1.415169992302622859e-08
1.431605534119029244e-08
1.446142350314261193e-08
1.458596921022348170e-08
1.469899868489221717e-08
1.479984013119661768e-08
1.488141554428779045e-08
1.495052870392754585e-08
1.500790736130852565e-08
1.506078706192681693e-08
1.509816582867529178e-08
1.512329994568517577e-08
1.513716796353037353e-08
1.514369130095616356e-08
1.513788550067118877e-08
1.512474023801502199e-08
1.509949509870267548e-08
1.506432689701853178e-08
1.501416657667675736e-08
1.495818269248161414e-08
1.489098755413920117e-08
1.481095213140548594e-08
1.471039445810617963e-08
1.460360998795096066e-08
1.447850117575200102e-08
1.433485385948785051e-08
1.417232864397988124e-08
1.399184235140182864e-08
1.379371827869846356e-08
1.357234047372202213e-08
1.332390509034553361e-08
1.304311092464871535e-08
1.273788741151804516e-08
1.239669455976866175e-08
1.202425814472718457e-08
1.161166685026415735e-08
1.115735881462853740e-08
1.066894872447932130e-08
1.013049599762894104e-08
9.551286539455361435e-09
8.924287531186791966e-09
8.252420191645626346e-09
7.535141954839730261e-09
6.795631057876505565e-09
6.037099264943890375e-09
5.273134595640271982e-09
4.525715024961129984e-09
6.241238192927767159e-09
3.242405788306257364e-09
2.794691811303096074e-09
2.557816736192819462e-09
2.606271420901862257e-09
3.015085625612812237e-09
3.864066733250126617e-09
5.207543285479232509e-09
7.064683171797980776e-09
9.432591485669661324e-09
1.220192069606440555e-08
1.520026138290830886e-08
1.818542449960602880e-08
2.084364614240996616e-08
2.285418232439440089e-08
2.398137621817397758e-08
2.404329568772567427e-08
2.304247448403629051e-08
2.112935715281594184e-08
1.852320385964389970e-08
1.556031603566765398e-08
1.255195292149124953e-08
9.737295858514016800e-09
7.316685035618775146e-09
5.393230639860746578e-09
3.997027486768445215e-09
3.089042466264402265e-09
2.620731631708395071e-09
2.541153398816220488e-09
2.748634653215731305e-09
3.172300311327092004e-09
1.083410867529915889e-11
