0.000000000000000000e+00
7.952340896899556810e-09
1.157977236321272585e-08
1.190512199933380089e-08
9.401909251138818036e-09
5.425792704016885182e-09
8.702416565142812033e-10
4.903968564562433130e-09
1.008829375592767974e-08
1.587311848627592781e-08
2.104822116599791570e-08
2.614986194249269147e-08
3.081519617254002696e-08
3.455289587783738625e-08
3.845671669999717324e-08
4.204771231197668158e-08
4.498283923126678019e-08
4.782719786877720480e-08
5.008135972595084695e-08
5.212877529636728013e-08
5.406950120967479734e-08
5.559029214730060175e-08
5.685603787775050932e-08
5.779431444530302997e-08
5.879939490860408569e-08
5.969159488916631062e-08
6.051154477493270178e-08
6.121134554781804127e-08
6.146143138874293754e-08
6.251455009209649916e-08
6.286585474413186603e-08
6.323810497477211356e-08
6.441211364283105922e-08
6.259993545754127808e-08
6.455935397386980412e-08
6.379520756105705459e-08
6.375899752608660265e-08
6.408566433080409297e-08
6.245973227514411974e-08
6.260945251135296985e-08
6.139241470748402207e-08
6.101311122996833092e-08
6.057407631043787433e-08
6.015288600558221788e-08
5.893351706642846466e-08
5.806730185575759151e-08
5.691339477476020647e-08
5.564826977000336683e-08
5.433900485130038760e-08
5.240840927900336510e-08
5.039627493097498245e-08
4.815278353831331515e-08
4.555604826705916821e-08
4.250494023416706568e-08
3.927960234850758070e-08
3.523924596571248458e-08
3.113194324555479398e-08
2.661947140492060271e-08
2.175383218006032848e-08
1.657484771655504119e-08
1.073722788458297828e-08
5.662496360692159669e-09
1.464207644019666077e-10
4.787429563890555073e-09
8.843153986859420002e-09
1.125691073688983579e-08
1.171483465789435741e-08
8.715112853607820398e-09
1.267345783872997345e-09
1.240800928670182657e-08
3.406415349793689984e-08
6.601139346251727602e-08
1.108338223421156954e-07
1.718541366990677943e-07
2.496530955298226218e-07
3.466686271380581275e-07
4.622387431707508654e-07
5.958628641611340981e-07
7.411621525399425536e-07
8.915458743485871196e-07
1.034881481065674791e-06
1.159531927141799201e-06
1.250734616431437018e-06
1.304343518637729460e-06
1.306597665506892270e-06
1.259545579723742037e-06
1.172337951826918356e-06
1.050830029658555986e-06
9.084254586344542304e-07
7.598589737423111501e-07
6.121314995999327380e-07
4.775762618702827922e-07
3.595604107786698478e-07
2.598666999364951380e-07
1.802734963529672996e-07
1.176356816401380456e-07
7.086961062441332615e-08
3.705524487251921073e-08
1.444611608114598766e-08
0.000000000000000000e+00
