0.000000000000000000e+00
3.094745570919599231e-10
1.339531929822612710e-09
3.107758717035835616e-09
5.592319274327905987e-09
8.669907902714157899e-09
1.225186951891998888e-08
1.636780444513874500e-08
2.103078711179762195e-08
2.606882543165767174e-08
3.134710235830340253e-08
3.682453164621790620e-08
4.245921725321011309e-08
4.808481424145583105e-08
5.371089617511870529e-08
5.914910461424227606e-08
6.441416888769424531e-08
6.926924334127448901e-08
7.389350498154811930e-08
7.791561829062487732e-08
8.130563355912556744e-08
8.419875319187752893e-08
8.653519778523133255e-08
8.821030883510161402e-08
8.905872428410788189e-08
8.923372984970256994e-08
8.879507240600048590e-08
8.745061264026077197e-08
8.548108898498441022e-08
8.298731790645774709e-08
7.981655669730969294e-08
7.593614226308886828e-08
7.159968040681974344e-08
6.688101228391474251e-08
6.196180835082998328e-08
5.660685931108133673e-08
5.095286270684340479e-08
4.529890584858975444e-08
3.966114014986032998e-08
3.405138049306088988e-08
2.866322201811044579e-08
2.352004191408241240e-08
1.874365729293003824e-08
1.434741969674746542e-08
1.042314123900212053e-08
7.100534604731478794e-09
4.335133141353253450e-09
2.256305142722681012e-09
8.632918824247326484e-10
1.244613301309982489e-10
7.288281089756765141e-11
7.511767874390784527e-10
2.141275712297385780e-09
4.282437737757049945e-09
7.080325437058831994e-09
1.040746433478290101e-08
1.425203144389541876e-08
1.865457466276865262e-08
2.351282568646695381e-08
2.870006976518624242e-08
3.407002369115730289e-08
3.964169936754302626e-08
4.527602470716374228e-08
5.087484078458714976e-08
5.644746914335030397e-08
6.183269440906968839e-08
6.689428166950506238e-08
7.160099402270247992e-08
7.602419060948051310e-08
7.968019288817629331e-08
8.281618923966505008e-08
8.540374596410771346e-08
8.750277413760443324e-08
8.871076606631334016e-08
8.923041128205966288e-08
8.904334225512400280e-08
8.820337416004520037e-08
8.652862582003706393e-08
8.431288633925504428e-08
8.150484476221464547e-08
7.789480838127360585e-08
7.380934530232252655e-08
6.925955486902779512e-08
6.442404731910045257e-08
5.930154944877585876e-08
5.381453860309193260e-08
4.810633447149825770e-08
4.246560703080604071e-08
3.682406746197131042e-08
3.133751746986490616e-08
2.606541327221378879e-08
2.107889152114239550e-08
1.648073089111079526e-08
1.230462953749622557e-08
8.664538420077860792e-09
5.615736986541719489e-09
3.182578867111374166e-09
1.463505094889683278e-09
4.054048208246285867e-10
0.000000000000000000e+00
