0.000000000000000000e+00
3.145368410173432494e-10
4.414653087536635212e-10
5.729060559289678167e-10
7.032496807113375326e-10
8.315619304255505995e-10
9.541762935327824380e-10
1.070263544455940519e-09
1.179443209764485800e-09
1.279918615537667392e-09
1.372451374770378152e-09
1.457935439042046255e-09
1.536807903157466626e-09
1.608363664473699828e-09
1.673209237829098583e-09
1.732528454034820697e-09
1.785757874905868903e-09
1.833945217910581960e-09
1.877598632127330802e-09
1.915833824917001493e-09
1.950982042586701937e-09
1.982205066752840139e-09
2.010367539106994172e-09
2.034902912839697819e-09
2.056723902299495421e-09
2.076115723781413180e-09
2.092997997138468236e-09
2.107861885036754757e-09
2.119245778864353724e-09
2.129235454617628420e-09
2.138195953627075596e-09
2.144600830256138124e-09
2.148920819067257071e-09
2.151653299975464506e-09
2.152600875326982077e-09
2.151455125165568916e-09
2.149126099304510262e-09
2.145016275711952858e-09
2.138606181034674592e-09
2.130349896489747152e-09
2.120503328484346639e-09
2.109154295659720901e-09
2.095218221143113624e-09
2.078283434236993799e-09
2.059608372739774040e-09
2.038175295204780468e-09
2.013548661139452634e-09
1.985699382700545357e-09
1.954633566114694077e-09
1.920540060318387532e-09
1.882538236408493049e-09
1.839435492811958284e-09
1.791644721471641333e-09
1.739255184318722058e-09
1.681117689500410961e-09
1.616720202157750919e-09
1.545773287148222153e-09
1.467892918327606822e-09
1.383952064060167686e-09
1.292034923494611576e-09
1.192115073322952412e-09
1.084458522981890383e-09
9.686019764032494095e-10
8.459157818663243233e-10
7.189042694477620898e-10
5.889383425383698523e-10
4.573887935066522914e-10
3.289468697431630062e-10
2.484172867411871266e-10
1.084815570706609833e-10
3.205846699216863271e-11
8.703260334641527152e-12
1.761812917777660914e-12
7.114131506114063086e-11
2.161716361470666925e-10
4.449267620998398343e-10
7.650250433144378803e-10
1.171474250938331352e-09
1.646793701404192234e-09
2.161827161728524516e-09
2.674207411068607598e-09
3.130459780287253579e-09
3.475577714517896766e-09
3.670042159065189935e-09
3.680303728437195332e-09
3.508314083688901519e-09
3.180106622480138867e-09
2.732870374444473782e-09
2.224621820090533220e-09
1.707782804061253046e-09
1.225244128377767083e-09
8.090741410171631287e-10
4.790416952005216444e-10
2.380402541746207135e-10
8.427858411153010820e-11
3.605560294772658381e-12
1.085365131103799285e-11
2.489208839051570976e-11
9.705192205444745923e-11
0.000000000000000000e+00
