0.000000000000000000e+00
8.000951882136675408e-07
1.407105185036172657e-06
1.862691164200569460e-06
2.216772478580431027e-06
2.493361445421449218e-06
2.715697698829622198e-06
2.892891553862853016e-06
3.035617013424918298e-06
3.156871188791932070e-06
3.255966217086125880e-06
3.337871652520085775e-06
3.409865450332283388e-06
3.468920534377417653e-06
3.521611089518650317e-06
3.565366767488420408e-06
3.606056303673277341e-06
3.640260528126049167e-06
3.669915117465727405e-06
3.696455545987298308e-06
3.719350514796992968e-06
3.741242791455157146e-06
3.758874353443353300e-06
3.776456342863276916e-06
3.791313379575278475e-06
3.803691709602929905e-06
3.816171417092562024e-06
3.827237726627963355e-06
3.835554934106255587e-06
3.845399015101058637e-06
3.852185516350914440e-06
3.859024544250466704e-06
3.865963051463694455e-06
3.871318567494341778e-06
3.876013595527361133e-06
3.879236497916771498e-06
3.882375435360074789e-06
3.886165953703724085e-06
3.888933618578782614e-06
3.890834982755997373e-06
3.892242395608924710e-06
3.891971048441966730e-06
3.893261178666840294e-06
3.893238676555554889e-06
3.893099434826297056e-06
3.890931692063226421e-06
3.890674998285881259e-06
3.887880692610146127e-06
3.885418028981568739e-06
3.882423672663115610e-06
3.879726526156979105e-06
3.875592677116124207e-06
3.869973914549795779e-06
3.864547573839693939e-06
3.859279697593365199e-06
3.852370786927572510e-06
3.844253439799771854e-06
3.835950154629230724e-06
3.825894903330961938e-06
3.815087951442031056e-06
3.802482260284456572e-06
3.789022824496335318e-06
3.773608526547178599e-06
3.757186811781387803e-06
3.737967514960693904e-06
3.718236405436670111e-06
3.694463983627827020e-06
3.667205303869991440e-06
3.637184413873839617e-06
3.602121524615142789e-06
3.562944509094556622e-06
3.516978559825467698e-06
3.463547223803153940e-06
3.403126339618367524e-06
3.331404296313955626e-06
3.245250377426067701e-06
3.146444230939238196e-06
3.025283369262332656e-06
2.878132830397284181e-06
2.696724568651553966e-06
2.471860137798209678e-06
2.188414034098862260e-06
1.826836351748184484e-06
1.356523666284914498e-06
7.358590727868374870e-07
8.990499456018596902e-08
1.205721842811868783e-06
2.712065122256746008e-06
4.683384639325716137e-06
7.150608666628421872e-06
9.832433060519285561e-06
1.206368670692015144e-05
1.289850996766261915e-05
1.189660454570251602e-05
9.585010206647481823e-06
6.891772998174339193e-06
4.470124822852916679e-06
2.540092951419659073e-06
1.088577245456079368e-06
9.992007221626408864e-16
