0.000000000000000000e+00
1.903136315206666040e-09
2.671429299994088069e-09
2.727492787180096911e-09
2.178312419331973615e-09
1.287573825337062772e-09
1.655225956298522760e-10
1.095634027947767208e-09
2.327621206887897642e-09
3.628603306715660892e-09
4.852546697797777142e-09
5.959524873588861738e-09
6.999745227886933208e-09
7.935259782598791389e-09
8.801121498258623888e-09
9.693690405931931764e-09
1.037029151440549413e-08
1.102790792018026877e-08
1.154750484122502030e-08
1.199500443416212647e-08
1.248371650497404062e-08
1.277001204780248145e-08
1.316290665354102885e-08
1.352500489382180149e-08
1.368623347985931105e-08
1.382724723608674822e-08
1.397318150075932408e-08
1.411446570731555994e-08
1.428018248095241916e-08
1.436794239140226637e-08
1.445178843262340251e-08
1.451520270645545452e-08
1.454917375465214491e-08
1.452822051550839433e-08
1.457928422432530624e-08
1.458980225521600005e-08
1.455826759144684956e-08
1.453955467134449009e-08
1.446553654638194075e-08
1.438005647891316130e-08
1.423227147245853530e-08
1.412106398479551217e-08
1.414323125281669036e-08
1.399507965071933313e-08
1.376695635268987417e-08
1.347594280609598627e-08
1.318253539661640161e-08
1.285573936193884492e-08
1.245554814843785607e-08
1.215285583278102877e-08
1.171248498188504072e-08
1.116251535648871140e-08
1.050100950639176745e-08
9.802864520125353920e-09
9.004808454449175770e-09
8.131182283044324777e-09
7.197828666427597000e-09
6.083342829477089708e-09
4.967686817458627502e-09
3.809434878654371914e-09
2.520964881291831716e-09
1.242735025996921649e-09
7.801403967278019991e-11
1.085299738967648864e-09
2.003692989305250194e-09
2.539449650562630723e-09
2.705886847920169203e-09
2.004724497517429427e-09
2.220866823776646015e-10
2.913225549683318150e-09
8.054794831124922894e-09
1.547455708017508869e-08
2.584058189647464587e-08
3.970587902912825484e-08
5.775676681363250964e-08
8.027390652198818088e-08
1.070564408234275788e-07
1.377551371861684970e-07
1.715666650969893681e-07
2.061893843441353624e-07
2.393108469167515295e-07
2.684854338852460387e-07
2.894915488438343232e-07
3.017646006409080428e-07
3.020583041468682950e-07
2.914528941522220862e-07
2.708234454473767983e-07
2.429204352116798304e-07
2.099545461931029422e-07
1.756524081741872578e-07
1.415442655305909625e-07
1.104069325963408232e-07
8.324696254558006103e-08
6.021107734621722329e-08
4.153771815396112288e-08
2.718998004525019496e-08
1.636924040759879517e-08
8.588695976641247398e-09
3.400403403297502791e-09
1.110223024625156540e-16
