0.000000000000000000e+00
4.534957842583509091e-08
7.945074409487773437e-08
1.052994106354177006e-07
1.251210421937543060e-07
1.408631260524373374e-07
1.531169921964448122e-07
1.632089459135954712e-07
1.713532929992211962e-07
1.781108982523704753e-07
1.836562080193004931e-07
1.883259498347555905e-07
1.923106527357276718e-07
1.957777580052777466e-07
1.986668511921863001e-07
2.012354288760676013e-07
2.034397998951220643e-07
2.053132369672638902e-07
2.070638865925289451e-07
2.085601236156975347e-07
2.098535992756112023e-07
2.110629067075819876e-07
2.121119422326955828e-07
2.129996479194318226e-07
2.138381314242820963e-07
2.145592057356537907e-07
2.152621512152563810e-07
2.159121625933124733e-07
2.163772470087366173e-07
2.169362840476196652e-07
2.173232265256785922e-07
2.177538788172839190e-07
2.180226449377542508e-07
2.183978953240739429e-07
2.186626453237749956e-07
2.188925147805775850e-07
2.190455472561581018e-07
2.192114540999767769e-07
2.193632618885388297e-07
2.194984295433854982e-07
2.195777958347022718e-07
2.196299412338120760e-07
2.196552800759477009e-07
2.196261632558815791e-07
2.196261246201203221e-07
2.195714025043926654e-07
2.194457837667584954e-07
2.193794900184897756e-07
2.192127446232206012e-07
2.190720671535473230e-07
2.188720180651415603e-07
2.186389089775531147e-07
2.183707085157138295e-07
2.179917304445666559e-07
2.176739291037677049e-07
2.173294202378883710e-07
2.168466225471732400e-07
2.163572846436423447e-07
2.158280294484171691e-07
2.152185302195519512e-07
2.145685766841154418e-07
2.138103422089088212e-07
2.129636390568734328e-07
2.120168759445206774e-07
2.109563150831661460e-07
2.097655812383081297e-07
2.083722816514921305e-07
2.068570833513305729e-07
2.051950913628530770e-07
2.031848993500062761e-07
2.010087526427284388e-07
1.983445079289936075e-07
1.954374129198299670e-07
1.920236230024130464e-07
1.879396178683379048e-07
1.830903825217333747e-07
1.774779596619424638e-07
1.705588974498795096e-07
1.623935985683999661e-07
1.522013692856205580e-07
1.394147595146222329e-07
1.235472942839876964e-07
1.031162437659105535e-07
7.634776655329744699e-08
4.156860355930547257e-08
5.070718733790613442e-09
6.787290995902139912e-08
1.523711433693009099e-07
2.640531491238107265e-07
4.021295456624329745e-07
5.538151123252177399e-07
6.795148418392571443e-07
7.272843398631323453e-07
6.701303649769840831e-07
5.396625732956294996e-07
3.889010875557374902e-07
2.521695341428653592e-07
1.433862164557098140e-07
6.088803161663491892e-08
1.188629195070234346e-10
