0.000000000000000000e+00
1.782844982756159880e-10
7.362757070694669892e-10
1.653245318422591481e-09
2.949123167894640574e-09
4.569786216102045273e-09
6.488902526413653504e-09
8.687487729197584940e-09
1.114560621573446042e-08
1.378755887238014566e-08
1.660389759017277811e-08
1.946880723302513161e-08
2.242572627597638757e-08
2.540932564354392298e-08
2.843811597319501061e-08
3.132380854697913719e-08
3.404043091848052427e-08
3.661747083327782093e-08
3.904423984124605340e-08
4.117157326177789400e-08
4.305247547353729942e-08
4.455435620442926847e-08
4.578996182225125722e-08
4.664452779579164599e-08
4.707804845960339435e-08
4.719456470070326759e-08
4.691875987727911479e-08
4.629160721414393720e-08
4.518737750647261464e-08
4.383339091695859224e-08
4.216101201492961081e-08
4.016871346657069353e-08
3.787934976795526154e-08
3.535846182511903635e-08
3.272037341073286143e-08
2.988487657340499482e-08
2.689606615202677631e-08
2.392848941212832869e-08
2.096229612114086649e-08
1.803838389768941397e-08
1.518377468201492775e-08
1.244735325922619040e-08
9.898468378288782787e-09
7.559705750281864312e-09
5.513646650356918144e-09
3.749166421762595292e-09
2.278067734451383330e-09
1.162595575365799050e-09
4.242101114826368757e-10
5.335798469729979843e-11
7.379030719789625437e-11
4.586837576425750740e-10
1.195427534739224029e-09
2.310546309836070122e-09
3.782966828680400795e-09
5.532555302778519035e-09
7.595059359211120409e-09
9.907267339848147003e-09
1.244826686175315444e-08
1.516746495067167189e-08
1.801199756013005526e-08
2.101613949534453241e-08
2.400510190625482210e-08
2.697282130981193404e-08
2.992528813638983820e-08
3.278916893556527157e-08
3.542128090838758681e-08
3.787215185901970926e-08
4.021746169424744721e-08
4.223479332932100760e-08
4.389170249474716456e-08
4.521004459689947907e-08
4.626251803863112855e-08
4.700069744512092029e-08
4.722541468993313174e-08
4.712069778811667220e-08
4.667047115436417926e-08
4.576343726192533268e-08
4.458884128588636031e-08
4.305836487361602849e-08
4.124570773811342406e-08
3.910148749231012744e-08
3.666519976519566626e-08
3.410668680814410436e-08
3.133761306006732639e-08
2.845753133140505042e-08
2.547821809084638289e-08
2.248979269481310439e-08
1.948755923297795789e-08
1.656724812892917953e-08
1.379769720699641766e-08
1.113133962782342223e-08
8.684508223666398408e-09
6.496828297564150034e-09
4.591962143862815537e-09
2.971775381332975030e-09
1.664862470107664194e-09
7.387150890991733831e-10
1.956471651354263486e-10
1.110223024625156540e-16
