0.000000000000000000e+00
8.256913385240594039e-07
1.191145786116898364e-06
1.218832968552518992e-06
9.997947758577652166e-07
6.590353260893522247e-07
2.316586926731645235e-07
1.889443255187472914e-07
7.346541124331196215e-07
1.267369267421436518e-06
1.781777759224389968e-06
2.213630111880249274e-06
2.664930374485230402e-06
3.058338304162688814e-06
3.450514093339407395e-06
3.746239823687602666e-06
4.029177453457322144e-06
4.310217912473213175e-06
4.536328252036092579e-06
4.728050351787693728e-06
4.868884892372804529e-06
5.011927188380838061e-06
5.164155661097069583e-06
5.260708435650407466e-06
5.369163961654876971e-06
5.469614305919634489e-06
5.491926756251430675e-06
5.576100554738339099e-06
5.627587087664309706e-06
5.644949789829212250e-06
5.670356829412526167e-06
5.722914160788405979e-06
5.733626731174723545e-06
5.735030036202459769e-06
5.741527983493810439e-06
5.764570111921329953e-06
5.752054191066058308e-06
5.708012639438209135e-06
5.687681368438113338e-06
5.638669605123602935e-06
5.616343864645045869e-06
5.540370808354566634e-06
5.518718790065157975e-06
5.473461907046228703e-06
5.348458294696101234e-06
5.272493158958724280e-06
5.140379012336104836e-06
5.056072497899855023e-06
4.908737942010965583e-06
4.757928593113192051e-06
4.554363645770109770e-06
4.328195752467678403e-06
4.067834952548032845e-06
3.767942348575914480e-06
3.441983076335475289e-06
3.135230618678264136e-06
2.720532060740410429e-06
2.280108425178895004e-06
1.786887319776830907e-06
1.277605884864030372e-06
7.652745577235720020e-07
2.672756669319653611e-07
2.874796259932921316e-07
7.523017472310655762e-07
1.134685145287583907e-06
1.395665519154931644e-06
1.419595884621926984e-06
1.117609568557220712e-06
3.863352185939916694e-07
9.994492831122414600e-07
3.080649398912171932e-06
6.150236130264552514e-06
1.050202756991414077e-05
1.638940225257012884e-05
2.385701341645063422e-05
3.320977442244910094e-05
4.437677594104627588e-05
5.710648807799589832e-05
7.119825546975100394e-05
8.559095346671874438e-05
9.937700949169681053e-05
1.114352282328701094e-04
1.202450660434672969e-04
1.251696063541141157e-04
1.256509394695903836e-04
1.211049601446134716e-04
1.131798752038726263e-04
1.013488951933094739e-04
8.781645965061368742e-05
7.338793914235530735e-05
5.936626010061285541e-05
4.628654426475087291e-05
3.483536902937345303e-05
2.531246506987105960e-05
1.753737955656475833e-05
1.147965908532277979e-05
6.945581382478138721e-06
3.650219007500510315e-06
1.422631777048266599e-06
0.000000000000000000e+00
