0.000000000000000000e+00
5.349467824267151173e-08
7.683825398174803922e-08
7.804563040281209396e-08
6.310101441364679431e-08
4.019520771780804580e-08
1.166329244295383205e-08
1.649662284552988467e-08
5.269090530557463126e-08
8.799347783750022245e-08
1.220822084535555518e-07
1.506706263088020137e-07
1.805364048257374066e-07
2.065897345415734776e-07
2.325101511324589865e-07
2.521017369305766920e-07
2.708242692328610701e-07
2.894072430592586898e-07
3.043546429326582370e-07
3.170431673860107935e-07
3.263873044057064021e-07
3.358453583013343291e-07
3.459120218041178418e-07
3.523204591404649477e-07
3.594843741572262275e-07
3.661247982567061854e-07
3.676340150082779701e-07
3.731780534588224896e-07
3.766027962814888497e-07
3.777528821968800798e-07
3.794354338504390967e-07
3.828911842029825152e-07
3.835997284262759877e-07
3.837001525397454316e-07
3.841315918684529152e-07
3.856308425920218497e-07
3.847954134217346223e-07
3.818890088602699961e-07
3.805221816532977641e-07
3.772811929536601383e-07
3.757685993477366537e-07
3.707499776073319708e-07
3.692806562760608813e-07
3.662496670386872211e-07
3.579855446522728357e-07
3.529264562818212880e-07
3.441708273932420070e-07
3.385484328433108203e-07
3.287725054423873416e-07
3.187533159643152203e-07
3.052608669174006195e-07
2.902664107962138473e-07
2.730035315590129130e-07
2.531247704773420537e-07
2.315217209059028391e-07
2.111487535927381032e-07
1.836528737975129388e-07
1.544274900178166376e-07
1.216960046068749079e-07
8.788404437520824786e-08
5.380764456219822023e-08
2.060493442535005215e-08
1.572709673602901148e-08
4.682369370012651189e-08
7.253404921137018846e-08
9.031910330747905391e-08
9.266629508175583396e-08
7.366400245345516851e-08
2.655399866657859320e-08
6.380595973798364184e-08
1.994045757403029029e-07
3.999612028238175299e-07
6.845935562882488057e-07
1.070021926619091346e-06
1.558828793046806993e-06
2.172213530826638817e-06
2.903797462927570905e-06
3.738558867261154717e-06
4.662922577058914442e-06
5.607607250102120133e-06
6.511190642877195955e-06
7.302644229878474391e-06
7.880646576308159013e-06
8.203250880356449670e-06
8.236991466459286926e-06
7.938577773258792547e-06
7.421163472853820053e-06
6.645361827040119351e-06
5.758591728688422506e-06
4.811497963386202059e-06
3.892286811524314771e-06
3.034219132169724276e-06
2.282665913844184047e-06
1.658208326871246641e-06
1.148709669496206232e-06
7.515319375706042138e-07
4.546020950790818915e-07
2.390438338384370809e-07
9.345092033541391174e-08
0.000000000000000000e+00
