0.000000000000000000e+00
6.428686072368350324e-08
7.968443715977713282e-08
8.661713635227386021e-08
9.027193847988002062e-08
9.242608756121484248e-08
9.380187948604401527e-08
9.473089934708411874e-08
9.539392831214854596e-08
9.587988214487808136e-08
9.624753893877624478e-08
9.653326404901463320e-08
9.676023937643662975e-08
9.694508462665396564e-08
9.709891268805392883e-08
9.722189764360678055e-08
9.732968564435395820e-08
9.741867601498199747e-08
9.749615759169216744e-08
9.756191454712848099e-08
9.761836361477094215e-08
9.766859399018557042e-08
9.771404185787702090e-08
9.775297504788227343e-08
9.778696452578117260e-08
9.781834919841969622e-08
9.784540533352981129e-08
9.786968857561362256e-08
9.789166077744937411e-08
9.791132682401837428e-08
9.792890320881042499e-08
9.794465816170827566e-08
9.795945332680133788e-08
9.797218114560024560e-08
9.798438060926173421e-08
9.799505462648738785e-08
9.800470990306564545e-08
9.801220945959698838e-08
9.802061540220563529e-08
9.802742162445809981e-08
9.803385081497140163e-08
9.803806699792971813e-08
9.804360001641754252e-08
9.804681777580981361e-08
9.805040268595632824e-08
9.805281830921330766e-08
9.805470946311345415e-08
9.805539580298727742e-08
9.805609346713595187e-08
9.805642675608794434e-08
9.805578682353655040e-08
9.805456790967781444e-08
9.805246725669292118e-08
9.804996647932995302e-08
9.804737377550054589e-08
9.804411449376715382e-08
9.803973632926954451e-08
9.803340728087306388e-08
9.802872891206959594e-08
9.802203293496347669e-08
9.801365019601604445e-08
9.800532230208602869e-08
9.799611822014497875e-08
9.798570044239340859e-08
9.797445610360000501e-08
9.796170896692046881e-08
9.794743305313602377e-08
9.793182509376663347e-08
9.791433552841510846e-08
9.789495514223034434e-08
9.787310728537335081e-08
9.784925669720223596e-08
9.782230081523124454e-08
9.779174103830001741e-08
9.775743592399521731e-08
9.772028208843153152e-08
9.767711439678805618e-08
9.762766173260217784e-08
9.756969965302175751e-08
9.750663132468417871e-08
9.742871398543684336e-08
9.734348604961695628e-08
9.723854932364162096e-08
9.711624637809279648e-08
9.696954783589006865e-08
9.679296342213206117e-08
9.657248078998037499e-08
9.629503350261359174e-08
9.594139349644592585e-08
9.547504442597443131e-08
9.484741414489405997e-08
9.395972511150318951e-08
9.267299716508858864e-08
9.066993433837211569e-08
8.730762235398259463e-08
8.106454119083394971e-08
6.755281145576219615e-08
2.260289744260290945e-08
2.455463969819327019e-06
1.110223024625156540e-16
