0.000000000000000000e+00
6.498378102293145275e-08
1.201428760921885441e-07
1.645296172636534493e-07
1.991686774394096915e-07
2.260077258675607936e-07
2.467200075351172472e-07
2.627313430147992790e-07
2.751793428679150111e-07
2.848218505491217911e-07
2.923875570548517544e-07
2.983669640244102084e-07
3.031109894191530429e-07
3.068490994628803037e-07
3.098196438289235743e-07
3.122193132920614289e-07
3.141430241493381459e-07
3.156635384193862137e-07
3.168585034352133789e-07
3.178525236346985139e-07
3.187146353500480700e-07
3.193560131897754673e-07
3.198388227598769618e-07
3.202364196042140065e-07
3.205871650369118697e-07
3.208630640072485107e-07
3.210531311914621710e-07
3.212498771443250689e-07
3.213889619990695223e-07
3.214607626755849878e-07
3.215629361674743336e-07
3.216210422429810478e-07
3.216312338683025018e-07
3.216879548295636937e-07
3.217207373840125229e-07
3.217022552792769829e-07
3.217081294693002746e-07
3.217194923799127082e-07
3.217611970196543325e-07
3.217471559180395957e-07
3.217546249434377614e-07
3.217564269464290305e-07
3.217751048945061143e-07
3.217559414459003619e-07
3.217813335787411688e-07
3.217786614939655010e-07
3.217344529682364396e-07
3.217330311056088021e-07
3.217294664015213357e-07
3.217369199948194591e-07
3.217094262097930368e-07
3.217190760462784738e-07
3.216780783965589308e-07
3.216319865995131977e-07
3.216318062992939986e-07
3.215839748937909803e-07
3.215151402891081034e-07
3.213565764603742991e-07
3.212509237515703830e-07
3.210334492687039187e-07
3.208675107835290419e-07
3.205888758905928171e-07
3.202281642078474988e-07
3.198632417822366847e-07
3.192528134077221580e-07
3.186209878158763331e-07
3.178124485803124344e-07
3.167659544667245086e-07
3.155086280015595435e-07
3.139489662684624705e-07
3.119997284972697571e-07
3.096124935320077043e-07
3.065803754198626052e-07
3.027493336027475834e-07
2.978983575374627435e-07
2.917867187868239398e-07
2.840589989894226619e-07
2.742076008477312143e-07
2.614631218200713647e-07
2.450738622039594361e-07
2.238650695929322865e-07
1.963757537692956134e-07
1.608267067298996267e-07
1.156006722569102863e-07
5.943641667727206368e-08
6.275691299961749792e-09
7.283168379501603340e-08
1.146773578319937315e-07
7.858587591780263892e-08
1.234217301693263380e-07
5.522147057401838310e-07
1.072718217587365075e-06
1.307207351253225625e-06
1.027943719700274983e-06
5.007084551422735785e-07
9.321524963024074850e-08
8.908001403185039635e-08
1.141617977928888195e-07
6.737168400938742252e-08
2.220446049250313081e-16
