0.000000000000000000e+00
7.413786984322712215e-08
1.370674348466494052e-07
1.877071442724087547e-07
2.272260323232799806e-07
2.578460384095038194e-07
2.814761955738376287e-07
2.997431260975957912e-07
3.139447440902998210e-07
3.249456559384356069e-07
3.335771807666532141e-07
3.403989322636746806e-07
3.458112685095215966e-07
3.500759919727869374e-07
3.534650114822568412e-07
3.562027313108728777e-07
3.583974431675684968e-07
3.601321635349208350e-07
3.614954778852208506e-07
3.626295337344487280e-07
3.636130747608490310e-07
3.643448119872161328e-07
3.648956465873709476e-07
3.653492641753075532e-07
3.657494151987350506e-07
3.660641583191903692e-07
3.662810029725349636e-07
3.665054630896946719e-07
3.666641439359352717e-07
3.667460863887583855e-07
3.668626400443741886e-07
3.669289162511191194e-07
3.669405648221157890e-07
3.670052680648794308e-07
3.670426448332264613e-07
3.670215900086759575e-07
3.670282850976036571e-07
3.670412415113233351e-07
3.670888013562745300e-07
3.670727868332335220e-07
3.670813050193899585e-07
3.670833621516322864e-07
3.671046642228503742e-07
3.670828087054545108e-07
3.671117705383863949e-07
3.671087231982284038e-07
3.670582916504017135e-07
3.670566696145627361e-07
3.670526173005228543e-07
3.670610979611410585e-07
3.670297588076465445e-07
3.670407427991406735e-07
3.669939868666816096e-07
3.669414084805922016e-07
3.669411779982922894e-07
3.668866068728959817e-07
3.668080716945354425e-07
3.666271908286944381e-07
3.665066365954317007e-07
3.662585428276798893e-07
3.660691982876329575e-07
3.657513202304230049e-07
3.653398013003794631e-07
3.649234496805320305e-07
3.642270451909013218e-07
3.635061933682237623e-07
3.625837400322851067e-07
3.613898393872716497e-07
3.599553781707953704e-07
3.581759884241364489e-07
3.559521443152746656e-07
3.532285738350182669e-07
3.497693142895386131e-07
3.453985272239279425e-07
3.398641660323775682e-07
3.328915225697670621e-07
3.240751181854406582e-07
3.128358041504242237e-07
2.982959037556298654e-07
2.795976521419163419e-07
2.554008988742140218e-07
2.240387704244284350e-07
1.834814429280129389e-07
1.318836695407554771e-07
6.780656880422952781e-08
7.163525883591148613e-09
8.309591414956685185e-08
1.308386032849995217e-07
8.965916287184683142e-08
1.408211607323295311e-07
6.299987651559035839e-07
1.223808099304335428e-06
1.491288545651947572e-06
1.172744329980268674e-06
5.712803239354968809e-07
1.063811659873792337e-07
1.016114427043746105e-07
1.302376326783871718e-07
7.686096847869805515e-08
0.000000000000000000e+00
