0.000000000000000000e+00
1.015487907096712661e-07
1.184056221958940114e-07
1.237510733886892922e-07
1.260810699177383754e-07
1.272910644667391011e-07
1.280024835015325380e-07
1.284558411862590788e-07
1.287635468250059034e-07
1.289798573500533507e-07
1.291409128523213212e-07
1.292622138215904215e-07
1.293564704241134677e-07
1.294312423905097376e-07
1.294916105454291255e-07
1.295404635781594038e-07
1.295821421276599494e-07
1.296166204367565911e-07
1.296458568278424650e-07
1.296708630471599122e-07
1.296924189153614293e-07
1.297106069220177460e-07
1.297269556221891662e-07
1.297412979273104838e-07
1.297544476308587491e-07
1.297650902287728059e-07
1.297755978235670682e-07
1.297844747227827611e-07
1.297924090426505472e-07
1.297995158022757778e-07
1.298058930343515271e-07
1.298110937630880812e-07
1.298162486396137183e-07
1.298214060696523120e-07
1.298251114389969985e-07
1.298293046403387052e-07
1.298326566256946535e-07
1.298356481216345060e-07
1.298378043967929329e-07
1.298402212412952395e-07
1.298427421136949533e-07
1.298445455599761544e-07
1.298461002052775370e-07
1.298474120448034341e-07
1.298484890721596230e-07
1.298493442769554918e-07
1.298495436730107144e-07
1.298504184177318166e-07
1.298501379753957963e-07
1.298506577818159258e-07
1.298499650026485597e-07
1.298500662549884055e-07
1.298494576307263060e-07
1.298486338452420341e-07
1.298471412614077281e-07
1.298463115917414257e-07
1.298447972475358370e-07
1.298430327700828002e-07
1.298409951777657056e-07
1.298377254599358821e-07
1.298360658985586724e-07
1.298331225862980887e-07
1.298293161866581613e-07
1.298256361303984363e-07
1.298220577705677670e-07
1.298174973074495142e-07
1.298119007842046813e-07
1.298067900945554243e-07
1.298005111172173542e-07
1.297930460886220771e-07
1.297857177284811314e-07
1.297769907093737629e-07
1.297672054256793217e-07
1.297557105095492602e-07
1.297432168367862459e-07
1.297297219648996247e-07
1.297126019927929974e-07
1.296953815455026415e-07
1.296736686917654424e-07
1.296498407521440299e-07
1.296207262635462598e-07
1.295876732587686320e-07
1.295469881368305209e-07
1.294996234690870551e-07
1.294396390072449776e-07
1.293687323933312427e-07
1.292777891404028878e-07
1.291603324293788546e-07
1.290079228999374550e-07
1.288007119848444404e-07
1.285089213931556174e-07
1.280846086970655051e-07
1.274209305845985796e-07
1.263108839744120360e-07
1.242168196080584153e-07
1.195638118511865855e-07
1.057603981058363729e-07
3.295857731178131189e-08
7.359541654983203784e-07
1.332267629550187849e-15
