0.000000000000000000e+00
3.580483975973436372e-08
4.174842616055940425e-08
4.363319705547041849e-08
4.445473644754116549e-08
4.488137117508728124e-08
4.513221396607036695e-08
4.529206631964655116e-08
4.540055831281364362e-08
4.547682797007013278e-08
4.553361687698043170e-08
4.557638544344655429e-08
4.560961874844338126e-08
4.563598787754585828e-08
4.565726896554878067e-08
4.567449396475353751e-08
4.568918865466287116e-08
4.570134748416165849e-08
4.571165712619063015e-08
4.572047329620687606e-08
4.572807388303345988e-08
4.573449008393737358e-08
4.574024969894452397e-08
4.574530665379938910e-08
4.574994427741785330e-08
4.575369727533029618e-08
4.575740419898721711e-08
4.576053314053751819e-08
4.576332723882359232e-08
4.576583634285924518e-08
4.576808021461431508e-08
4.576991752269776725e-08
4.577173484676677617e-08
4.577355328105880972e-08
4.577486278911635509e-08
4.577634071800673610e-08
4.577752177326033234e-08
4.577857581899991146e-08
4.577933165883507627e-08
4.578018952816620413e-08
4.578107659636287963e-08
4.578171508562434155e-08
4.578226020512943251e-08
4.578272527755444798e-08
4.578310064395907375e-08
4.578340895289301216e-08
4.578347734263132907e-08
4.578378243191849606e-08
4.578368473229232904e-08
4.578386558762304048e-08
4.578362189366913526e-08
4.578365864205125035e-08
4.578344459105210262e-08
4.578315426773116315e-08
4.578263068655274992e-08
4.578233736562964395e-08
4.578180223813177463e-08
4.578117995812647223e-08
4.578045986747270035e-08
4.577930512450478773e-08
4.577872625421974817e-08
4.577768486502264977e-08
4.577634504787653213e-08
4.577504753022765271e-08
4.577378442949253667e-08
4.577217838086511392e-08
4.577020296103739838e-08
4.576839918168928989e-08
4.576618450879976763e-08
4.576355305818680108e-08
4.576096723774014663e-08
4.575789325222956450e-08
4.575444267906902951e-08
4.575038881071691321e-08
4.574598577722355230e-08
4.574122836054073105e-08
4.573518697092993079e-08
4.572911727063200260e-08
4.572146483639016878e-08
4.571305900480382434e-08
4.570279654725339924e-08
4.569114298025311882e-08
4.567679490197207315e-08
4.566009470519105662e-08
4.563894651088418186e-08
4.561394451041422826e-08
4.558187560732562815e-08
4.554046351135099258e-08
4.548672505322315374e-08
4.541366382948552882e-08
4.531078079406114512e-08
4.516116869357489350e-08
4.492715788284584733e-08
4.453576474272580299e-08
4.379741347371179927e-08
4.215679638708280663e-08
3.728981534667497044e-08
1.162069385163277957e-08
2.594640494679723020e-07
2.331468351712828735e-15
