0.000000000000000000e+00
2.000567267401720528e-09
2.334738402609559671e-09
2.680720978531780929e-09
3.024025696518606310e-09
3.361845246629968642e-09
3.684127558578609296e-09
3.990519248375790085e-09
4.276245579859505597e-09
4.541967024707105338e-09
4.787460095023732265e-09
5.012959491956792135e-09
5.218530607642435371e-09
5.406879721725488253e-09
5.578919437532192660e-09
5.733954866471435707e-09
5.873574737691455994e-09
6.002254582249122450e-09
6.115123296623892202e-09
6.217051540247098274e-09
6.308502720209219206e-09
6.390900697539336761e-09
6.465592616855531105e-09
6.531296503631267569e-09
6.588502854398825548e-09
6.638240179768217786e-09
6.684245046351122710e-09
6.721900369655031682e-09
6.751693648610057608e-09
6.778670846863121824e-09
6.801603946726686445e-09
6.819073750108373133e-09
6.829824261700423449e-09
6.836416543976042703e-09
6.840776722860653081e-09
6.838599353464758224e-09
6.830391363621401979e-09
6.820773723603679173e-09
6.804161789553120343e-09
6.781756822782369909e-09
6.756352588510594614e-09
6.725939583063222926e-09
6.689268250426039231e-09
6.644656047605224103e-09
6.595595625213945823e-09
6.538215524543034007e-09
6.473289460018349928e-09
6.401042473846985104e-09
6.320568846085450332e-09
6.229074700492276406e-09
6.129553753453365061e-09
6.017485620901652510e-09
5.890279486386873486e-09
5.752328391395167273e-09
5.599297914216094796e-09
5.429795058020658871e-09
5.243556144840511024e-09
5.039486383751068388e-09
4.817248155930542453e-09
4.575109291415913049e-09
4.311743739826567889e-09
4.025911382044000675e-09
3.723637176378247204e-09
3.402073511793446414e-09
3.066734199919096682e-09
2.724191539016374008e-09
2.378037877726058014e-09
2.040884239384865850e-09
2.286398625983565580e-09
1.460677689912870392e-09
1.258327886333177048e-09
1.150811224093217788e-09
1.173180108615667905e-09
1.359243717580227440e-09
1.741693678170008752e-09
2.347348759812462049e-09
3.188308395074557211e-09
4.256648256095729721e-09
5.512135303753495918e-09
6.866191393228859852e-09
8.213651203625715880e-09
9.415837665116555399e-09
1.032445817727989379e-08
1.083269718371582258e-08
1.086264722616192557e-08
1.040955655007280711e-08
9.544942836114955753e-09
8.368215564935610473e-09
7.028922999197106947e-09
5.668353120213964758e-09
4.394987263012239964e-09
3.302582762820804874e-09
2.433652834810118293e-09
1.800464666246170964e-09
1.391392112637390710e-09
1.183335762711124062e-09
1.142690941868806931e-09
1.237509317242313500e-09
1.427938434162001613e-09
4.784423616836785964e-12
