0.000000000000000000e+00
9.413905099897590389e-09
1.794715054348472449e-08
2.584659952731271915e-08
3.315277208315592361e-08
3.957704752810542459e-08
4.562875854929870911e-08
5.102879196972054388e-08
5.583856599322700731e-08
6.045245837249524357e-08
6.451025391651654672e-08
6.815147624017470207e-08
7.156051040624333837e-08
7.461737561165193711e-08
7.722033612544976222e-08
7.988387240587258020e-08
8.223419223352124163e-08
8.432786724466012629e-08
8.618362312695637684e-08
8.790870054120603072e-08
8.951539098855931798e-08
9.088077990160314812e-08
9.203354267572905201e-08
9.333269068712013450e-08
9.430372527319264009e-08
9.513256149507043347e-08
9.603573469796344853e-08
9.660832023250520706e-08
9.719435745125792891e-08
9.768462827519641678e-08
9.819341206807052913e-08
9.850094695451616644e-08
9.872064754556930666e-08
9.885394003372738325e-08
9.890168328752224625e-08
9.882146789763623929e-08
9.858794414174809617e-08
9.853192417530465264e-08
9.823502600259104156e-08
9.784857224470755455e-08
9.721512628235728926e-08
9.675302881095859675e-08
9.607999540417466733e-08
9.518951671338982123e-08
9.446142423819026135e-08
9.346086060624259062e-08
9.229379671626958270e-08
9.096707964673100832e-08
8.969241438450126225e-08
8.798375805696423413e-08
8.632304004940749564e-08
8.444168664301088256e-08
8.244952831581997543e-08
8.004357954227714345e-08
7.771614340956745082e-08
7.478323749143811483e-08
7.194283269118528779e-08
6.862174317667779633e-08
6.492106330302505057e-08
6.096010196632306588e-08
5.654885637529361020e-08
5.154097193482698458e-08
4.635996908586292875e-08
4.026412181445948590e-08
3.385547442391612094e-08
2.686615574454265243e-08
1.912267189041472193e-08
1.029942564567676300e-08
1.116280845536721245e-09
9.341644569005325138e-09
2.019604061764823655e-08
3.232394130137095090e-08
4.520258045648262168e-08
5.899886601490322846e-08
7.352464470589126222e-08
8.868332190825611860e-08
1.042478722235173905e-07
1.192905320079873377e-07
1.339014703560792441e-07
1.475206030665532353e-07
1.599302112964551270e-07
1.691320515861960416e-07
1.759974629367277998e-07
1.797595123864681455e-07
1.798580344658518015e-07
1.766118632451352255e-07
1.701137575249589418e-07
1.607538260284258058e-07
1.490544747628774758e-07
1.356050214340598359e-07
1.210952402797005334e-07
1.057837120121973840e-07
9.051747651422914487e-08
7.530934742483452737e-08
6.097278215655421718e-08
4.706807676946311858e-08
3.375731449928309758e-08
2.166654977653337255e-08
1.056298926105370128e-08
4.440892098500626162e-16
