0.000000000000000000e+00
1.756660261698073100e-09
3.348973209860162115e-09
4.823034749357191231e-09
6.186394840845821363e-09
7.385171474361129640e-09
8.514445704044248941e-09
9.522103661119274420e-09
1.041961372738597902e-08
1.128058657595687464e-08
1.203777832969876727e-08
1.271724359153125761e-08
1.335337718177953548e-08
1.392379767040097249e-08
1.440950836428811499e-08
1.490653522839835432e-08
1.534511295808727027e-08
1.573579699876148652e-08
1.608208632930541171e-08
1.640398794577890840e-08
1.670380045393216051e-08
1.695858886652246156e-08
1.717369113585220930e-08
1.741611987959856833e-08
1.759731993455915244e-08
1.775197711051390570e-08
1.792051584903475714e-08
1.802735616340811475e-08
1.813671557382434685e-08
1.822820039354411392e-08
1.832314167060644650e-08
1.838052654523636420e-08
1.842152796971419093e-08
1.844639785364421414e-08
1.845531016897439258e-08
1.844034092091106913e-08
1.839675778381177906e-08
1.838631036310545142e-08
1.833090690350758223e-08
1.825879691885745615e-08
1.814058547822128276e-08
1.805436367074975124e-08
1.792877646344948062e-08
1.776260050156963644e-08
1.762674306515776834e-08
1.744003708115116069e-08
1.722225706490831953e-08
1.697468710037952633e-08
1.673683736047593129e-08
1.641799318718994982e-08
1.610809607921481756e-08
1.575703123535276973e-08
1.538529426081680640e-08
1.493633328131238613e-08
1.450203346298195584e-08
1.395473891996346083e-08
1.342471989129734311e-08
1.280499317690697580e-08
1.211443756421459739e-08
1.137531246975242993e-08
1.055216503065281586e-08
9.617671214989798045e-09
8.650891114569958518e-09
7.513380584356355030e-09
6.317509959608003101e-09
5.013294002154111695e-09
3.568343287518871421e-09
1.921885317557325834e-09
2.083007100139866452e-10
1.743192701297857639e-09
3.768632517164860474e-09
6.031733001954364681e-09
8.434917875277392341e-09
1.100934143849485736e-08
1.371989177822996453e-08
1.654854431265562198e-08
1.945296190797307645e-08
2.225993123161629228e-08
2.498636886283378544e-08
2.752773375913619702e-08
2.984344937839722434e-08
3.156049122043924626e-08
3.284159422189958377e-08
3.354360811336221104e-08
3.356198841064639282e-08
3.295624373400585228e-08
3.174368146119377343e-08
2.999708836881609386e-08
2.781396168938243818e-08
2.530425402547109570e-08
2.259669773518879765e-08
1.973952168388137807e-08
1.689080064704029382e-08
1.405292060496776685e-08
1.137770455628128730e-08
8.783047622529238652e-09
6.299200383530489944e-09
4.043037460377263415e-09
1.971095398012323585e-09
3.330669073875469621e-16
