0.000000000000000000e+00
6.606520438490193214e-07
1.221634877257571361e-06
1.671571197126020536e-06
2.024509301756793889e-06
2.297391689110028778e-06
2.508132144751762382e-06
2.670504736346224206e-06
2.796990285269806975e-06
2.895114503020934649e-06
2.972485657948276128e-06
3.033626018500434895e-06
3.081189671516604278e-06
3.119449634159110474e-06
3.149496226262371579e-06
3.173686591972924020e-06
3.193143780721996450e-06
3.208622134098781942e-06
3.221782719387000782e-06
3.231573264983467197e-06
3.239565407597844171e-06
3.246330800954488893e-06
3.251444926077873276e-06
3.255638096000268433e-06
3.258814264550657924e-06
3.261594354819763453e-06
3.263384241836142508e-06
3.265460829293687084e-06
3.266869965767860151e-06
3.267655836247662648e-06
3.269259824523196301e-06
3.270018473111591106e-06
3.270204765759565646e-06
3.270265945931605245e-06
3.270361794149856394e-06
3.269944458539342236e-06
3.270284111511756464e-06
3.270284215317609267e-06
3.270019294898673934e-06
3.270452233139486964e-06
3.270183793202541267e-06
3.270273429833991941e-06
3.270259280818699210e-06
3.270469406624343378e-06
3.270696984691845444e-06
3.270731448234975858e-06
3.270475942285244741e-06
3.270447036185508694e-06
3.270391186305232623e-06
3.270322676551806751e-06
3.269946919459698620e-06
3.269701666974711429e-06
3.270090357498922629e-06
3.269128122651565604e-06
3.270429900337212814e-06
3.269579265885447228e-06
3.268581274640247614e-06
3.266336309759587664e-06
3.265264278184965008e-06
3.263563357780441265e-06
3.261430412626609154e-06
3.258600390076971109e-06
3.255287632231151917e-06
3.250943526156291341e-06
3.245887413849679604e-06
3.239065021420906021e-06
3.230878474869136596e-06
3.220826618854921719e-06
3.207347162081930492e-06
3.191660343460078764e-06
3.171511242294755561e-06
3.146716707091989917e-06
3.116074187237138915e-06
3.076974630311646308e-06
3.027770885011271673e-06
2.965895315898414708e-06
2.886859847062162032e-06
2.786503451313038227e-06
2.657257850535721388e-06
2.490157353651767380e-06
2.274335170526775585e-06
1.994896785650901450e-06
1.634432732267043775e-06
1.172930452653098143e-06
6.007159579768384106e-07
6.749121372884303582e-08
7.469137911497725213e-07
1.182813021971540479e-06
8.255513755939247744e-07
1.234618710044266265e-06
5.604228651034937059e-06
1.093467288193483711e-05
1.333210127130168843e-05
1.048742882547859523e-05
5.107401152004698019e-06
9.450384156339808328e-07
9.052234967166228330e-07
1.162674156174325901e-06
6.864267840800408749e-07
7.771561172376095783e-16
