0.000000000000000000e+00
5.653022915330652154e-07
6.599453267197574746e-07
7.579373518806775678e-07
8.551587353800016444e-07
9.505823288513681746e-07
1.042290764696751637e-06
1.128892814561410773e-06
1.209816855585188478e-06
1.285403087747383211e-06
1.354620413729357153e-06
1.418261302732481965e-06
1.476657056076469132e-06
1.530074138833548147e-06
1.578807110602653552e-06
1.622677717971754419e-06
1.662249955125538747e-06
1.698426923546492162e-06
1.730923327669664502e-06
1.759575572912730479e-06
1.785772529183660140e-06
1.809108131411996112e-06
1.829997484104062266e-06
1.848600983289649946e-06
1.864808541252038765e-06
1.878729762538888792e-06
1.891788625307810889e-06
1.902377158802259771e-06
1.911040406366026900e-06
1.918682684620698353e-06
1.925179125339404607e-06
1.929991596316682489e-06
1.933347864246925951e-06
1.935424946752917208e-06
1.936119693457527546e-06
1.935686305132300333e-06
1.933652580943245880e-06
1.930477059874924350e-06
1.925688471682285297e-06
1.919557113705394613e-06
1.912360653943956379e-06
1.903744884623748135e-06
1.893121072460424159e-06
1.880620005167976672e-06
1.866806533357134867e-06
1.850521421542516975e-06
1.832394665890468843e-06
1.811748539970459149e-06
1.788475640918107956e-06
1.762894237367085282e-06
1.734764256577925323e-06
1.702490472044182468e-06
1.667006205297028032e-06
1.627927639358262013e-06
1.584578810831516194e-06
1.536557672765503924e-06
1.483739843433085071e-06
1.426004236360078892e-06
1.363313416380407261e-06
1.294470137747083527e-06
1.219530873508567481e-06
1.139710886555178604e-06
1.053529945838072024e-06
9.618861042115511850e-07
8.672223650307842036e-07
7.701270824389538916e-07
6.723067452751863016e-07
5.764963492138619472e-07
1.364100932654821463e-06
4.123900452235318426e-07
3.551831727621745927e-07
3.246126353273481868e-07
3.299548599899893020e-07
3.832282166049694183e-07
4.918689651134400265e-07
6.633844172876379730e-07
9.014821954478335897e-07
1.204131829801724507e-06
1.559015859742274301e-06
1.943099910861612045e-06
2.325130006530784499e-06
2.665496164677705337e-06
2.923242760410893482e-06
3.067603233541937868e-06
3.075917946793182978e-06
2.947367540029333099e-06
2.702572346913179047e-06
2.368619987591635834e-06
1.988936621177828101e-06
1.604025041124224060e-06
1.243331738676189957e-06
9.339154305454400173e-07
6.878341630711659604e-07
5.084365987118033559e-07
3.926988345615001208e-07
3.327813173914506706e-07
3.224588309702625111e-07
3.491820778078746912e-07
4.034203103797651124e-07
0.000000000000000000e+00
