0.000000000000000000e+00
1.055887492995566390e-07
1.232493904712583799e-07
1.415349669686705170e-07
1.596767518208253023e-07
1.774830495904211602e-07
1.945960997895568312e-07
2.107562682152064326e-07
2.258568907453906149e-07
2.399614679182704435e-07
2.528775726595711149e-07
2.647531058830310258e-07
2.756498934664008971e-07
2.856176333221327468e-07
2.947113013629376610e-07
3.028976254260129508e-07
3.102819025047054424e-07
3.170325886259206527e-07
3.230964554790105581e-07
3.284430182270980936e-07
3.333314241293905411e-07
3.376858712655916861e-07
3.415838641940283082e-07
3.450553063277794763e-07
3.480796543220421313e-07
3.506773984529587551e-07
3.531141926638170503e-07
3.550900354865049735e-07
3.567066136911378749e-07
3.581326547541507921e-07
3.593449099392742596e-07
3.602429117233185707e-07
3.608691894196880412e-07
3.612567924804466202e-07
3.613864213436457362e-07
3.613055521434205275e-07
3.609260442738460029e-07
3.603334933766078052e-07
3.594399539119663700e-07
3.582958142400727297e-07
3.569529325453402180e-07
3.553452259108524913e-07
3.533628193386206817e-07
3.510300817799461015e-07
3.484524696562019130e-07
3.454136537905938553e-07
3.420311448509849583e-07
3.381785574907425485e-07
3.338358005589014965e-07
3.290622665463871499e-07
3.238131432992119585e-07
3.177908026730236202e-07
3.111693677171345485e-07
3.038772236063636001e-07
2.957882427878644194e-07
2.868274054934616402e-07
2.769714805284095860e-07
2.661978761864247645e-07
2.544996239306485109e-07
2.416533040339174931e-07
2.276694525127354041e-07
2.127748252034322718e-07
1.966932253738562508e-07
1.795922275338313057e-07
1.619277035791455432e-07
1.438094475725293364e-07
1.255558830237646362e-07
1.076773896713234535e-07
2.270090924683110245e-07
7.705476823272050524e-08
6.637991079028182639e-08
6.067557245525989629e-08
6.167272725843275794e-08
7.161413684286799253e-08
9.188734051424063409e-08
1.238932023639449653e-07
1.683234822635881756e-07
2.247991578441244087e-07
2.910216222451467161e-07
3.626925028088479053e-07
4.339797119445876206e-07
4.974920847500285959e-07
5.455874413362593600e-07
5.725248316545972216e-07
5.740764773554118960e-07
5.500891246956740588e-07
5.044106052842778354e-07
4.420951562611463714e-07
3.712459859528394190e-07
2.994207705109275253e-07
2.321143494077304581e-07
1.743760256189830216e-07
1.284560143810509203e-07
9.497931230395550983e-08
7.338175855853279472e-08
6.220051962380068744e-08
6.027397536634282460e-08
6.526038331955419380e-08
7.538123769634808014e-08
0.000000000000000000e+00
