0.000000000000000000e+00
3.726017183680596645e-08
4.348729909509074787e-08
4.993476554471243389e-08
5.633151722861384769e-08
6.260997098550546980e-08
6.864398216510636530e-08
7.434200943734481370e-08
7.966644233192710089e-08
8.463967149374695964e-08
8.919384852923428753e-08
9.338112461065861680e-08
9.722329696870701810e-08
1.007378882533771502e-07
1.039442881767271842e-07
1.068307615703645297e-07
1.094344339591657445e-07
1.118147050505058360e-07
1.139528065241535160e-07
1.158379863142044996e-07
1.175616233251020049e-07
1.190969867170821317e-07
1.204714106251003614e-07
1.216954286231697324e-07
1.227618056098833677e-07
1.236777641411279660e-07
1.245369678493091214e-07
1.252336472301607273e-07
1.258036462781220166e-07
1.263064631773502811e-07
1.267338999300093860e-07
1.270505330941418265e-07
1.272713570088512824e-07
1.274080269064725712e-07
1.274537327899949446e-07
1.274252182659196819e-07
1.272914069705421980e-07
1.270824719901142430e-07
1.267674109017846718e-07
1.263639934911964247e-07
1.258904963608031835e-07
1.253236234788346337e-07
1.246246327246680607e-07
1.238021161142910387e-07
1.228932584584896404e-07
1.218217786647102230e-07
1.206291152522354082e-07
1.192707048680574644e-07
1.177394579610080427e-07
1.160563238844503076e-07
1.142055019442977937e-07
1.120820437572334072e-07
1.097473463218534562e-07
1.071761552839944898e-07
1.043240069886763877e-07
1.011644397141964191e-07
9.768927422548756567e-08
9.389052979535961185e-08
8.976576160169003060e-08
8.523619177136509961e-08
8.030552456350648072e-08
7.505372257021747373e-08
6.938339347506428112e-08
6.335363278431316303e-08
5.712516359945851718e-08
5.073670328314960898e-08
4.430051792070344163e-08
3.799657177783188899e-08
7.207890728722077256e-08
2.719896274872013464e-08
2.343489768907858206e-08
2.142337907073965653e-08
2.177472069320174342e-08
2.527971509902471325e-08
3.242760771016151011e-08
4.371233996991463755e-08
5.937785441112453100e-08
7.929055012567687299e-08
1.026399946146838715e-07
1.279106296436793855e-07
1.530461072318800575e-07
1.754403177178787132e-07
1.923986079344075506e-07
2.018966920314113622e-07
2.024438150449725526e-07
1.939859581856495652e-07
1.778798678353510354e-07
1.559077060786506763e-07
1.309266844939926955e-07
1.056016235567724948e-07
8.186997968451237284e-08
6.151206866089609093e-08
4.532126640643951987e-08
3.351791211247956426e-08
2.590305692162786499e-08
2.196089710082560487e-08
2.128184994898418836e-08
2.304022228560853591e-08
2.660893883010828631e-08
2.408013025090305348e-16
