0.000000000000000000e+00
1.645900526980881295e-09
3.493248468267040607e-09
5.420434101566229401e-09
7.369660326439486653e-09
9.293475655702820859e-09
1.115032066678622868e-08
1.290705187173557533e-08
1.455851206255687202e-08
1.609996247431411120e-08
1.752642420083105890e-08
1.883234457267235484e-08
2.003632304514724183e-08
2.112267072362783438e-08
2.212330896256275992e-08
2.302868873371721747e-08
2.384067010474666404e-08
2.457739123329361064e-08
2.523722619773849374e-08
2.582788138916214393e-08
2.636242857345649782e-08
2.684902955518708723e-08
2.726783998596715719e-08
2.763790662996257197e-08
2.797075315807973084e-08
2.826186196180913157e-08
2.851896141464749235e-08
2.872463300551686416e-08
2.892365402740182390e-08
2.906391816104303416e-08
2.918904118409670900e-08
2.927911879613276369e-08
2.934233689355636443e-08
2.940544607810124944e-08
2.941760346431010475e-08
2.939957755021538333e-08
2.936394660757457586e-08
2.929681841568054779e-08
2.920339003953387191e-08
2.908040408478029804e-08
2.894421458066176456e-08
2.876083127212325508e-08
2.853565184146589218e-08
2.829582090857485355e-08
2.799880371995300266e-08
2.767867413044911018e-08
2.731436044012269804e-08
2.690421674333975943e-08
2.642411400799460353e-08
2.590416769976400246e-08
2.531415632667233240e-08
2.465182502575657963e-08
2.393677112078052005e-08
2.313379854346209186e-08
2.223856032657067772e-08
2.125822073928418376e-08
2.017811828736171265e-08
1.898249457621403735e-08
1.768714597005782707e-08
1.627618184674162194e-08
1.475351307789196653e-08
1.311635711154224282e-08
1.136701777149085046e-08
9.530403910495977016e-09
7.605429841461841534e-09
5.657545543158448709e-09
3.721732366734897823e-09
1.873470045765657233e-09
1.884065126134260026e-10
1.200141097612572594e-09
2.137653831724151132e-09
2.445982527632395431e-09
1.899679080707983303e-09
3.187446973029750552e-10
2.527020037668137320e-09
6.814948827482680827e-09
1.260540793968090156e-08
1.980905384169062700e-08
2.816071509315065668e-08
3.710916007815256989e-08
4.600296077406085260e-08
5.387542867385519685e-08
5.981913753227985353e-08
6.312415190556919242e-08
6.330726332048897120e-08
6.037361544031227822e-08
5.468191144331058240e-08
4.699388855833319667e-08
3.820350069627664880e-08
2.921834596492089986e-08
2.075417404601154203e-08
1.337429889058938670e-08
7.422978676174807333e-09
2.963103762354535320e-09
5.119615842374969361e-11
1.798369009264888518e-09
2.433316548255959333e-09
2.214019745316875287e-09
1.346645461808293476e-09
6.661338147750939243e-16
