0.000000000000000000e+00
2.894312276513488769e-06
3.500136762313310612e-06
3.981375313433233032e-06
4.359094428085796835e-06
4.650875796929909711e-06
4.877494544475169391e-06
5.052617166656503400e-06
5.189451555920321368e-06
5.297563320683096322e-06
5.383122413160634778e-06
5.451058587957469115e-06
5.504980375770074374e-06
5.548864132398634297e-06
5.584142691694715666e-06
5.613087137312788855e-06
5.636664972552551944e-06
5.655631815093542514e-06
5.671351626768128540e-06
5.684454245424852559e-06
5.695401102290276185e-06
5.704407038287229170e-06
5.711988185774785620e-06
5.718357451112154877e-06
5.723539306390357240e-06
5.727673583089121223e-06
5.731270244169195394e-06
5.734504895715808459e-06
5.737195555521878987e-06
5.739384994041252241e-06
5.741334082598470445e-06
5.742659737961730571e-06
5.743611518060909304e-06
5.744563289389326144e-06
5.745634030773771883e-06
5.746371391057714106e-06
5.747294443025907640e-06
5.747796474109279075e-06
5.748125653237678989e-06
5.748267573491006033e-06
5.748410032868633834e-06
5.748779717040797266e-06
5.748682559314488572e-06
5.748928275650655451e-06
5.748459037224762369e-06
5.748644456793350344e-06
5.748338859135060375e-06
5.748071437272628259e-06
5.747690245083703076e-06
5.747288370994141360e-06
5.746570578613052760e-06
5.745420369684950401e-06
5.744629126280820230e-06
5.743503182942255592e-06
5.742649240025876622e-06
5.741212641408033335e-06
5.739228817969177499e-06
5.737088002999435332e-06
5.734289401870817926e-06
5.730970108364097371e-06
5.727682750866769368e-06
5.723076427099904606e-06
5.717666631710471847e-06
5.711384906015304352e-06
5.703555127301029870e-06
5.694765434993698250e-06
5.683590324823128981e-06
5.670282999248321687e-06
5.654148336420306009e-06
5.635007787274659563e-06
5.610687616286469392e-06
5.581589317293911279e-06
5.545571310050512182e-06
5.501096254079129722e-06
5.445758457400806662e-06
5.376184963545860285e-06
5.289319983670104364e-06
5.179406228683625102e-06
5.038571363025212690e-06
4.859405302926056436e-06
4.628077637236494013e-06
4.328492911431780499e-06
3.942319809935312946e-06
3.450164669960287256e-06
2.832023387688842320e-06
5.331112941292515117e-06
1.315912370292160460e-06
7.067182252740167314e-07
7.790068895507928914e-07
2.345525231817191525e-06
6.018168416610514271e-06
1.064571109732348475e-05
1.273613194496814316e-05
1.025036540902579674e-05
5.583219419125207139e-06
2.100094391277451678e-06
7.172898656149229168e-07
7.399616330783231888e-07
1.383795878440174931e-06
5.442030488679756861e-09
