0.000000000000000000e+00
1.905353034237222687e-07
2.303969707240227649e-07
2.620609717007837958e-07
2.869135889982388221e-07
3.061117250791056676e-07
3.210223654681598759e-07
3.325447356372634999e-07
3.415478765367296887e-07
3.486611805936234987e-07
3.542906077402818710e-07
3.587605151844641682e-07
3.623083404402649421e-07
3.651957010131212655e-07
3.675168761541058871e-07
3.694213034366455872e-07
3.709726222878018120e-07
3.722205523803978622e-07
3.732548484736142314e-07
3.741169474213990043e-07
3.748372063849814140e-07
3.754297502878145565e-07
3.759285576165893872e-07
3.763476318363601081e-07
3.766885761091742779e-07
3.769605997350211624e-07
3.771972473254336933e-07
3.774100649778233674e-07
3.775871025846200268e-07
3.777311662345184118e-07
3.778594014347547159e-07
3.779466221098815026e-07
3.780092517891020520e-07
3.780718729196053118e-07
3.781423190130084322e-07
3.781908396449651377e-07
3.782515681782783190e-07
3.782846004218853864e-07
3.783062606510512182e-07
3.783155979597552232e-07
3.783249686861722694e-07
3.783492948938871336e-07
3.783429102233171193e-07
3.783590662997937670e-07
3.783282018776645828e-07
3.783403937918095039e-07
3.783202878748781472e-07
3.783026912840270484e-07
3.782776067939863651e-07
3.782511641681196579e-07
3.782039400546111096e-07
3.781282652548512146e-07
3.780761983485092514e-07
3.780021164967450886e-07
3.779459261110673651e-07
3.778514010566169645e-07
3.777208782418384203e-07
3.775800179184329863e-07
3.773958784369924047e-07
3.771774895744428591e-07
3.769611857107335595e-07
3.766581083697317922e-07
3.763021636515873070e-07
3.758888523774928103e-07
3.753736911304983437e-07
3.747953576382911933e-07
3.740600783563863274e-07
3.731845131804689686e-07
3.721229262509950786e-07
3.708635482047029086e-07
3.692633868679351394e-07
3.673488367939015120e-07
3.649790010218367797e-07
3.620527263548112273e-07
3.584117257426910896e-07
3.538340784814408835e-07
3.481187069720448335e-07
3.408868117782404283e-07
3.316204322256766091e-07
3.198319563635365625e-07
3.046114175342395924e-07
2.848997416871057453e-07
2.594907301256554888e-07
2.271081833704613473e-07
1.864356549141632513e-07
2.959689889836525367e-07
8.667524364902590150e-08
4.658607999363795216e-08
5.133172797933127640e-08
1.543878319631986074e-07
3.960107856082473177e-07
7.004559864354220622e-07
8.379952335380025374e-07
6.744614873266385757e-07
3.674088115968032753e-07
1.382515117942517691e-07
4.727957603201105030e-08
4.877862547214562028e-08
9.114501786644524373e-08
2.682909436063293795e-10
