0.000000000000000000e+00
1.844478659807080589e-07
3.233108883948787593e-07
4.299359173121075628e-07
5.106699175749795927e-07
5.745716983307502801e-07
6.259483724679881789e-07
6.667611738286893797e-07
6.998925977663716935e-07
7.273151158004864669e-07
7.502689703953180356e-07
7.694582335737720769e-07
7.856151251761644971e-07
7.996195925397131532e-07
8.114685650095765368e-07
8.219172544787767265e-07
8.308249860311534007e-07
8.388032363138009373e-07
8.454845646932440673e-07
8.518424058356899309e-07
8.572567723463819789e-07
8.620674821768758989e-07
8.663532801156392793e-07
8.701799412147437351e-07
8.736026904099247758e-07
8.764538047545400445e-07
8.794156429736688096e-07
8.818788846953751204e-07
8.837943530348724153e-07
8.860628518680968568e-07
8.877448268718168833e-07
8.891175269365447775e-07
8.908003570340383703e-07
8.920341473261927945e-07
8.931157768898856375e-07
8.937750872739513852e-07
8.947771581446772871e-07
8.955369037444427249e-07
8.958971631223278109e-07
8.965303009977887427e-07
8.966601862114842447e-07
8.969856144513954632e-07
8.971710799832166572e-07
8.968899266603713727e-07
8.969700178163009241e-07
8.965520277293137497e-07
8.962987370075836679e-07
8.960443760308578476e-07
8.952818801866158083e-07
8.945920462188894362e-07
8.939711583222376134e-07
8.930188105660263886e-07
8.919230929382848672e-07
8.906742072767315221e-07
8.891767813157258615e-07
8.874655814672394172e-07
8.858835465197500980e-07
8.838860395821157567e-07
8.814458132277991353e-07
8.788679186633174822e-07
8.761751733032951961e-07
8.730743872309432163e-07
8.697441897798086075e-07
8.659648903508454509e-07
8.614028124132033781e-07
8.566754035044255033e-07
8.512906125579533523e-07
8.448598108889981972e-07
8.377454889796354109e-07
8.298545939311452457e-07
8.208904136441930177e-07
8.105046587214559395e-07
7.983829088953342534e-07
7.842817166814342045e-07
7.676483682050871948e-07
7.482595494323618368e-07
7.250369363775988063e-07
6.971234050023866757e-07
6.627940373205021274e-07
6.215783109331241008e-07
5.697853167063726687e-07
5.043187600861642750e-07
4.208139328110149791e-07
3.124293868062011370e-07
1.699228786566919780e-07
2.071668669945125885e-08
2.773104589293140521e-07
6.225006489168904977e-07
1.078449977542916827e-06
1.647285426287226073e-06
2.265710870585913028e-06
2.779952646081440548e-06
2.974764508167915267e-06
2.741553053353662506e-06
2.211156299947170112e-06
1.587805512626161430e-06
1.029892643722440937e-06
5.873233290820678576e-07
2.493622157651032012e-07
3.330669073875469621e-16
