0.000000000000000000e+00
1.054389908716757418e-11
4.607569881187600913e-11
1.073500177639630238e-10
1.932558557626862239e-10
2.994838821379630645e-10
4.234300687855352407e-10
5.657677659698379102e-10
7.269839175094716666e-10
9.012218749049338840e-10
1.083646727906284468e-09
1.272858263234866172e-09
1.467616139727567770e-09
1.662550208614277381e-09
1.857330067522866557e-09
2.044829194858266419e-09
2.226617223932692013e-09
2.394526465998580989e-09
2.554654932040989479e-09
2.693290368505074639e-09
2.810013333132133084e-09
2.910748198026169575e-09
2.991212166847390108e-09
3.049039132285713549e-09
3.078085564212074132e-09
3.085149802295461541e-09
3.070423693074531002e-09
3.022909922378858028e-09
2.954778866026686046e-09
2.869149029471884660e-09
2.759890427306288530e-09
2.625104911224696025e-09
2.474859206458290828e-09
2.312612101817990151e-09
2.142817479011682735e-09
1.956925288482125325e-09
1.761712997705444650e-09
1.566830887256287497e-09
1.372132740762310732e-09
1.177470010382819510e-09
9.909194575996593812e-10
8.135212503646016557e-10
6.487151926748424557e-10
4.969833433676740242e-10
3.611951848725425407e-10
2.467149817775293741e-10
1.511647473861899016e-10
7.925060607760769926e-11
3.084255073559916127e-11
5.103140132689532038e-12
3.350097976806409861e-12
2.698696821568091764e-11
7.495426501691326848e-11
1.488023038120900310e-10
2.456235215220203827e-10
3.607739662569997563e-10
4.934718189630871166e-10
6.456243317742860199e-10
8.134100060175342151e-10
9.924995270083059040e-10
1.178326991535527668e-09
1.370948576884245540e-09
1.565388152435787106e-09
1.758379220007100230e-09
1.951397043953306820e-09
2.137874099972236763e-09
2.312324776099217161e-09
2.474891847015214807e-09
2.627483675077257885e-09
2.754759420575680906e-09
2.862981962614696840e-09
2.951849542576212571e-09
3.024675399032616951e-09
3.066387588290808708e-09
3.084319799562251774e-09
3.076902399534731103e-09
3.048281294049104417e-09
2.991022207687876744e-09
2.913927654724091099e-09
2.816619604217862616e-09
2.692006062510188258e-09
2.551499234115794934e-09
2.393819031887289839e-09
2.226262729720929201e-09
2.049692082728427067e-09
1.860440024259446545e-09
1.662577298056078234e-09
1.467247545683392218e-09
1.272705274502072825e-09
1.083906187027139367e-09
9.013125801260457592e-10
7.286541370277177521e-10
5.693756577329622814e-10
4.250995111476640886e-10
2.991770164939566712e-10
1.936103499744490364e-10
1.094168089466052152e-10
5.025635463340449860e-11
1.388078540998094468e-11
0.000000000000000000e+00
