0.000000000000000000e+00
1.180368461861647233e-07
2.180469012014185637e-07
2.986009902672392968e-07
3.614688411923694389e-07
4.101371744447135370e-07
4.477727458818137052e-07
4.768363180973622661e-07
4.994135205382832510e-07
5.169405656868519827e-07
5.306677440808371671e-07
5.415068193848071587e-07
5.500941381297863586e-07
5.569044524422750442e-07
5.622941279259663361e-07
5.666165077133911154e-07
5.701033247706988050e-07
5.728182810305071371e-07
5.751274849696841329e-07
5.768728107424792029e-07
5.784165716393729895e-07
5.796015006831467531e-07
5.804425193822737583e-07
5.812562114959618498e-07
5.818041091121273212e-07
5.823181015163214624e-07
5.826814205578401129e-07
5.829755871378239362e-07
5.832637005598328983e-07
5.834211239674758076e-07
5.835560343836476704e-07
5.837119273488511340e-07
5.837912059325489622e-07
5.838341391450896367e-07
5.838928999191139724e-07
5.838812623393252466e-07
5.839104698646124803e-07
5.839676676666627486e-07
5.839662015061364286e-07
5.839406843621830490e-07
5.838614810516062903e-07
5.839575528687745987e-07
5.838992681583832223e-07
5.839265592166853480e-07
5.840027813563963832e-07
5.839979851929300025e-07
5.838596442986343504e-07
5.839151566711109353e-07
5.838743070141205749e-07
5.839022825249173820e-07
5.839137721119769253e-07
5.838898555765581477e-07
5.838154589765665037e-07
5.838132067781387491e-07
5.837315473211646122e-07
5.836648327983695594e-07
5.835198476633607356e-07
5.832004698058668168e-07
5.830404039564029972e-07
5.827183532369772934e-07
5.823309142671817540e-07
5.817699487709049322e-07
5.812663151916197535e-07
5.805221551247186085e-07
5.795603614799915704e-07
5.783117388302727591e-07
5.768272625106263263e-07
5.749174748492791309e-07
5.727182147419185299e-07
5.698831003764226466e-07
5.662555663255020022e-07
5.619071028473143770e-07
5.563999133650909812e-07
5.494773728242918764e-07
5.407400696100239657e-07
5.296828561318633888e-07
5.155417420743546586e-07
4.976567077319415944e-07
4.745460252530975254e-07
4.448141156521145945e-07
4.063143673738167649e-07
3.564010683243523658e-07
2.918882129332445174e-07
2.098124791682920431e-07
1.077143895189536238e-07
1.134676019809433001e-08
1.323116479712282967e-07
2.094459367052436960e-07
1.434739643757509953e-07
2.245551519175492672e-07
1.002925102411289515e-06
1.947552463632540309e-06
2.372924857829694645e-06
1.866094721081346108e-06
9.107679123099288176e-07
1.695302936921549986e-07
1.611547928437317978e-07
2.067556232887568513e-07
1.222691989877233709e-07
0.000000000000000000e+00
