0.000000000000000000e+00
4.162502587057304027e-08
7.689168068925056332e-08
1.052969774706369321e-07
1.274654192195967539e-07
1.446266930660300432e-07
1.578975589167086468e-07
1.681457688640364267e-07
1.761067758287993001e-07
1.822870264733822410e-07
1.871273902498415964e-07
1.909493750895663311e-07
1.939773577319670039e-07
1.963787523706628235e-07
1.982792170451830316e-07
1.998033395400611312e-07
2.010328316037757190e-07
2.019901641503452083e-07
2.028044175927945503e-07
2.034198466338565936e-07
2.039641968654137827e-07
2.043820289676645530e-07
2.046785907428017026e-07
2.049655067892786064e-07
2.051587097984253205e-07
2.053399589252435931e-07
2.054680752205939598e-07
2.055718073545875768e-07
2.056734066391285864e-07
2.057289202328504985e-07
2.057764972862585751e-07
2.058314665376315133e-07
2.058594268383728831e-07
2.058745696142949555e-07
2.058952941474956333e-07
2.058911955371556246e-07
2.059014944100212574e-07
2.059216663852225793e-07
2.059211534621852024e-07
2.059121562147936402e-07
2.058842308860775461e-07
2.059181041236257670e-07
2.058975570040644243e-07
2.059071754212382643e-07
2.059340531435083221e-07
2.059323590541950466e-07
2.058835825158311650e-07
2.059031533052646523e-07
2.058887462741409990e-07
2.058986100506032813e-07
2.059026565914834350e-07
2.058942211169423331e-07
2.058679811067776200e-07
2.058671826343783096e-07
2.058383830050303231e-07
2.058148546035809545e-07
2.057637268348955217e-07
2.056511033687868917e-07
2.055946589640811339e-07
2.054810908092008503e-07
2.053444702054818549e-07
2.051466621022512982e-07
2.049690632777156907e-07
2.047066586241541586e-07
2.043675098040154126e-07
2.039272231080246911e-07
2.034037781539765888e-07
2.027303578344685775e-07
2.019548617226973874e-07
2.009551643977758317e-07
1.996760473632619437e-07
1.981427240060895656e-07
1.962008202571752236e-07
1.937598455015177024e-07
1.906789631744842950e-07
1.867800547561415669e-07
1.817937187453821934e-07
1.754872118731043429e-07
1.673380636280086264e-07
1.568541406760104451e-07
1.432784745292181583e-07
1.256780959302261635e-07
1.029294149912374223e-07
7.398723000928697502e-08
3.798373249264130891e-08
4.003507414473972403e-09
4.666667319241923906e-08
7.388350942161281409e-08
5.065447650220988862e-08
7.906483834307920233e-08
3.534687207373821138e-07
6.865222460517017566e-07
8.365129168241836055e-07
6.578141873436749165e-07
3.209949837046366383e-07
5.968157634761439567e-08
5.687601223325344790e-08
7.292720693996557202e-08
4.312120926996954040e-08
7.771561172376095783e-16
