0.000000000000000000e+00
5.376070477569605544e-06
7.057525793885410792e-06
8.379519790491229969e-06
9.417288612700858152e-06
1.022113067106200646e-05
1.084168088538728369e-05
1.132383347901555481e-05
1.169936649592084876e-05
1.199626692371946746e-05
1.223056773813624432e-05
1.241726962220024433e-05
1.256561880813578114e-05
1.268641490870248134e-05
1.278366365109473435e-05
1.286335769745683422e-05
1.292808739594697442e-05
1.298054376586144087e-05
1.302295358862615160e-05
1.305921213945460124e-05
1.308948669676013310e-05
1.311395076508681257e-05
1.313468389774197220e-05
1.315225710118994584e-05
1.316857025801532188e-05
1.317939449296812171e-05
1.318869213040585464e-05
1.319739543814701932e-05
1.320612329647197214e-05
1.321089462935631786e-05
1.321572780554891580e-05
1.321971840306801482e-05
1.322268517611746574e-05
1.322514199553204151e-05
1.322804172843028425e-05
1.323011472820212475e-05
1.323202245939736343e-05
1.323334484815141820e-05
1.323435271216588660e-05
1.323526962460075396e-05
1.323584410950484624e-05
1.323706095868182331e-05
1.323635245020771123e-05
1.323649298567985966e-05
1.323718540813256794e-05
1.323565099464740769e-05
1.323506211559077883e-05
1.323414312170978491e-05
1.323386493712330747e-05
1.323163439725938417e-05
1.323059459101827429e-05
1.322851745766406850e-05
1.322451832153070939e-05
1.322268873771292874e-05
1.321985932856151180e-05
1.321585063529528981e-05
1.321115556229823795e-05
1.320469397081414087e-05
1.319705000824011876e-05
1.318886643064676178e-05
1.317893806374037524e-05
1.316756751168490780e-05
1.315127351619871376e-05
1.313321444351700507e-05
1.311219774979832664e-05
1.308715446257657788e-05
1.305643325966165946e-05
1.302081907805785477e-05
1.297579259118553097e-05
1.292317307877155486e-05
1.285818261476112667e-05
1.277588109638294611e-05
1.267687391870442326e-05
1.255366239161226360e-05
1.240202723351568892e-05
1.221204249501894878e-05
1.197233131855490740e-05
1.167096960719149479e-05
1.128549779139120801e-05
1.078909769347546899e-05
1.015092357792291011e-05
9.329031226079642636e-06
8.267638269776611537e-06
6.915090977832605290e-06
5.848535362784623715e-06
8.248302185070999215e-06
1.027442822598700900e-06
6.354046672152335873e-07
4.417025191161272346e-07
3.840455054304747762e-06
1.397674101544232883e-05
2.674272785951892217e-05
3.254192927659715906e-05
2.568077430731285915e-05
1.283961527664967406e-05
3.237119324372983442e-06
5.886786620390438429e-07
5.153884878872361242e-07
8.722258928450798976e-07
2.413434035952732870e-16
