0.000000000000000000e+00
2.297905617454354399e-06
2.841029734468314416e-06
3.373076959634069283e-06
3.790704895312302369e-06
4.114178176695126865e-06
4.363886292990670768e-06
4.557899105361862269e-06
4.709007679792875933e-06
4.828473904816554807e-06
4.922750180047508195e-06
4.997873424561483091e-06
5.057563851940116706e-06
5.106168181390202676e-06
5.145297867104048350e-06
5.177364082564750447e-06
5.203410090248716813e-06
5.224515629231873959e-06
5.241580694370640003e-06
5.256170137801774445e-06
5.268352800680276005e-06
5.278196484326258542e-06
5.286538712789834449e-06
5.293610327639086677e-06
5.300173375633043804e-06
5.304529707594873855e-06
5.308271629478333864e-06
5.311773399463426415e-06
5.315284766993499943e-06
5.317206051458356342e-06
5.319149989690963309e-06
5.320755452342673664e-06
5.321950543590858729e-06
5.322938779750430172e-06
5.324105172177517886e-06
5.324941043438613519e-06
5.325708781200866326e-06
5.326240985592534116e-06
5.326646615011476626e-06
5.327015600742335266e-06
5.327245718889095372e-06
5.327735825400026215e-06
5.327451354619761048e-06
5.327507322294700032e-06
5.327785242981164515e-06
5.327168942192983536e-06
5.326931883264940382e-06
5.326561982932354056e-06
5.326448752840384770e-06
5.325551666657268868e-06
5.325132473310567605e-06
5.324295918263111105e-06
5.322688258480035017e-06
5.321950612535708558e-06
5.320811747311360307e-06
5.319198393638480127e-06
5.317308823027389053e-06
5.314708522163869020e-06
5.311632423232737210e-06
5.308339095733138890e-06
5.304343146161905054e-06
5.299768477295963010e-06
5.293211329027158740e-06
5.285945502531141926e-06
5.277488439592303848e-06
5.267411151810286185e-06
5.255049267183231620e-06
5.240717204757494585e-06
5.222600004128885587e-06
5.201427067835773244e-06
5.175274023883069674e-06
5.142158941540131423e-06
5.102320525085524139e-06
5.052741829270068763e-06
4.991725865433060960e-06
4.915276107797517113e-06
4.818820207197482830e-06
4.697549207066664678e-06
4.542432005982810495e-06
4.342683229130450684e-06
4.085862756575409094e-06
3.755097470081736333e-06
3.327903710714785745e-06
2.783482917267932066e-06
2.403203324230496207e-06
3.008195979273264875e-06
5.429474850826565557e-07
2.588034240247338857e-07
1.845202297623416143e-07
1.533313282786608056e-06
5.605817682607927566e-06
1.073836420617535481e-05
1.307120223803526216e-05
1.031414138685793347e-05
5.152595038859786314e-06
1.293862326834371856e-06
2.410128092655838827e-07
2.089029109697548847e-07
3.856765191656563729e-07
2.414518238125218375e-16
