0.000000000000000000e+00
2.111466040899401264e-07
2.761907849091471689e-07
3.278902186432119947e-07
3.683671915277741959e-07
3.996869470945796365e-07
4.239976979514281652e-07
4.428208894013963004e-07
4.575112373395029408e-07
4.690682966490555827e-07
4.782509382961208644e-07
4.855258918246008193e-07
4.913475427636981863e-07
4.960357015137972780e-07
4.998341527340244284e-07
5.029487335495019806e-07
5.054297549378361509e-07
5.074851379127665041e-07
5.091720322036863422e-07
5.105798289717355942e-07
5.117315586833370844e-07
5.127216874400986057e-07
5.135311842430212437e-07
5.142144688941030495e-07
5.147700447016845260e-07
5.152342832381862081e-07
5.156024661667757414e-07
5.159315609182257845e-07
5.162503972089282911e-07
5.164694910630984737e-07
5.166789854849085373e-07
5.168172158009909367e-07
5.169495497225895519e-07
5.170530350540047948e-07
5.171567898365481142e-07
5.172532487884851093e-07
5.172856279989090922e-07
5.173565253979717227e-07
5.174101677107856290e-07
5.174210334635276354e-07
5.174362861515291456e-07
5.174830374210515060e-07
5.174983283007250634e-07
5.175021001724289249e-07
5.174880572944573487e-07
5.174259024576244315e-07
5.174034817256867314e-07
5.173995194507341466e-07
5.173579382677928606e-07
5.172902909356125178e-07
5.172372014028425724e-07
5.171399807268883819e-07
5.170272662224917326e-07
5.169252113024214168e-07
5.168301265845443027e-07
5.166618977092696241e-07
5.164770422450004617e-07
5.162181127005283088e-07
5.159168661172941484e-07
5.155637571307991607e-07
5.151701337746672493e-07
5.147123378623774670e-07
5.141325823965203767e-07
5.134378127102934286e-07
5.126369614361081517e-07
5.116342332023293693e-07
5.104359031005145653e-07
5.090452368516906745e-07
5.073441342595685910e-07
5.052614183709280837e-07
5.026522776896413802e-07
4.995025237874983759e-07
4.956624993779357169e-07
4.908504308565042606e-07
4.849463074441118238e-07
4.774968248577593499e-07
4.681480202384236122e-07
4.563277706814972134e-07
4.412392397012965262e-07
4.220077473027217252e-07
3.970913863282632406e-07
3.650153213019535769e-07
3.235566027326441940e-07
2.707354816999796299e-07
2.043812371566033903e-07
2.898524694150417247e-07
4.152125854250954262e-08
2.397962517441953878e-08
1.622175715976226229e-08
1.521809495086401398e-07
5.463184619136640663e-07
1.042390571970308599e-06
1.267759840328785970e-06
9.993177337852543474e-07
4.996278237801021760e-07
1.261039578315248377e-07
2.240325180924429560e-08
2.000686472047874531e-08
4.903007266854331192e-08
2.226734421850729007e-15
