0.000000000000000000e+00
1.389249870697994993e-08
1.817208672427739202e-08
2.157365464050542414e-08
2.423683831409562117e-08
2.629752027250020774e-08
2.789704889316624303e-08
2.913551933048097453e-08
3.010206883757859941e-08
3.086246547212567748e-08
3.146663618558420694e-08
3.194529274441748612e-08
3.232832945787578183e-08
3.263678183262896937e-08
3.288670191725628911e-08
3.309162788234232266e-08
3.325486641614361361e-08
3.339009690961347587e-08
3.350109101241116605e-08
3.359371680833334040e-08
3.366949163918775412e-08
3.373463808298282629e-08
3.378790103258921818e-08
3.383285673841385233e-08
3.386941160865575284e-08
3.389995573144233276e-08
3.392417879943820935e-08
3.394583480975654766e-08
3.396681036438309320e-08
3.398122661035785086e-08
3.399501102840929434e-08
3.400410519827090639e-08
3.401280923576166515e-08
3.401961712334866661e-08
3.402644821459688274e-08
3.403279213998189334e-08
3.403492399023377857e-08
3.403958881431634609e-08
3.404312010069077132e-08
3.404383241978337082e-08
3.404483783775447137e-08
3.404791126815354119e-08
3.404891724123615404e-08
3.404916737448360209e-08
3.404824178154797210e-08
3.404415316321518503e-08
3.404267945317229760e-08
3.404241544213704174e-08
3.403967874238134073e-08
3.403523063383318004e-08
3.403173542970705512e-08
3.402533743646074527e-08
3.401792270096848370e-08
3.401121029256160000e-08
3.400495318661711508e-08
3.399388404101699734e-08
3.398172276902755584e-08
3.396468328809021386e-08
3.394486769447979668e-08
3.392163161475281186e-08
3.389573188794514635e-08
3.386561264751009048e-08
3.382746793789692674e-08
3.378175816859396718e-08
3.372906576259993017e-08
3.366309164753999994e-08
3.358424516264335580e-08
3.349274779740341046e-08
3.338082354975568933e-08
3.324379105329455797e-08
3.307212459446873254e-08
3.286488170495260874e-08
3.261222980555089634e-08
3.229561962303506562e-08
3.190715858192305632e-08
3.141702098474752347e-08
3.080191746107630024e-08
3.002420201347888451e-08
2.903145401855766750e-08
2.776611762733693922e-08
2.612674632196387847e-08
2.401630005977040128e-08
2.128852127913916092e-08
1.781315073223765921e-08
1.344736544339752982e-08
1.424180295916954719e-08
2.731936898925368951e-09
1.577745711855982336e-09
1.067408939015024316e-09
1.001251459520346998e-08
3.594457576028275980e-08
6.858339562931803357e-08
8.341145174561859221e-08
6.574947675197506669e-08
3.287265448737031193e-08
8.296837550325619759e-09
1.474081301466867444e-09
1.316329711897878951e-09
3.225998579381439413e-09
1.446525597871214930e-15
