0.000000000000000000e+00
1.584980724445017586e-08
2.073234095512077602e-08
2.461315107282757708e-08
2.765154683004311664e-08
3.000255466290013828e-08
3.182743757434991494e-08
3.324039221652697051e-08
3.434312056960209247e-08
3.521064884104418979e-08
3.589993780028777337e-08
3.644603241426125351e-08
3.688303196192066480e-08
3.723494856888720506e-08
3.752007815549518455e-08
3.775387324989054605e-08
3.794010727808938555e-08
3.809439441671003124e-08
3.822102345729661010e-08
3.832669537295885220e-08
3.841314899499792546e-08
3.848747387458217872e-08
3.854823793503214802e-08
3.859952890650220070e-08
3.864123543362296687e-08
3.867608366903141359e-08
3.870372067282801254e-08
3.872842269103671242e-08
3.875235754513539632e-08
3.876880316777686630e-08
3.878452814465305210e-08
3.879490451108580373e-08
3.880483612217489053e-08
3.881260324245516813e-08
3.882039134595061114e-08
3.882763577323089521e-08
3.883006538529798490e-08
3.883538746141113052e-08
3.883941324112072380e-08
3.884022936606612575e-08
3.884137467213832906e-08
3.884488442018607657e-08
3.884603150261511928e-08
3.884631438744179377e-08
3.884525889841228263e-08
3.884059485148583235e-08
3.883891275258122278e-08
3.883861632303364786e-08
3.883549559713372901e-08
3.883041455043922952e-08
3.882642696240168334e-08
3.881913046566154435e-08
3.881067289768225237e-08
3.880301080450010431e-08
3.879587284760788179e-08
3.878324361661356079e-08
3.876936927049712267e-08
3.874993159680428789e-08
3.872732157184088919e-08
3.870081388690493895e-08
3.867126496803763303e-08
3.863690389849239182e-08
3.859338293388248076e-08
3.854122987423380664e-08
3.848111373994100859e-08
3.840584483771891655e-08
3.831589034941629279e-08
3.821150407201656662e-08
3.808381010550476731e-08
3.792746883224396015e-08
3.773161638687128061e-08
3.749518140416796541e-08
3.720693297903920893e-08
3.684571492357235911e-08
3.640252366210461332e-08
3.584333174710963021e-08
3.514156521333688943e-08
3.425428274361763670e-08
3.312166840796493261e-08
3.167806306159093310e-08
2.980771751648347845e-08
2.739993765210613219e-08
2.428784406927064765e-08
2.032283252795252793e-08
1.534195925856352005e-08
1.544205890935401726e-08
3.116843227957133422e-09
1.800028459619795740e-09
1.217770995154410230e-09
1.142322159086717193e-08
4.100880079960234070e-08
7.824593117877753912e-08
9.516298749012719327e-08
7.501277754506929796e-08
3.750412314040829642e-08
9.465847439216190651e-09
1.681721539803504584e-09
1.501772484147068099e-09
3.680519777837787387e-09
1.985641740007842992e-15
