0.000000000000000000e+00
1.420790524120363330e-07
1.566071771152977021e-07
1.716230692005993319e-07
1.865306056281212932e-07
2.011644862909278686e-07
2.152436346936070777e-07
2.284978342093069159e-07
2.409202031206092443e-07
2.524318306607042928e-07
2.630990609819860993e-07
2.728031108789608083e-07
2.818176508823100335e-07
2.900233625480197475e-07
2.974397917965276861e-07
3.041774833123511712e-07
3.102542321942181047e-07
3.157735873893230405e-07
3.207468999288920486e-07
3.251746264476551573e-07
3.291547059358634897e-07
3.327639670480664336e-07
3.359694802362866994e-07
3.388236751167283956e-07
3.412831549587380664e-07
3.434437912952503780e-07
3.454591507301429942e-07
3.470649810877191044e-07
3.484392763208887800e-07
3.495329244929124002e-07
3.505584321716881391e-07
3.513205625305104718e-07
3.517922277929130814e-07
3.521113602911185581e-07
3.522416042178733164e-07
3.521747499179994634e-07
3.518464712914948223e-07
3.513953821254744980e-07
3.506929977525885533e-07
3.497095223403690056e-07
3.485736664865513035e-07
3.472628488099260835e-07
3.456544266366989859e-07
3.437046108833996527e-07
3.415598849310086393e-07
3.391317068279775526e-07
3.363210483442458099e-07
3.331645245241432463e-07
3.296151943610325930e-07
3.257353093921722120e-07
3.213904554710822481e-07
3.164477403450050019e-07
3.110433131059409106e-07
3.050159904649518694e-07
2.983150716451277162e-07
2.910146713608341429e-07
2.829272839344199042e-07
2.740885148844185437e-07
2.644298423559732214e-07
2.539085661723561316e-07
2.424234705200589701e-07
2.301630122047981786e-07
2.169926466288885081e-07
2.029460863806065163e-07
1.884408207253329692e-07
1.735770841504447048e-07
1.585527954484078350e-07
1.438885632865094522e-07
2.696999970852598238e-07
1.186904959871171172e-07
1.099735317255934319e-07
1.052895846065382557e-07
1.061065965091145813e-07
1.143819002846768740e-07
1.310097611506577664e-07
1.573370608243251922e-07
1.937334994650541375e-07
2.400886363052023853e-07
2.945613098992438950e-07
3.533787050757908332e-07
4.119197188900969309e-07
4.641011684958229466e-07
5.035721694079953181e-07
5.256659975083621816e-07
5.269187527412455552e-07
5.072317804666326424e-07
4.696481726851331473e-07
4.184971760246014583e-07
3.603183168499057842e-07
3.013512211991198342e-07
2.461086877625362490e-07
1.985633787393581429e-07
1.607945190329473917e-07
1.332992002334165704e-07
1.156051644413125246e-07
1.064927189764475202e-07
1.048638740286378379e-07
1.089479436666707102e-07
1.172395677206949927e-07
4.819278656698067209e-16
