0.000000000000000000e+00
7.030651838491053240e-09
8.202368118048752876e-09
9.415275004087675370e-09
1.061877441532743660e-08
1.179998654343705766e-08
1.293302109850458237e-08
1.400668447892883250e-08
1.501119140101536686e-08
1.594294840590038120e-08
1.680117156510618770e-08
1.758809675678207896e-08
1.831181917211210930e-08
1.897297541297859880e-08
1.957248219053298044e-08
2.011970234860882556e-08
2.061107473583234651e-08
2.105464913526589044e-08
2.145877486814384838e-08
2.181349145757849328e-08
2.213412919616075669e-08
2.242651286898933449e-08
2.268026144669477162e-08
2.291551814970205214e-08
2.311262936594005168e-08
2.328814896479514118e-08
2.345153038429970138e-08
2.358215867026558499e-08
2.369031792959219729e-08
2.377977892376037516e-08
2.386504749374296352e-08
2.391992237615880867e-08
2.396196296938768455e-08
2.398882092968790403e-08
2.399839527100766645e-08
2.398690446270279608e-08
2.396638576485088379e-08
2.392638387416212709e-08
2.386928998898696364e-08
2.379342656233518483e-08
2.370435780996160702e-08
2.359597295331639089e-08
2.347051064610639060e-08
2.331153869938873413e-08
2.314072855558180208e-08
2.294233514277266295e-08
2.271470833647981635e-08
2.245857655402971886e-08
2.217030414808363048e-08
2.185721148517671963e-08
2.150670908029894690e-08
2.110801800014883156e-08
2.067045790088428703e-08
2.018066869169388156e-08
1.964316265201659917e-08
1.905458435480511525e-08
1.839858909669089826e-08
1.768487645215088833e-08
1.690571016510489244e-08
1.605152444295043779e-08
1.513466862945733737e-08
1.413131167637970975e-08
1.306941177503517793e-08
1.193994503267958862e-08
1.076883471284872940e-08
9.567570180557538606e-09
8.355295122441930289e-09
7.171986782239514469e-09
1.197511229067416139e-08
5.134293545872026243e-09
4.428822641955321160e-09
4.051854740616533945e-09
4.129765640570326468e-09
4.790396190834655954e-09
6.129671548116277791e-09
8.246010985146767780e-09
1.119417547545964453e-08
1.494193235807017572e-08
1.933458904090912256e-08
2.408906674133959314e-08
2.881622340744627309e-08
3.302555651174543527e-08
3.621087529825928186e-08
3.800085024430188696e-08
3.810164783679681477e-08
3.651301416773833353e-08
3.348399091329667954e-08
2.935206433463122266e-08
2.465966975062627853e-08
1.989511277944444601e-08
1.542918415253780040e-08
1.159354301449866398e-08
8.556969466333441687e-09
6.333404578562351617e-09
4.904020300955380662e-09
4.152695076697909826e-09
4.022948529858183520e-09
4.355202087857890092e-09
5.026757010639926193e-09
4.821751992904049766e-16
