0.000000000000000000e+00
3.603111106142975473e-07
3.972355572257058043e-07
4.352054311373976248e-07
4.730059008917208985e-07
5.099187513346592482e-07
5.456191015662525956e-07
5.790685659867733648e-07
6.107979582115063977e-07
6.399241890830964508e-07
6.667016739791975510e-07
6.915406093321863068e-07
7.142904911994207851e-07
7.350391918459209251e-07
7.538085132763328033e-07
7.708355135305211547e-07
7.862877186015637676e-07
8.002583674615593168e-07
8.128515317507023497e-07
8.240632882738907483e-07
8.341413383350371191e-07
8.431828754096315492e-07
8.513973998036661328e-07
8.586245736630360170e-07
8.648172353797889400e-07
8.703233442819424681e-07
8.753281574014337707e-07
8.794926739108532843e-07
8.829360510498318604e-07
8.858360466268422329e-07
8.883588910046924525e-07
8.901360158963811386e-07
8.914627223077786766e-07
8.923116219250459835e-07
8.926005837794903641e-07
8.924313874558720272e-07
8.916339296893838196e-07
8.903525046122240383e-07
8.886474233138486056e-07
8.861570438556398699e-07
8.833824819420854624e-07
8.799937372128141533e-07
8.760180261191408135e-07
8.710821209900743156e-07
8.655531988921438824e-07
8.594047343768451697e-07
8.523467228682690688e-07
8.443405864477782075e-07
8.352934434130432351e-07
8.254210341895884540e-07
8.144758179007283161e-07
8.019450888907542208e-07
7.881746468818562334e-07
7.729020041757905801e-07
7.561952448664754911e-07
7.375944246490462319e-07
7.170403969469774097e-07
6.947053351469278937e-07
6.699941758059324570e-07
6.435906825252857288e-07
6.145237949617410322e-07
5.835523342323511997e-07
5.499583947132791195e-07
5.147250654591317698e-07
4.778319879772396916e-07
4.401376415552604726e-07
4.022005539727757650e-07
3.650155567802570999e-07
7.361066592104226203e-07
3.012120216583369370e-07
2.791416188197004544e-07
2.672845534901213682e-07
2.694925300694706038e-07
2.904263586289701493e-07
3.322591712873190772e-07
3.989710309904026531e-07
4.912765881881497876e-07
6.086244120906414423e-07
7.463541685792662861e-07
8.955360198958928208e-07
1.043714500936765432e-06
1.175780228512834924e-06
1.275705404091276307e-06
1.331790358105600092e-06
1.335017944081862140e-06
1.285035363562947452e-06
1.190064561118475694e-06
1.060560950061351093e-06
9.131767665371270937e-07
7.636645334985203704e-07
6.237068493897268695e-07
5.035002530462406867e-07
4.080530896510836669e-07
3.382237160343137816e-07
2.937415832793277559e-07
2.702141853605510846e-07
2.662257111429866541e-07
2.766313670354847432e-07
2.975345465561218816e-07
0.000000000000000000e+00
