0.000000000000000000e+00
7.445981275999713489e-09
1.133101346084686156e-08
1.370437874292917968e-08
1.545760253129913053e-08
1.688377004871455256e-08
1.816230987827793797e-08
1.934361237854176352e-08
2.049183467356385790e-08
2.158205469893204054e-08
2.260572351531209279e-08
2.353966932489015562e-08
2.446277036494137747e-08
2.528229137155335593e-08
2.605968563162974760e-08
2.679352173462490327e-08
2.748747041092514110e-08
2.810165533606578947e-08
2.867320614274859736e-08
2.920510933090980643e-08
2.969115386886045371e-08
3.014895000319484097e-08
3.056129393996798171e-08
3.095677736375535005e-08
3.129534187351623586e-08
3.163955453189259970e-08
3.192429232079518897e-08
3.220561395345100664e-08
3.245864466094872114e-08
3.266499370990771922e-08
3.289420535956821823e-08
3.307602247648588900e-08
3.324565600593132331e-08
3.338991272361369056e-08
3.351785826666286994e-08
3.362839262610606283e-08
3.372201440310362841e-08
3.379901558631104308e-08
3.387663749521152567e-08
3.394704550796490139e-08
3.398664183418276252e-08
3.400688641796989486e-08
3.401983195150393158e-08
3.401604486974463271e-08
3.399620840394135257e-08
3.396990566617574814e-08
3.391456038226436931e-08
3.385168878544675408e-08
3.379293955774187452e-08
3.371251999784163900e-08
3.361180245242678666e-08
3.350102439902968854e-08
3.338047260825760532e-08
3.321936792310964393e-08
3.306603213459879953e-08
3.287831584763978299e-08
3.262494985278863169e-08
3.238575385644537619e-08
3.217530442078953001e-08
3.189659514291065534e-08
3.156682448768322047e-08
3.125708558648909730e-08
3.090449895992719576e-08
3.053096520044817908e-08
3.010799909386463469e-08
2.964342604716563301e-08
2.915887575838382872e-08
2.859176351233116975e-08
2.799863163538418576e-08
2.742596461047241974e-08
2.673651333662263596e-08
2.598471549042358220e-08
2.524897257938363282e-08
2.436959956053641463e-08
2.346654615070775662e-08
2.249973873880151132e-08
2.147623945347731933e-08
2.040128310731859074e-08
1.923053849495204304e-08
1.803768479025080751e-08
1.671369220801466327e-08
1.528018434004962955e-08
1.345454569978699055e-08
1.103169655625180212e-08
6.819144027225831906e-09
1.031011054308805797e-09
1.719065978456058019e-08
5.059139518426292170e-08
1.175484436455320747e-07
2.414794478822201995e-07
4.273822394873505459e-07
6.236058061048765921e-07
7.060796740621100298e-07
6.073539704498642777e-07
4.071740242750365724e-07
2.257358999724345949e-07
1.091433192712543132e-07
4.616849502703246344e-08
1.486363121472322746e-08
0.000000000000000000e+00
