0.000000000000000000e+00
2.113546282433986789e-08
3.216511490489182279e-08
3.890355992908212102e-08
4.388079022366042636e-08
4.792890617721923263e-08
5.155736348960715532e-08
5.490937504681880910e-08
5.816713166684195357e-08
6.126007945361777729e-08
6.416405562426064080e-08
6.681340314340644682e-08
6.943187402796979768e-08
7.175649718860199755e-08
7.396157064576414086e-08
7.604306240249769644e-08
7.801138002250240788e-08
7.975346338895406006e-08
8.137457263579506161e-08
8.288324526706247752e-08
8.426183095711081705e-08
8.556027242256902809e-08
8.672980722490564176e-08
8.785152116885797113e-08
8.881178481523477330e-08
8.978806786963389186e-08
9.059565908575706317e-08
9.139355661158532484e-08
9.211121687613399445e-08
9.269649303700333576e-08
9.334657757875675088e-08
9.386225785501522978e-08
9.434338954505960828e-08
9.475252960022828574e-08
9.511540965956299942e-08
9.542891965530486686e-08
9.569445214019367540e-08
9.591284100274322100e-08
9.613299789545948215e-08
9.633269815179090756e-08
9.644499043837129193e-08
9.650240606617899175e-08
9.653913091156596238e-08
9.652839549900704696e-08
9.647212007024563718e-08
9.639752740486784433e-08
9.624055663515207470e-08
9.606223572156125101e-08
9.589560856504419917e-08
9.566752146028534298e-08
9.538186007684856804e-08
9.506767595368614820e-08
9.472574713509374078e-08
9.426882563445815322e-08
9.383393051454191891e-08
9.330151651276707980e-08
9.258290578628702860e-08
9.190448169160703173e-08
9.130759370812313591e-08
9.051709715102163045e-08
8.958178687734630330e-08
8.870327050658488588e-08
8.770323656204226381e-08
8.664378059464183934e-08
8.544412977151694122e-08
8.412645069455493285e-08
8.275210783281750082e-08
8.114357408217642842e-08
7.946122582147552293e-08
7.783690869622716946e-08
7.588133332792068586e-08
7.374889954281371729e-08
7.166192517171765530e-08
6.916754990982099116e-08
6.660592077878391137e-08
6.386333384345022068e-08
6.095980398246325649e-08
5.791009582978290382e-08
5.458838270300248041e-08
5.120349633180865112e-08
4.744596227013175849e-08
4.337674819332448806e-08
3.819372840219159571e-08
3.131425618807526234e-08
1.935459037483155953e-08
2.929085973768508211e-09
4.879173087779520301e-08
1.435721321829674935e-07
3.335519238589768065e-07
6.851501698212913993e-07
1.212524420646232670e-06
1.769135973384017291e-06
2.003066691624866280e-06
1.723018209887072771e-06
1.155175453404488906e-06
6.404683451366466329e-07
3.096919342082671278e-07
1.310145005817275887e-07
4.218370375230762193e-08
2.220446049250313081e-16
