0.000000000000000000e+00
3.356648292651698284e-12
1.342936872816835603e-11
2.996092263174432446e-11
5.281763915121473474e-11
8.146294749877824870e-11
1.156296169924075912e-10
1.546568428878458690e-10
1.979604258295353247e-10
2.448613534156152127e-10
2.946085597699266145e-10
3.463255238145279691e-10
3.991302843786570520e-10
4.523335039863241036e-10
5.048734763590800867e-10
5.563580707246273960e-10
6.051706913368093410e-10
6.514340178398470016e-10
6.937003194096291736e-10
7.312440652995633172e-10
7.646064892341541963e-10
7.917979605309710678e-10
8.129248385557730217e-10
8.279430474544824392e-10
8.365439452262535269e-10
8.381109140032094729e-10
8.328777667543363350e-10
8.209999347030816352e-10
8.032853271444651000e-10
7.791003397983331524e-10
7.485210229418726158e-10
7.132091583983424243e-10
6.733520407919968420e-10
6.287627085654889925e-10
5.814730918984878372e-10
5.310112349832252221e-10
4.789346697009477793e-10
4.260106711839739546e-10
3.729018205334000413e-10
3.205373744208372955e-10
2.697274625873546938e-10
2.212255933997653301e-10
1.761311096970530343e-10
1.349157452423810355e-10
9.823897251237667660e-11
6.686851072856825340e-11
4.091871286249215700e-11
2.123612397042506927e-11
7.803646617787762807e-12
1.108446667785756290e-12
1.217803635711334209e-12
7.879474850369660999e-12
2.103517360296791594e-11
4.077771453836476212e-11
6.654765627445158316e-11
9.819423052448428280e-11
1.349679257245384179e-10
1.761706336367296899e-10
2.212517946631464838e-10
2.695731415869317971e-10
3.203253218231338906e-10
3.724645036840001922e-10
4.258765562425992357e-10
4.790808860732909125e-10
5.307317918479270702e-10
5.808441505550376860e-10
6.285524323246249878e-10
6.727314261212313795e-10
7.128447832016604480e-10
7.482977570916204968e-10
7.783989008913749785e-10
8.027499776019908495e-10
8.212774904592379244e-10
8.325362621519616368e-10
8.377536442338850975e-10
8.358022052235014598e-10
8.276100915693973548e-10
8.126698203270166232e-10
7.912390742603747640e-10
7.640129640051895876e-10
7.311012906185965221e-10
6.933025264999059800e-10
6.509462968651291703e-10
6.049483136649769222e-10
5.558238314051777706e-10
5.050847518006662540e-10
4.523895702490676740e-10
3.989412133975633878e-10
3.460224329288053013e-10
2.944841037688661345e-10
2.447728686405525877e-10
1.979911790073174416e-10
1.547525441125685575e-10
1.157390849826356316e-10
8.142453378212621828e-11
5.264089164569440982e-11
2.982947222562870593e-11
1.332389754082896616e-11
3.343991750170971500e-12
0.000000000000000000e+00
