0.000000000000000000e+00
9.525713551283843117e-12
3.809452753245068379e-11
8.498424186598185770e-11
1.497993951105058841e-10
2.310551749928890786e-10
3.279500004893520781e-10
4.386346841300792221e-10
5.614484432925337387e-10
6.944652630735959065e-10
8.355522940206583371e-10
9.822378466139980446e-10
1.131992832803518922e-09
1.282881356701182085e-09
1.431892604486506571e-09
1.577919683803941098e-09
1.716347397540118891e-09
1.847553443568017428e-09
1.967435547811646757e-09
2.073904159516359869e-09
2.168532020618840761e-09
2.245635455366823408e-09
2.305568180815953383e-09
2.348156558085179313e-09
2.372544716244817664e-09
2.376989938213114328e-09
2.362158024737937012e-09
2.328467640921871862e-09
2.278225719187787490e-09
2.209628036098365556e-09
2.122907405421869953e-09
2.022756073749576444e-09
1.909724822724001569e-09
1.783258207765925363e-09
1.649139380610620265e-09
1.506024416286777523e-09
1.358320567135251622e-09
1.208220412607374783e-09
1.057604670506862021e-09
9.090859176552612553e-10
7.649938460474459134e-10
6.274263331107476915e-10
4.995309721422813709e-10
3.826428063291587023e-10
2.786195718584849601e-10
1.896640622334189175e-10
1.160621598828015522e-10
6.023226362117384269e-11
2.213573768727883362e-11
3.150701921583731746e-12
3.454125874213787029e-12
2.234490370511821311e-11
5.966760419084948808e-11
1.156510442967828567e-10
1.887430212121898876e-10
2.785019992401771560e-10
3.827933525712978735e-10
4.996487668051941000e-10
6.275073793915453280e-10
7.645448718562875001e-10
9.084875074449882959e-10
1.056372767038737948e-09
1.207844713135841630e-09
1.358744672330658432e-09
1.505225943887467110e-09
1.647358915946028901e-09
1.782662906180121354e-09
1.907958679936427870e-09
2.021723455314372586e-09
2.122274911364741001e-09
2.207639071549749588e-09
2.276712152138316014e-09
2.329257453581590198e-09
2.361191131505790963e-09
2.375981300595242374e-09
2.370446727795183506e-09
2.347220307008512918e-09
2.304843205180873156e-09
2.244063046497046798e-09
2.166841706063848960e-09
2.073499927313093849e-09
1.966305784861788197e-09
1.846173103281500971e-09
1.715721120731927840e-09
1.576393682256593820e-09
1.432484575403236704e-09
1.283045003575011833e-09
1.131458593484069297e-09
9.813760915022839981e-10
8.352110114628885640e-10
6.942123542685862958e-10
5.615321541085904755e-10
4.389067997934148480e-10
3.282598637355249593e-10
2.309339386386000115e-10
1.492972412364679258e-10
8.460809830523885466e-11
3.779021540140092839e-11
9.493628105872176093e-12
0.000000000000000000e+00
