0.000000000000000000e+00
1.326058707284971661e-09
5.102615663332699114e-09
1.156525075707293126e-08
2.062591653029244299e-08
3.198315368102555567e-08
4.549474552639765079e-08
6.075864100729688744e-08
7.796795520320642936e-08
9.681893042845501895e-08
1.161418007322723156e-07
1.364080441934589771e-07
1.573002669230660899e-07
1.785177634605616959e-07
1.995414640187931354e-07
2.194505038799476893e-07
2.388332235314649665e-07
2.567213815973801161e-07
2.732008754779968740e-07
2.883938504671945680e-07
3.015565164243838581e-07
3.121907632408493782e-07
3.213954121727979896e-07
3.284113169188529469e-07
3.320811202689455399e-07
3.329704508781006211e-07
3.309187790456746825e-07
3.252668553388460282e-07
3.170253096707043028e-07
3.073681988929877207e-07
2.955057705200658802e-07
2.812362507320642635e-07
2.651570807365999372e-07
2.482259990888024959e-07
2.296362002773832955e-07
2.097558745584038320e-07
1.893084651261034423e-07
1.683066029878332870e-07
1.472471811148068355e-07
1.266121922860463656e-07
1.067562959145007540e-07
8.764717751574835347e-08
6.958108755839020887e-08
5.345376830057091411e-08
3.893182720648979966e-08
2.651123676145061836e-08
1.622363399178539112e-08
8.405340312656051083e-09
3.288183059169114131e-09
6.297464771876093437e-10
5.401783464975551396e-10
3.195541387057687643e-09
8.551517716171019856e-09
1.647894820600015464e-08
2.669428789126015999e-08
3.892953359674322655e-08
5.332967667470711604e-08
6.963538035087424305e-08
8.734530276832686013e-08
1.067969137569235727e-07
1.272837258925463289e-07
1.480375606544015454e-07
1.687843157460733323e-07
1.891029144385214522e-07
2.098786078263970012e-07
2.301797195070065527e-07
2.485020389464409618e-07
2.657398935346222402e-07
2.811413568615250824e-07
2.952655256960312613e-07
3.069725328375128015e-07
3.162675091816780082e-07
3.239779580166413098e-07
3.283538289045040415e-07
3.301893650720089113e-07
3.293539351245655666e-07
3.265273265107282441e-07
3.204417158286787526e-07
3.119642495441610208e-07
3.014180627314289040e-07
2.882565756090471609e-07
2.734486562738780435e-07
2.570309116656233073e-07
2.389705664462837831e-07
2.196611204041687415e-07
1.993311169457001597e-07
1.784555027084522294e-07
1.577613824021995015e-07
1.370907158904088874e-07
1.165748455544957096e-07
9.652351318223395538e-08
7.795451084646742856e-08
6.097031590712731486e-08
4.560050492763423335e-08
3.217530353261111031e-08
2.094303508393124957e-08
1.185414988391642055e-08
5.289517601703153105e-09
1.279524264319320537e-09
2.220446049250313081e-16
