0.000000000000000000e+00
1.410728120765369908e-06
1.443313276450197691e-06
1.545900347732498403e-06
1.683593721768517071e-06
1.857455298459598225e-06
2.067543061645693570e-06
2.305764077559224745e-06
2.569899481885684622e-06
2.854917519945487925e-06
3.155696110646033503e-06
3.470036918029606454e-06
3.791522604990049672e-06
4.114557821566222628e-06
4.435947590253341843e-06
4.749848927843025592e-06
5.045822069615901739e-06
5.326260126281567864e-06
5.584921231815975773e-06
5.818779770350168690e-06
6.019124056511060417e-06
6.182774670571156150e-06
6.311541988601732101e-06
6.404732791120970603e-06
6.458353198679489537e-06
6.465857911308603434e-06
6.437718132135117344e-06
6.363401076070474005e-06
6.252228200387399681e-06
6.105112838272752640e-06
5.920952209637064811e-06
5.704916890225675274e-06
5.458210658226825274e-06
5.189212715972502110e-06
4.899397473612232545e-06
4.594630870657923083e-06
4.275764917238689122e-06
3.953000224932168294e-06
3.630221362183050360e-06
3.311453843579670320e-06
3.003482203167706643e-06
2.709811701473441303e-06
2.434629907122065617e-06
2.182995302191237386e-06
1.959119306338408251e-06
1.765779908846631940e-06
1.609664946777833450e-06
1.489687170619369283e-06
1.464518974092499093e-06
3.323534550458973058e-06
3.380459833890459009e-06
1.479636623002988927e-06
1.489838455270842132e-06
1.609835642124579635e-06
1.765806019293769680e-06
1.958798347301282661e-06
2.183853631043675136e-06
2.435268459777262251e-06
2.710383767978719050e-06
3.004191788003041097e-06
3.312142502931436638e-06
3.630660972309129875e-06
3.953220441443860977e-06
4.276692165405826529e-06
4.595691559750036959e-06
4.900482880598744373e-06
5.189471662392364237e-06
5.458484396481111389e-06
5.706769228952524031e-06
5.923024289922196317e-06
6.106189211041446185e-06
6.251881783159163319e-06
6.363566753431193490e-06
6.437875830878070360e-06
6.467107976027008931e-06
6.458879722504029530e-06
6.406762246502495373e-06
6.313237041366548397e-06
6.183481742971785877e-06
6.018176249789064514e-06
5.818435025117807413e-06
5.585106129912809081e-06
5.328009645810816153e-06
5.046179857415289405e-06
4.750323551738766525e-06
4.436190915946269797e-06
4.115383379188486401e-06
3.792035992766784602e-06
3.470532452087837783e-06
3.156022223782528613e-06
2.855330537010480896e-06
2.570169599147575923e-06
2.305498606358646896e-06
2.067885672585312307e-06
1.858309332303242911e-06
1.683739194846545217e-06
1.546082012859884003e-06
1.443484210050804961e-06
1.352697448830930682e-06
0.000000000000000000e+00
