0.000000000000000000e+00
9.429427905160991941e-09
3.730120301526085314e-08
8.625203595791219868e-08
1.543661354297398702e-07
2.379178403177917289e-07
3.367915271113020026e-07
4.487232806438257171e-07
5.760023239487210844e-07
7.139416048351776567e-07
8.581329150603167477e-07
1.010407582935357595e-06
1.166349557490953259e-06
1.319978038094582473e-06
1.473109814464912404e-06
1.624830325175352641e-06
1.766059305574607663e-06
1.896863571104745461e-06
2.025230794622245867e-06
2.136509763328575673e-06
2.231125845408854502e-06
2.308981114973462923e-06
2.371298001735411276e-06
2.417549949562669553e-06
2.439718486235697981e-06
2.448016379497097716e-06
2.433579057603552087e-06
2.398782061208137861e-06
2.341879336897889630e-06
2.272774913270048103e-06
2.186482951471724334e-06
2.083633147020869103e-06
1.963937284132910577e-06
1.832842831173131515e-06
1.693838371563671785e-06
1.548394374162320730e-06
1.400093503800547978e-06
1.243391859140352551e-06
1.086529831106908262e-06
9.335054631520733892e-07
7.866492250929724150e-07
6.457724960329258579e-07
5.121315299616568950e-07
3.918964750493358906e-07
2.846239283149643029e-07
1.932460439446614942e-07
1.184597899772654728e-07
6.041966615910610017e-08
2.219052519514264077e-08
2.562883238965696364e-09
2.579133240310227393e-09
2.182757974367177667e-08
6.021004872458490809e-08
1.172055265064031460e-07
1.910863072218660363e-07
2.813018156189173169e-07
3.872204281663016445e-07
5.092462624922688974e-07
6.416948639120789721e-07
7.829362230760139596e-07
9.308371198279985492e-07
1.086154259422045243e-06
1.242291544967244477e-06
1.395468937293031786e-06
1.547839253768223955e-06
1.695700854398296542e-06
1.834767158759298411e-06
1.962073893913007794e-06
2.080930695091964822e-06
2.185130296594728350e-06
2.271344122339868932e-06
2.340418556512346981e-06
2.395860904891300436e-06
2.431233806610144654e-06
2.446336981321017845e-06
2.439496030293142326e-06
2.418040312091029875e-06
2.375251257680233152e-06
2.314099741163033741e-06
2.230666777958134617e-06
2.134244109552874136e-06
2.021296695353669293e-06
1.896472560547479702e-06
1.765242833462465910e-06
1.623433357300640978e-06
1.474733786421822401e-06
1.318404609262913141e-06
1.162484478234304675e-06
1.008917747347126692e-06
8.597300074075775456e-07
7.144453456620070142e-07
5.759070107469455024e-07
4.501887818086913740e-07
3.373747770041291005e-07
2.383253481230696025e-07
1.529651892928640677e-07
8.495188241752771319e-08
3.664867853636621930e-08
8.686901753485187783e-09
0.000000000000000000e+00
