0.000000000000000000e+00
7.789805800406668368e-09
1.440958830034588800e-08
1.973065533178441910e-08
2.388373820938483050e-08
2.709976132386771042e-08
2.958483269477341082e-08
3.150602090329357452e-08
3.299406448054043040e-08
3.415752181101794349e-08
3.505959655925039442e-08
3.577607909921454166e-08
3.634587186773785561e-08
3.679417925894767905e-08
3.714954333045028534e-08
3.743353704788177083e-08
3.765892919727065191e-08
3.784863433775598196e-08
3.799390346781450489e-08
3.811183857393984908e-08
3.821288963035129882e-08
3.829537786881331840e-08
3.835685746800265861e-08
3.840045970093797223e-08
3.843968321426416423e-08
3.847357821218366780e-08
3.849389829113647465e-08
3.851643215480038407e-08
3.853886465510214521e-08
3.855195107593800685e-08
3.855412400444180321e-08
3.855831376409213362e-08
3.856749353214894427e-08
3.857493025005709342e-08
3.857305819199297048e-08
3.857425812103798535e-08
3.857609087720703656e-08
3.857288288777738217e-08
3.857212760305372967e-08
3.857180075339528003e-08
3.858231378828236302e-08
3.857812891361334096e-08
3.857488473091308379e-08
3.857826214037629597e-08
3.857814934171699406e-08
3.857223829228928480e-08
3.857532127060636640e-08
3.857242236726676765e-08
3.857296826392797584e-08
3.857417707475718771e-08
3.857458008571512664e-08
3.857597086209807458e-08
3.856791608303211660e-08
3.857136565699192943e-08
3.855755248416414815e-08
3.855089381055165632e-08
3.854454411200691766e-08
3.853395502684264784e-08
3.851620400396882360e-08
3.849174312620107230e-08
3.847017704394772863e-08
3.843383267199129705e-08
3.839773954350533813e-08
3.834714856765231161e-08
3.827738115358414461e-08
3.819959948359041846e-08
3.810458637509839264e-08
3.797986580789114441e-08
3.783266289136832938e-08
3.764333300626532264e-08
3.741285581337905342e-08
3.712191998239688928e-08
3.675614912435065662e-08
3.629713085651076199e-08
3.572016760156060400e-08
3.498972611648554221e-08
3.405923620913853256e-08
3.287248240280149503e-08
3.134526693759909222e-08
2.937800058777639833e-08
2.683334188180452884e-08
2.353598504978293704e-08
1.927004522617181692e-08
1.384256664849203844e-08
7.097694876279092568e-09
7.762973597280620197e-10
8.774413751133636197e-09
1.387377668304878853e-08
9.520914834304505803e-09
1.476220168328268301e-08
6.610846037258255592e-08
1.287357204171613034e-07
1.568405502139214036e-07
1.234052189325041127e-07
6.019944509549901568e-08
1.128840454445168007e-08
1.062649623850830949e-08
1.364516866164677822e-08
8.073826163190744865e-09
4.440892098500626162e-16
