0.000000000000000000e+00
3.133623582840527888e-09
5.796578439465349675e-09
7.937095869436916473e-09
9.607761919383506211e-09
1.090147616622516580e-08
1.190114617966031574e-08
1.267398408444364577e-08
1.327258147831855695e-08
1.374060798475795764e-08
1.410348715591425162e-08
1.439170671524436784e-08
1.462091514525809544e-08
1.480125422226308274e-08
1.494421209002894102e-08
1.505845603766431395e-08
1.514912195688111751e-08
1.522543691123701137e-08
1.528387272298203925e-08
1.533131610553795099e-08
1.537196747669611341e-08
1.540514582565322144e-08
1.542987937419582067e-08
1.544741845549424397e-08
1.546319716716482162e-08
1.547683137204103332e-08
1.548500527803753357e-08
1.549406947187748074e-08
1.550309458586696110e-08
1.550836203900729515e-08
1.550923323101471851e-08
1.551092054796754383e-08
1.551461337179205202e-08
1.551760198115204048e-08
1.551685091527588156e-08
1.551733552762613044e-08
1.551806871891159290e-08
1.551678319167137943e-08
1.551647632602737303e-08
1.551634620788888697e-08
1.552057204978751770e-08
1.551888861861527857e-08
1.551758599394048588e-08
1.551894368567729998e-08
1.551889805551098789e-08
1.551651984676993834e-08
1.551776074304456188e-08
1.551659400966798330e-08
1.551681283462613692e-08
1.551729633675336117e-08
1.551746175998403032e-08
1.551802242261146603e-08
1.551478068240186303e-08
1.551616901629415679e-08
1.551061301618972266e-08
1.550793471416511693e-08
1.550538297756531847e-08
1.550112160852989973e-08
1.549397743438873931e-08
1.548413885998911610e-08
1.547546413238620744e-08
1.546084416048643106e-08
1.544632466377038327e-08
1.542597161119374505e-08
1.539790883686720235e-08
1.536661831114116694e-08
1.532839621898318683e-08
1.527822690583491294e-08
1.521901249468271544e-08
1.514284464487758441e-08
1.505012992009113759e-08
1.493309653710639395e-08
1.478596134418808106e-08
1.460131249242380136e-08
1.436921392983236956e-08
1.407538141595665593e-08
1.370106750275823515e-08
1.322367282341474493e-08
1.260931736801751413e-08
1.181794395677115972e-08
1.079430167472139601e-08
9.467868378187915823e-09
7.751803199340656647e-09
5.568484118256833426e-09
2.855206293617129631e-09
3.122913039277364078e-10
3.529727732320964151e-09
5.581117457076345545e-09
3.830191053211251528e-09
5.938031955032840870e-09
2.659291942208596993e-08
5.178585393839085782e-08
6.309154609862588359e-08
4.964157074294206495e-08
2.421592482093615217e-08
4.540653186779763928e-09
4.274917420055146522e-09
5.489142917980416314e-09
3.247894619917701675e-09
5.551115123125782702e-16
