0.000000000000000000e+00
1.089090670869374833e-06
1.117124616145659388e-06
1.163607457610460472e-06
1.226083998218108206e-06
1.304745918973004848e-06
1.400119593930604367e-06
1.508149707896144776e-06
1.627584262142711680e-06
1.756646249573279306e-06
1.892873709330444854e-06
2.035089459284655788e-06
2.181072610185630367e-06
2.327496708698362227e-06
2.472566589140079429e-06
2.614252397892258273e-06
2.748719893141959858e-06
2.875850591665951583e-06
2.992455206185518080e-06
3.097517473515942754e-06
3.188298387080124030e-06
3.263735449121618615e-06
3.321702801595272092e-06
3.364216336065872781e-06
3.386894243173621533e-06
3.391715416301011032e-06
3.377755260047798913e-06
3.345916421815253727e-06
3.294469504977470820e-06
3.228964031265491030e-06
3.144476332095358373e-06
3.047432192593291234e-06
2.936223987393127288e-06
2.813668436796312733e-06
2.683212125043077378e-06
2.544817925831388550e-06
2.400995619544765702e-06
2.255132490303068948e-06
2.108890697960497107e-06
1.964262490217194568e-06
1.824782547066305938e-06
1.691964539030088588e-06
1.567586741302307018e-06
1.453588627686741575e-06
1.352400729848213246e-06
1.264748873297527609e-06
1.193905804219852484e-06
1.139569950847629798e-06
1.102295744348502637e-06
1.292734073010670670e-06
1.294073612712054455e-06
1.102101512273634398e-06
1.139733283195276670e-06
1.194098589896164242e-06
1.264799734834731737e-06
1.352165703405461272e-06
1.454287215651994813e-06
1.568129757045788608e-06
1.692486267135251410e-06
1.825622591433706532e-06
1.964917410224309435e-06
2.109083294343783166e-06
2.255768842940319985e-06
2.401531471130091688e-06
2.545659576025371962e-06
2.683710844775255566e-06
2.814606326673185777e-06
2.936201063952204038e-06
3.047770276043415549e-06
3.145043081631548887e-06
3.229552956618420012e-06
3.294794270858325547e-06
3.346298164119687613e-06
3.378205215454066490e-06
3.392619701059196302e-06
3.386980873654188429e-06
3.364841016595399026e-06
3.322103737990467209e-06
3.263999828417851745e-06
3.188572757162333460e-06
3.097420556597008101e-06
2.993029211584286031e-06
2.875986693795518079e-06
2.748993644496877664e-06
2.614343961426790486e-06
2.472750620374775110e-06
2.327501012699961791e-06
2.181334431528014761e-06
2.035258289345698302e-06
1.892625482002863180e-06
1.756479979686531578e-06
1.627500434975281962e-06
1.507784920029564546e-06
1.400188210709529812e-06
1.305237787518898074e-06
1.226082394945038345e-06
1.163638886136908468e-06
1.117151365748192404e-06
1.089338496296221592e-06
0.000000000000000000e+00
