0.000000000000000000e+00
4.745932393745988520e-07
8.778982409918256735e-07
1.201513474158311112e-06
1.455134385208722847e-06
1.651257024337660084e-06
1.802575651743687501e-06
1.919603018762927604e-06
2.010287280196365600e-06
2.081155363375941647e-06
2.136180068168513912e-06
2.179842634397743950e-06
2.214501390040979345e-06
2.241842640526847674e-06
2.263502123178717795e-06
2.281049092833775660e-06
2.294888186260557461e-06
2.306070267077409142e-06
2.314999968278108611e-06
2.322375524443920369e-06
2.328363660764054544e-06
2.333358678607844183e-06
2.336548829418028106e-06
2.339773174320214366e-06
2.342005843813943500e-06
2.344015861188708527e-06
2.345540530246381650e-06
2.346856633694827110e-06
2.348200445312365048e-06
2.348985600919561989e-06
2.349029624593157450e-06
2.349890597552750648e-06
2.349985258387476961e-06
2.350165098974343891e-06
2.350133531336950909e-06
2.350364516234826340e-06
2.350378914717232703e-06
2.350295435160631996e-06
2.350577153364952210e-06
2.350728509847854752e-06
2.350860526134646022e-06
2.350642404058689294e-06
2.350821393659607850e-06
2.350645347370949878e-06
2.350348278890024289e-06
2.350622799518475858e-06
2.350474667567326037e-06
2.350505195147789550e-06
2.350481795976300248e-06
2.350533801598331252e-06
2.350417998231435490e-06
2.350298402120643004e-06
2.350445234666764804e-06
2.350054725597239269e-06
2.349729317563387099e-06
2.349488861130843986e-06
2.349004151636080451e-06
2.348137516872128572e-06
2.346876648351425843e-06
2.345366712952490218e-06
2.343796462023206573e-06
2.342096046215047522e-06
2.339825214359159133e-06
2.336303202787881617e-06
2.332328795984217606e-06
2.327958869896562533e-06
2.321807988092672304e-06
2.314515124557381398e-06
2.305539091418395969e-06
2.293984487478084588e-06
2.279650731629168092e-06
2.261832961814036480e-06
2.239654566804638591e-06
2.211713457933583982e-06
2.176576853862854932e-06
2.131573057728708420e-06
2.075400870604759973e-06
2.003097192893044109e-06
1.909968031732489635e-06
1.790282164071399507e-06
1.635304642699786370e-06
1.434220375129413583e-06
1.174529040692817716e-06
8.439997709608348941e-07
4.330723883949616493e-07
4.655493901495333375e-08
5.332210883945975866e-07
8.447648827125675552e-07
5.781374915470038900e-07
8.971029823445775264e-07
4.025305865629213997e-06
7.844188703476362434e-06
9.553185710275968745e-06
7.519664715016638468e-06
3.666581502637100698e-06
6.848021050220864936e-07
6.475385173621006629e-07
8.334181440527999030e-07
4.912786939481605941e-07
3.330669073875469621e-16
