0.000000000000000000e+00
4.725999480648113149e-09
1.792890491625342975e-08
4.065267389385951446e-08
7.297704751607625440e-08
1.135426092035984880e-07
1.601198850176288602e-07
2.132256584630454199e-07
2.722474867766777606e-07
3.379664192948439450e-07
4.064120761038125806e-07
4.772739838898587550e-07
5.493183091731523859e-07
6.224678164024055604e-07
6.965335399566896513e-07
7.672683803860991247e-07
8.340281453245168564e-07
8.961091266801446409e-07
9.552758598596611250e-07
1.009059295009606672e-06
1.054483850349008378e-06
1.092286389781094158e-06
1.120329532255937011e-06
1.142506893203609764e-06
1.153400089881628787e-06
1.155803117214304621e-06
1.148217783741856124e-06
1.131896683159716588e-06
1.106115382398797919e-06
1.073356142633485888e-06
1.032254265509457980e-06
9.828816156520758796e-07
9.271534444632578698e-07
8.669128929161828978e-07
8.008604749365488829e-07
7.303973607042379967e-07
6.591475346651165523e-07
5.865123566817231904e-07
5.124082738117152758e-07
4.390763927997198834e-07
3.700533915962367359e-07
3.031854969304248471e-07
2.397726428515767338e-07
1.822352245772762558e-07
1.325199552315581286e-07
8.948386676088659897e-08
5.428324034717491031e-08
2.720277314516295064e-08
9.305841874862608165e-09
5.352053245033516760e-10
7.153860837050274313e-10
1.011193817568312170e-08
2.833391732348644609e-08
5.563453098211823544e-08
9.093621755607017576e-08
1.338220615432206273e-07
1.847211154037964320e-07
2.415814447376263274e-07
3.040776899165820168e-07
3.708875456753801814e-07
4.409133783633834014e-07
5.130094777872074019e-07
5.867334863518536281e-07
6.606520996932374601e-07
7.317808157214500397e-07
7.997535281800693951e-07
8.652245732099217435e-07
9.274893639776848886e-07
9.846158088855361257e-07
1.032427539682245765e-06
1.072935233770166974e-06
1.105684061752931768e-06
1.133002647257796980e-06
1.149011056189586100e-06
1.155546464848278276e-06
1.151827658585347081e-06
1.142016800792511333e-06
1.121879680376913768e-06
1.091913716999570738e-06
1.053755236291031849e-06
1.008449841966019278e-06
9.558462505943055021e-07
8.958486219512451498e-07
8.342679606032632478e-07
7.669104820084982066e-07
6.956392558654656000e-07
6.236313558893868958e-07
5.508305835899562908e-07
4.766671991562887456e-07
4.049631466829239912e-07
3.367377853225050899e-07
2.718687557301535662e-07
2.115645271194566135e-07
1.584901844209340993e-07
1.117182167886809907e-07
7.254321277017083958e-08
4.060968317176616438e-08
1.722309650453723862e-08
3.967896455847608195e-09
0.000000000000000000e+00
