0.000000000000000000e+00
8.811544173870089480e-06
1.631222691167444339e-05
2.234888617391739274e-05
2.706528550566744684e-05
3.072615010424328830e-05
3.354198259908347524e-05
3.572451727662517840e-05
3.740663915119402105e-05
3.872752877365215340e-05
3.976106866765416470e-05
4.057663515477649696e-05
4.121802862699919245e-05
4.172870540397610739e-05
4.213492235161098165e-05
4.245930669610764596e-05
4.272144492301066521e-05
4.292695057328543840e-05
4.309662256285484716e-05
4.323701077746378019e-05
4.334416106333005558e-05
4.343111349691675116e-05
4.350316248236119065e-05
4.356375092817721395e-05
4.361074817116339375e-05
4.364159612335605232e-05
4.367019004458683185e-05
4.369234226397900045e-05
4.370657059971083669e-05
4.372610916414387816e-05
4.373758927589399548e-05
4.374485180380638383e-05
4.374820819608160605e-05
4.374797327133528313e-05
4.375517929566807851e-05
4.375538541301349227e-05
4.376097499703135441e-05
4.376151869256439397e-05
4.375974777204305610e-05
4.375918351684493501e-05
4.375830405889402641e-05
4.376060137933901473e-05
4.376022868846085601e-05
4.376043588649736193e-05
4.376006152151390438e-05
4.375986709415080611e-05
4.375901169062501594e-05
4.375991803662326873e-05
4.376002914119325737e-05
4.375782989951559898e-05
4.375622782437638136e-05
4.375639817433274459e-05
4.375022665858985249e-05
4.374364195935953603e-05
4.374373050541890962e-05
4.373479789943068852e-05
4.372449613043727368e-05
4.371089356480784005e-05
4.368730867643222382e-05
4.366521640186693531e-05
4.363985524247215864e-05
4.360409421499955585e-05
4.355229342900557299e-05
4.349490942123779291e-05
4.342064568352288489e-05
4.332888229896525445e-05
4.321821847930173988e-05
4.308501142957776864e-05
4.290656066419096248e-05
4.269774277465554491e-05
4.242739385562632748e-05
4.209652537512376114e-05
4.167930846910028464e-05
4.115874678312092527e-05
4.049689265550604489e-05
3.966136112576457151e-05
3.860759138762936971e-05
3.725204830695716396e-05
3.550507737393182595e-05
3.325919845242886197e-05
3.035248519078770357e-05
2.660222817540969231e-05
2.176010264809402628e-05
1.555992631896430112e-05
7.844290015879273881e-06
1.207698148042446462e-06
1.039126224811059984e-05
1.625921222359050233e-05
1.130799814397231984e-05
1.678642933289342665e-05
7.639233621326013690e-05
1.487045246451046410e-04
1.817162192796484277e-04
1.452320027333087182e-04
7.280867685433012326e-05
1.527240806731278155e-05
1.095194925782028150e-05
1.511071952742248925e-05
9.018148769746048288e-06
2.220446049250313081e-16
