0.000000000000000000e+00
1.288154921286199794e-06
2.467009378226414640e-06
3.536269847725925786e-06
4.514818817580312782e-06
5.402026469369936024e-06
6.208256467021833203e-06
6.949568906233771770e-06
7.610236185562335720e-06
8.194392639437886317e-06
8.770481322306622474e-06
9.270813762563001603e-06
9.702228474850471684e-06
1.014050808234578938e-05
1.049886125736865239e-05
1.086027386720811450e-05
1.116888845509311778e-05
1.145583511608094796e-05
1.169284830226935412e-05
1.192671860705818432e-05
1.215837157830801374e-05
1.234929973936704783e-05
1.252116460437324719e-05
1.265860393251383442e-05
1.279610870041913984e-05
1.293434070703813887e-05
1.302483477449989380e-05
1.311764396960679591e-05
1.321317440072800053e-05
1.327702788267437484e-05
1.331714102159597957e-05
1.337488693697874709e-05
1.338856235388874438e-05
1.342266643289402595e-05
1.341308548830077996e-05
1.340800523386143084e-05
1.338896139257972351e-05
1.337907990317521723e-05
1.333889314336644816e-05
1.328658326293918890e-05
1.322180726581745347e-05
1.314413649511347870e-05
1.305049435096350408e-05
1.292889797266383312e-05
1.282539662517123702e-05
1.268986905522684339e-05
1.253787926880356451e-05
1.236813315097506916e-05
1.218234254829475560e-05
1.197345393322279961e-05
1.174263816894338675e-05
1.148808147510838040e-05
1.120773836438271331e-05
1.089930502640168442e-05
1.056018980616357794e-05
1.016522874264236265e-05
9.777820993983610265e-06
9.307673826008944218e-06
8.828526883664089553e-06
8.289216845369651310e-06
7.691121866271188878e-06
7.010903267712365050e-06
6.294053197186677551e-06
5.502925090161703281e-06
4.623185482222069709e-06
3.653524226265858488e-06
2.601067197738338166e-06
1.441455103834421436e-06
1.608494807348037625e-07
1.225102377988562807e-06
2.740023605340979884e-06
4.342462103901212345e-06
6.107288493595319778e-06
7.984793659709943370e-06
1.005146332366813056e-05
1.204551019506894249e-05
1.415827360928822998e-05
1.624480236095404706e-05
1.825452233805702207e-05
2.015383521347668960e-05
2.174246786312838964e-05
2.301340918564598326e-05
2.394529028604264198e-05
2.444458414252448364e-05
2.449119379421826892e-05
2.409605051278962407e-05
2.316508879973699919e-05
2.191963133590935087e-05
2.029533661829230340e-05
1.853887241110019346e-05
1.649129925773706873e-05
1.440245520789584788e-05
1.229756214604638132e-05
1.024849047570608462e-05
8.217289975687158687e-06
6.326835682357589974e-06
4.547481665562180808e-06
2.949307706723303113e-06
1.400388719541290072e-06
0.000000000000000000e+00
