0.000000000000000000e+00
2.913691954375963178e-09
4.457875957264434419e-09
5.407691627823396630e-09
6.083935466527634617e-09
6.657033368995257661e-09
7.164372650692030220e-09
7.631556608878042880e-09
8.083981928308503484e-09
8.512506810554043568e-09
8.922150018797481152e-09
9.283688595651540254e-09
9.650279353401458593e-09
9.983514237532631341e-09
1.028690732596260204e-08
1.057638299162277917e-08
1.084220924152390353e-08
1.108371050495549071e-08
1.130890647793592052e-08
1.151949569067056700e-08
1.171030461488697938e-08
1.189475329343991916e-08
1.205116550995199987e-08
1.220930612166881701e-08
1.233608137862773901e-08
1.247772563051086081e-08
1.257907888962961351e-08
1.270096339212045677e-08
1.278453676256674498e-08
1.288062179138904639e-08
1.296307028386678439e-08
1.303726560042406390e-08
1.311228170486344879e-08
1.316833453390842124e-08
1.321734943715568988e-08
1.326239695842446054e-08
1.329641119429680884e-08
1.333075438925135359e-08
1.336012667163544165e-08
1.338711064224895608e-08
1.340051036802236695e-08
1.341449529235205773e-08
1.341798083753786841e-08
1.342000444104485268e-08
1.340785216186191064e-08
1.339845190351240944e-08
1.338458266442188460e-08
1.335095189958224182e-08
1.332787846752836458e-08
1.329299759156299388e-08
1.325897880377624460e-08
1.321418563460241558e-08
1.316249476079889291e-08
1.310697150813666667e-08
1.303961127963049194e-08
1.295345308793827144e-08
1.287059248067379258e-08
1.277712402547592774e-08
1.268994764824782351e-08
1.258443427243349788e-08
1.245708924901833825e-08
1.231856139316533927e-08
1.218309886308333034e-08
1.203845678698911570e-08
1.187440268335393512e-08
1.170429986263599176e-08
1.150791306692156013e-08
1.128327964394770788e-08
1.104561520026692278e-08
1.081790890200551303e-08
1.053204035095234303e-08
1.025067242199639850e-08
9.953785906624545987e-09
9.617209473233856443e-09
9.254862654017870227e-09
8.869559420254802262e-09
8.473750479076613829e-09
8.048152255746288120e-09
7.587665051822511941e-09
7.110579680613682285e-09
6.600779367538223141e-09
6.033563537677366639e-09
5.316426854307110261e-09
4.333795988742394911e-09
2.686814548624738563e-09
3.993719799311179486e-10
6.693119614098463899e-09
1.992688025698186038e-08
4.635685468823425026e-08
9.478941465079770978e-08
1.682672757796765950e-07
2.455391376887661181e-07
2.784410122469438420e-07
2.393705887948627264e-07
1.605244396296612308e-07
8.901947945449961708e-08
4.301180456245390360e-08
1.821114958833192077e-08
5.896155230722399665e-09
1.554312234475219157e-15
