0.000000000000000000e+00
3.324266972803968656e-09
5.086065013593099593e-09
6.169737720718160290e-09
6.941277774785703514e-09
7.595139850380405733e-09
8.173967835922724134e-09
8.706979692796323889e-09
9.223153796256156056e-09
9.712054938049163866e-09
1.017941142489320328e-08
1.059189413954442216e-08
1.101013247239990278e-08
1.139031724495254139e-08
1.173646146934714807e-08
1.206671573772410966e-08
1.236999724874010553e-08
1.264552318414047249e-08
1.290244766583015235e-08
1.314270192676048055e-08
1.336040278410166593e-08
1.357083123654234669e-08
1.374927938169179242e-08
1.392970017111139214e-08
1.407434113698258216e-08
1.423593809501966234e-08
1.435157359619410045e-08
1.449063147251905548e-08
1.458597898018609840e-08
1.469559651745555584e-08
1.478966660251046505e-08
1.487431200430933131e-08
1.495990387123669052e-08
1.502384860962990842e-08
1.507977209769251203e-08
1.513116154594484897e-08
1.516996817052529423e-08
1.520915271502332189e-08
1.524266346475400269e-08
1.527344417606713023e-08
1.528873294631694080e-08
1.530468540789087228e-08
1.530866577947875840e-08
1.531097226781241716e-08
1.529710702552478097e-08
1.528638815528893247e-08
1.527056370242974026e-08
1.523219450572099731e-08
1.520586978553950530e-08
1.516607028850813776e-08
1.512726477415071713e-08
1.507616087526031379e-08
1.501718260854545406e-08
1.495383361582725001e-08
1.487698975122242473e-08
1.477869393529118724e-08
1.468415933292277487e-08
1.457752085709529410e-08
1.447806130538964453e-08
1.435768215429789052e-08
1.421239359533643665e-08
1.405434779666592249e-08
1.389980508470500808e-08
1.373477909183407064e-08
1.354761491878520019e-08
1.335354460341164895e-08
1.312949149401276827e-08
1.287320994247664885e-08
1.260205850783790993e-08
1.234227753332817201e-08
1.201613097912002104e-08
1.169512298115904514e-08
1.135640237404089703e-08
1.097240809322386212e-08
1.055900755719818562e-08
1.011941275219641057e-08
9.667838862803534994e-09
9.182274385288735630e-09
8.656905969850470228e-09
8.112598037790519356e-09
7.530965184798787959e-09
6.883808079116704448e-09
6.065620006268090947e-09
4.944510356708065046e-09
3.065441789296130537e-09
4.556208743622391921e-10
7.636171139857594881e-09
2.273449040135488985e-08
5.288810034365099000e-08
1.081438257832800787e-07
1.919723559007380231e-07
2.801284695319594675e-07
3.176645714253467645e-07
2.730912521675676885e-07
1.831390242790220668e-07
1.015611471588684367e-07
4.907191708536373653e-08
2.077710226089379830e-08
6.726955215086150019e-09
9.992007221626408864e-16
