0.000000000000000000e+00
6.728159251956356002e-09
2.624392092531735443e-08
5.862384155896904758e-08
1.032155895197561790e-07
1.592598037891690410e-07
2.264769526361121166e-07
3.031160937805310596e-07
3.880259323851831255e-07
4.798710480091727959e-07
5.772103683909790561e-07
6.781518373522033016e-07
7.822147685132563311e-07
8.867248123545223848e-07
9.898738876357171534e-07
1.090653904300964427e-06
1.186755888227253308e-06
1.277056934090303741e-06
1.360141410944315510e-06
1.434750286577468614e-06
1.499765974966038584e-06
1.552177751995564847e-06
1.594503302393412980e-06
1.623860074850824731e-06
1.640115304457623324e-06
1.643562613673488215e-06
1.634062173461181544e-06
1.610956615105685330e-06
1.575129727204860330e-06
1.527770547737894447e-06
1.467870350269073754e-06
1.398720730017011249e-06
1.319015275336177240e-06
1.232695773456526922e-06
1.139390836235598670e-06
1.040208765124006618e-06
9.387440417230052958e-07
8.344648475544502730e-07
7.303736547781269905e-07
6.275955060086602089e-07
5.277641578205205519e-07
4.327942157988928784e-07
3.445159658665986058e-07
2.637464502353026319e-07
1.919572542030678619e-07
1.302738509290080060e-07
7.941735880034883621e-08
4.072048620518131656e-08
1.447571729151775344e-08
1.626509926744290624e-09
1.948417205355212900e-09
1.490180756569259302e-08
4.098109562811202977e-08
7.955171532625371356e-08
1.299937503196346711e-07
1.916743023189226847e-07
2.638815334021771264e-07
3.447273051460086890e-07
4.333204920436983798e-07
5.280161754495082960e-07
6.274108951265233713e-07
7.299367774660225905e-07
8.346268740577755807e-07
9.385926462712745888e-07
1.040968563015276516e-06
1.139659063675857453e-06
1.232481877111446522e-06
1.319353900908204480e-06
1.398554205223057068e-06
1.468593673004114919e-06
1.526754950353925722e-06
1.574675476012643571e-06
1.611177241844785613e-06
1.633041896820230932e-06
1.643746392998579609e-06
1.640837655414451035e-06
1.624233008645781240e-06
1.594077660538317787e-06
1.553251958164025837e-06
1.498946379463461653e-06
1.434558276836028767e-06
1.359827679014991020e-06
1.276285693685430545e-06
1.186860844826220784e-06
1.090068469378202565e-06
9.898211001946322085e-07
8.866153256015252282e-07
7.822369224586012137e-07
6.785969195455265890e-07
5.770264488447196527e-07
4.793747363507350201e-07
3.877412201314101026e-07
3.028625136236584581e-07
2.265008979263072320e-07
1.596305621021087973e-07
1.033117286164397797e-07
5.846719441926495620e-08
2.574131163779469489e-08
6.228548565800906545e-09
0.000000000000000000e+00
