0.000000000000000000e+00
5.005249227185704086e-05
6.607377305767325737e-05
7.843942128615832843e-05
8.815315692389802393e-05
9.567009304589646490e-05
1.015234809437215446e-04
1.060505939994849101e-04
1.095846566311342585e-04
1.123762272668971107e-04
1.145712548540345210e-04
1.163271472774951576e-04
1.177237302806277697e-04
1.188451456242134441e-04
1.197604944122021564e-04
1.205064606375483294e-04
1.211150982222131134e-04
1.216051907012571931e-04
1.220079048915856390e-04
1.223499761776603023e-04
1.226274627447176968e-04
1.228594574594898958e-04
1.230527205000608859e-04
1.232187525889161250e-04
1.233559433166941943e-04
1.234761065468381602e-04
1.235654730755708641e-04
1.236440681082751070e-04
1.237152155314502622e-04
1.237643704851132398e-04
1.238062504275161402e-04
1.238430064789408647e-04
1.238770529847776913e-04
1.239025840978902337e-04
1.239198503031335719e-04
1.239397555640175952e-04
1.239581217905572075e-04
1.239802795348632358e-04
1.239877956350499133e-04
1.240000541358199371e-04
1.240021199012675268e-04
1.240015999041110817e-04
1.240018848525092920e-04
1.240047622014239792e-04
1.240014852951221158e-04
1.240071752516280768e-04
1.239990996189099803e-04
1.239889290489681883e-04
1.239733572966361663e-04
1.239565542791032371e-04
1.239445544541917243e-04
1.239249105126072337e-04
1.238981372339020837e-04
1.238731368874423922e-04
1.238464567445696218e-04
1.238071805965690331e-04
1.237617788684142184e-04
1.237008943751893852e-04
1.236322762331321101e-04
1.235554322588372500e-04
1.234588122257518350e-04
1.233394452477831749e-04
1.231993601903402791e-04
1.230342270560624840e-04
1.228366839831629420e-04
1.226067270055919423e-04
1.223163155922302181e-04
1.219781127940189336e-04
1.215684358407687071e-04
1.210678726849545583e-04
1.204439578290639190e-04
1.196863555502636345e-04
1.187538207957361536e-04
1.175934106467657614e-04
1.161698160302426786e-04
1.143816843273137707e-04
1.121341912898587978e-04
1.093003882813858851e-04
1.056886310710769550e-04
1.010508892747008503e-04
9.508211611075623182e-05
8.735416354477276712e-05
7.736817673420492980e-05
6.461871127094731548e-05
6.603836443819233182e-05
8.143034462913811833e-05
2.009172809269710314e-05
6.382984047204054434e-06
4.637086099879006440e-06
3.570720754342282532e-05
1.307971443459399197e-04
2.506772511380317425e-04
3.057599899731755499e-04
2.409201779168812507e-04
1.203938023959238990e-04
3.005971265956919325e-05
5.683188468608157962e-06
4.983239751732426726e-06
1.146879151103785688e-05
2.346800168757066929e-08
