0.000000000000000000e+00
3.242621688936964119e-06
4.352509290428407951e-06
5.166671751988261008e-06
5.806141261999187009e-06
6.300955037730204822e-06
6.686241506681511737e-06
6.984214239946773262e-06
7.216813910915220731e-06
7.400542139102128658e-06
7.545011077469965244e-06
7.660574159240596259e-06
7.752488843437710386e-06
7.826292158785719266e-06
7.886537203960486409e-06
7.935628410282724587e-06
7.975684689243145442e-06
8.007942845722482161e-06
8.034447098514974073e-06
8.056958538893432831e-06
8.075219309899850373e-06
8.090488101575310509e-06
8.103207899123887614e-06
8.114133836834014346e-06
8.123168740992170456e-06
8.131073740313965459e-06
8.136959760540740660e-06
8.142127451038483343e-06
8.146812018550164680e-06
8.150051637789701431e-06
8.152804621408549224e-06
8.155224178518771794e-06
8.157467559888331721e-06
8.159148292108397982e-06
8.160282843006072540e-06
8.161593163080738123e-06
8.162802106248534528e-06
8.164258647136435343e-06
8.164755276207635859e-06
8.165564519546641975e-06
8.165698186624048560e-06
8.165668298754091836e-06
8.165682870431290041e-06
8.165872135035279200e-06
8.165658702652400791e-06
8.166030562084536371e-06
8.165498923684566535e-06
8.164827466794477573e-06
8.163808419281437523e-06
8.162700400271560852e-06
8.161906000281327067e-06
8.160614567209734105e-06
8.158856190432217659e-06
8.157208313930297550e-06
8.155449419788851628e-06
8.152863833599255372e-06
8.149875015739382889e-06
8.145871176701291461e-06
8.141350523738211109e-06
8.136295888583333635e-06
8.129932399514316899e-06
8.122075570660136634e-06
8.112858470132877642e-06
8.101986082476031470e-06
8.088983978082886495e-06
8.073846686107444270e-06
8.054736999163480959e-06
8.032472941232882135e-06
8.005509164021873403e-06
7.972565284175558986e-06
7.931503008373752550e-06
7.881638513396183043e-06
7.820260485957852836e-06
7.743885843680686776e-06
7.650188319052730890e-06
7.532495918338710794e-06
7.384563148193912241e-06
7.198035988142947872e-06
6.960293705948750187e-06
6.655003204958376273e-06
6.262068082074634390e-06
5.753279905595931609e-06
5.095770295726609334e-06
4.256211065256643167e-06
4.196973556469529854e-06
4.710037482730244918e-06
1.276422773366370222e-06
4.248056416633616550e-07
3.154181260622834770e-07
2.331647722009222434e-06
8.577110986784930446e-06
1.644934011890697434e-05
2.007911328083533675e-05
1.582063888494467108e-05
7.904060152275071971e-06
1.967636776178949276e-06
3.795586659416372299e-07
3.299194566430685427e-07
6.777701040405759159e-07
1.255655118943821424e-09
