0.000000000000000000e+00
3.691121586602008620e-06
4.966703853748200004e-06
5.895700979530182906e-06
6.625327791276447442e-06
7.189889709491303904e-06
7.629477128956452248e-06
7.969437196830853054e-06
8.234806174400866041e-06
8.444417753272759342e-06
8.609242008739137475e-06
8.741085370078671701e-06
8.845948370250766857e-06
8.930147405550314943e-06
8.998881530497548908e-06
9.054885361514664055e-06
9.100584054011484625e-06
9.137388994995276903e-06
9.167626698558528631e-06
9.193307830557273519e-06
9.214139269908550034e-06
9.231558899314151745e-06
9.246070511115256352e-06
9.258534180101030131e-06
9.268846317911361155e-06
9.277861751200155993e-06
9.284580135271447432e-06
9.290471231770958127e-06
9.295817109955528679e-06
9.299516346206182504e-06
9.302653939724514487e-06
9.305414364058073318e-06
9.307975651240418813e-06
9.309893167053218122e-06
9.311185676819100365e-06
9.312680593009936558e-06
9.314059833509524822e-06
9.315720085445455823e-06
9.316288127836358512e-06
9.317213395698686895e-06
9.317363838023950962e-06
9.317333250935533329e-06
9.317346359449807380e-06
9.317562267852075308e-06
9.317320653123850605e-06
9.317742968417697114e-06
9.317136407838155776e-06
9.316368739131775101e-06
9.315211052740579589e-06
9.313945315891913879e-06
9.313035467584107607e-06
9.311563584857296405e-06
9.309560835890628994e-06
9.307679159742399122e-06
9.305670536474686116e-06
9.302720625270488597e-06
9.299310650967562708e-06
9.294745901167189572e-06
9.289585095717534102e-06
9.283821331140806876e-06
9.276558210147278771e-06
9.267594433426395995e-06
9.257081565183788996e-06
9.244674589514723095e-06
9.229840670643696399e-06
9.212569347050170165e-06
9.190771129041763743e-06
9.165366895214077658e-06
9.134604510463439908e-06
9.097020879367256896e-06
9.050174945346434185e-06
8.993283963976139717e-06
8.923257348025792624e-06
8.836122539879198712e-06
8.729224247105982215e-06
8.594949348572633596e-06
8.426169678443784505e-06
8.213356525454962309e-06
7.942107239755635817e-06
7.593784129289460338e-06
7.145450540813058637e-06
6.564912005235790105e-06
5.814666416026348372e-06
4.856685028031826334e-06
4.763498160698098616e-06
5.265693621164801996e-06
1.449414395726655869e-06
4.841977946368203334e-07
3.577958517242407765e-07
2.665088153830375006e-06
9.789854834130196082e-06
1.875978329646255105e-05
2.290189978393364356e-05
1.804855472575805919e-05
9.024351848019307454e-06
2.249980320501165920e-06
4.311554686609042619e-07
3.760670402863652839e-07
7.605732934568010251e-07
1.384924379604218769e-09
