0.000000000000000000e+00
7.478205287236860954e-07
1.300551005001260307e-06
1.723326010782955109e-06
2.051977591288611791e-06
2.310118501935853885e-06
2.511142285221978909e-06
2.676438526583169164e-06
2.809578360296605126e-06
2.918808605700817793e-06
3.010804724090654361e-06
3.087136560719905276e-06
3.152688208829523830e-06
3.208297159829065492e-06
3.254571134370110030e-06
3.296427985133298932e-06
3.332502251263136372e-06
3.364700982055879308e-06
3.391427347176900753e-06
3.417262723348635234e-06
3.438926844401279936e-06
3.458175417470066293e-06
3.474413628690165012e-06
3.490634568947825755e-06
3.504329329384603398e-06
3.515376814200443789e-06
3.527240309608714597e-06
3.536252029090469762e-06
3.546275457955161414e-06
3.553842655712458054e-06
3.560089013809886183e-06
3.566731640369802392e-06
3.573137686396776758e-06
3.578074044052748093e-06
3.581601168423098613e-06
3.586158943025274937e-06
3.589378742785420684e-06
3.592088347770250323e-06
3.593980043237188227e-06
3.595276338974606745e-06
3.597360098583912702e-06
3.598212423017166373e-06
3.597842674452067513e-06
3.598605844090663197e-06
3.597820734557721778e-06
3.597255595733095390e-06
3.595915393117543601e-06
3.594118715088967519e-06
3.591520145174165179e-06
3.589093767408790825e-06
3.585026969732396651e-06
3.582013619829460538e-06
3.577629714923702409e-06
3.571822605463736977e-06
3.565824112317095285e-06
3.560609195374375702e-06
3.552635694625827512e-06
3.545473581167968291e-06
3.536547841465065289e-06
3.526588939761765573e-06
3.515480561211425936e-06
3.503086329570415103e-06
3.489245809507046658e-06
3.473769576767260503e-06
3.455503602478593450e-06
3.436968314174393413e-06
3.413707336030746831e-06
3.389924354224582714e-06
3.362253544691995444e-06
3.328868066199142106e-06
3.293815988958392893e-06
3.251854377994689571e-06
3.202918994027470490e-06
3.145666169213079399e-06
3.080809186317701176e-06
3.000883387449526651e-06
2.909696277808571097e-06
2.797970443446651245e-06
2.660506410401275446e-06
2.494961653831673232e-06
2.285401183743651643e-06
2.025728154220196586e-06
1.691336290021716593e-06
1.252865795664526161e-06
6.848386988611565585e-07
8.443143328928925939e-08
1.101319261898048296e-06
2.486291185710420848e-06
4.328669383268923809e-06
6.598185010697754649e-06
9.082289987749625482e-06
1.115182036470763194e-05
1.191948257839303693e-05
1.099218072975194360e-05
8.849781078512641841e-06
6.361044271208093903e-06
4.135720541253995464e-06
2.336245928047375742e-06
9.893916991243756343e-07
4.764814653945848022e-09
