0.000000000000000000e+00
8.086630191028731929e-07
1.710145236533122670e-06
2.659875053212523710e-06
3.620474910204229957e-06
4.558184587222235962e-06
5.468988207635305798e-06
6.328423066137567332e-06
7.140237235914170810e-06
7.896873181922892115e-06
8.595115411402787231e-06
9.239396706495206502e-06
9.826214699137914010e-06
1.036714801949667475e-05
1.085233936448659620e-05
1.129921754383644839e-05
1.169874061690556744e-05
1.206330766323482351e-05
1.238589057916961167e-05
1.268035784762755469e-05
1.293749807984578837e-05
1.316817040619699952e-05
1.337943762813598170e-05
1.356421740683622090e-05
1.372705322555400897e-05
1.387060396806916174e-05
1.400145766272675729e-05
1.411870929490799398e-05
1.420954042130606609e-05
1.427830285571918267e-05
1.432448434057764786e-05
1.437165564055487010e-05
1.440439613986654876e-05
1.442676603269354985e-05
1.443390328381699561e-05
1.443387036370591403e-05
1.441454032868882962e-05
1.438026323208330126e-05
1.433614660861781687e-05
1.427973535073068234e-05
1.419661195201094017e-05
1.411150366992242056e-05
1.401726365946043273e-05
1.389122723660651815e-05
1.374856830760329274e-05
1.359078947160696771e-05
1.341122960030194378e-05
1.320835794826891174e-05
1.297557641277702345e-05
1.271986349327125509e-05
1.243218003699197993e-05
1.210646684712823884e-05
1.175256058660867353e-05
1.135975435972991221e-05
1.091856947599278982e-05
1.044155899432297474e-05
9.911368312853774398e-06
9.324563580381806105e-06
8.692145460398315038e-06
7.997447824648062920e-06
7.251129953700363728e-06
6.447612558524440374e-06
5.586822313108363858e-06
4.684480800154489089e-06
3.740513987882110314e-06
2.784642693987038342e-06
1.833469573608859093e-06
9.302579966341539830e-07
1.028394835955737108e-07
5.782413644572770295e-07
1.036791774766676610e-06
1.187714865569233780e-06
9.213743791258721672e-07
1.484473937107821939e-07
1.252393009409935587e-06
3.350947127445103035e-06
6.184220525673467250e-06
9.731518338051969863e-06
1.383030016799402517e-05
1.823570808445751368e-05
2.259342897314997600e-05
2.645709236759330452e-05
2.941195042849287233e-05
3.101336409017108053e-05
3.110425108088232804e-05
2.966681980998142620e-05
2.685230439924968238e-05
2.307556372349583995e-05
1.876470144857034228e-05
1.434069703198925794e-05
1.018272495023619939e-05
6.561558141604528771e-06
3.642399251213568334e-06
1.449080692661475211e-06
2.877246663146593164e-08
8.821160140115580361e-07
1.193437829005716821e-06
1.080141844522763961e-06
6.612936462868646004e-07
0.000000000000000000e+00
