0.000000000000000000e+00
1.384624737088557822e-08
2.919173414106523978e-08
4.536301168034384546e-08
6.170007826877821344e-08
7.773035759495172670e-08
9.331118311362018858e-08
1.080374925077620674e-07
1.218693834736939152e-07
1.347454440248085916e-07
1.467204187033388507e-07
1.576679442560902089e-07
1.677232405183914921e-07
1.768527220225024621e-07
1.852062335716553321e-07
1.928095144654307092e-07
1.996319931585333052e-07
2.057827581669613437e-07
2.112203321136263412e-07
2.162253521786894339e-07
2.206853866315583446e-07
2.246663043381502689e-07
2.283493918397994094e-07
2.314385236790172939e-07
2.341304472519567526e-07
2.365844903318148340e-07
2.387770718925708024e-07
2.405641534863889319e-07
2.421206347635873612e-07
2.434282238006346688e-07
2.443864507428727961e-07
2.452378433659418988e-07
2.457847333436902204e-07
2.460900292433620962e-07
2.463081713033332676e-07
2.461320649516096637e-07
2.458073076194722262e-07
2.453211629394047577e-07
2.445123774563739971e-07
2.435592330041203013e-07
2.423206323376447813e-07
2.408317605340215550e-07
2.390722702028114099e-07
2.369189480155853289e-07
2.345395163638741565e-07
2.318031812054144325e-07
2.287394562650035823e-07
2.251967455846326516e-07
2.212745098262303145e-07
2.169280447494870145e-07
2.120071816991142555e-07
2.064227423437259290e-07
2.004415908807288815e-07
1.937189988421295084e-07
1.862750491632425565e-07
1.780539947704440351e-07
1.690178697000277452e-07
1.590017446595481942e-07
1.481595437446969754e-07
1.363663437725648464e-07
1.236209256072484663e-07
1.098990246584108377e-07
9.529222000370651813e-08
7.981846783522428268e-08
6.391457552101798001e-08
4.751056603691239388e-08
3.128557990450531179e-08
1.584747089111715468e-08
1.732252785657806271e-09
9.785066312772983110e-09
1.768796309420395119e-08
2.023387524197062248e-08
1.589423570536041552e-08
2.516836739019367997e-09
2.135385845924986370e-08
5.719811968507571009e-08
1.056975637014900826e-07
1.659843512635816865e-07
2.358593450546564441e-07
3.109263448930477125e-07
3.851519425612792702e-07
4.510283938552461791e-07
5.008610814982716875e-07
5.285143289679439249e-07
5.298697441924460350e-07
5.054150328254181090e-07
4.579285433070623412e-07
3.934700665286783305e-07
3.197413956934624935e-07
2.445756215330163741e-07
1.736376714633891538e-07
1.120116851494046273e-07
6.208412184349754170e-08
2.467263060523805507e-08
4.506152118111117488e-10
1.509168523483594981e-08
2.040384106116732710e-08
1.848828556916259913e-08
1.126172288756777107e-08
0.000000000000000000e+00
