0.000000000000000000e+00
5.570241490282512586e-09
1.174354002930755314e-08
1.824899686919678743e-08
2.482112226864785498e-08
3.126980585577143756e-08
3.753766930625346276e-08
4.346176707414883822e-08
4.902604699985602110e-08
5.420581306037064451e-08
5.902308564120772871e-08
6.342703096073876168e-08
6.747205449908477704e-08
7.114463751456412410e-08
7.450506678274848582e-08
7.756369513334249177e-08
8.030822096216638784e-08
8.278252860982604489e-08
8.496994596818296941e-08
8.698334541534791242e-08
8.877751467295524890e-08
9.037894255214951045e-08
9.186055605070464480e-08
9.310324100564315586e-08
9.418613966527544790e-08
9.517334698116997060e-08
9.605536432921724099e-08
9.677426815457579323e-08
9.740040052275134030e-08
9.792641142425395628e-08
9.831189695663766770e-08
9.865437944345245569e-08
9.887437779632080037e-08
9.899719843886600756e-08
9.908494147392588047e-08
9.901410957802170287e-08
9.888345431363632088e-08
9.868788408695650105e-08
9.836253500594693833e-08
9.797910494047101793e-08
9.748084173200055602e-08
9.688189961387649873e-08
9.617410001716564238e-08
9.530786337919039397e-08
9.435067482854719856e-08
9.324990524195442276e-08
9.201743778053383949e-08
9.059228989194423320e-08
8.901445580633549071e-08
8.726596667507635630e-08
8.528641270988401857e-08
8.303992649061342490e-08
8.063383039047522516e-08
7.792948064633264948e-08
7.493494003085743316e-08
7.162778714597806129e-08
6.799274698821022866e-08
6.396348273263186002e-08
5.960189242149027677e-08
5.485772047730819168e-08
4.973049272383178732e-08
4.421044141889041157e-08
3.833439843337060893e-08
3.210959076405117685e-08
2.571171620058265717e-08
1.911263813880736961e-08
1.258554027661062946e-08
6.374939354181208273e-09
6.964580023804955999e-10
3.937008719034906790e-09
7.116547573460252352e-09
8.141189500321388550e-09
6.396004392783538606e-09
1.015273531912441740e-09
8.586611199845606279e-09
2.300508061825468076e-08
4.251429397417183509e-08
6.676538200078852014e-08
9.487342200742432397e-08
1.250702469368647485e-07
1.549288100033408000e-07
1.814287100554423660e-07
2.014749442835750415e-07
2.125989948531525897e-07
2.131444238884228071e-07
2.033071841989197992e-07
1.842050115774540586e-07
1.582755813078762230e-07
1.286171170677974374e-07
9.838059678024535515e-08
6.984487477268430666e-08
4.505513095942603741e-08
2.497133833045950269e-08
9.922376809079480608e-09
1.834143947831989863e-10
6.072563896175608988e-09
8.209016244542510776e-09
7.438011317972836878e-09
4.530599007068758510e-09
0.000000000000000000e+00
