0.000000000000000000e+00
2.868232210406773675e-06
3.860945155031991760e-06
4.586770498971048937e-06
5.154299126064465497e-06
5.594174251277728160e-06
5.935152636582508023e-06
6.199325232048025214e-06
6.405756997063249969e-06
6.568264335315987523e-06
6.696674300421534554e-06
6.798493349280398945e-06
6.879839449469571377e-06
6.946007967911782544e-06
6.999693823672714643e-06
7.042911403076779209e-06
7.078760523526739235e-06
7.107061099631550860e-06
7.130081995487813629e-06
7.149945512541222570e-06
7.166509198075488030e-06
7.180268859152683092e-06
7.191188461153075195e-06
7.201642691190279777e-06
7.209944072772422885e-06
7.216851224400855358e-06
7.222290964725708307e-06
7.226929976678064804e-06
7.229950009790542254e-06
7.233388840233168082e-06
7.235427006202499456e-06
7.237551561622979079e-06
7.239163985817143043e-06
7.240961068744056206e-06
7.242092975423553014e-06
7.243262571954289797e-06
7.244725973909460492e-06
7.245233452524146855e-06
7.246226928492305319e-06
7.246484643563810835e-06
7.247111082020474271e-06
7.246929391468981407e-06
7.247263628329392304e-06
7.246924598969251008e-06
7.246792090520592922e-06
7.246626949619638935e-06
7.246317789810774457e-06
7.245835289326763018e-06
7.245597102412126844e-06
7.244871850109468880e-06
7.243744905016669122e-06
7.242490271175405780e-06
7.240461840640755042e-06
7.239444983375697973e-06
7.237885453759140830e-06
7.235667341398688279e-06
7.232953461611124624e-06
7.230151630732706280e-06
7.225439568436797799e-06
7.221315795891136702e-06
7.215844649688385459e-06
7.208964330152056732e-06
7.200842553456432427e-06
7.190574824789131014e-06
7.179302893955963327e-06
7.165789131846622695e-06
7.148418158742231299e-06
7.128897289487845512e-06
7.104908261279518911e-06
7.075750616758469391e-06
7.039721750423666435e-06
6.995006477383824972e-06
6.940611311456734711e-06
6.873068598589604505e-06
6.790084427166220848e-06
6.685329127620320833e-06
6.554350256759988724e-06
6.388350698105504932e-06
6.177184508904254301e-06
5.905928765037593564e-06
5.556804958284367046e-06
5.106554294087572998e-06
4.524414243145535863e-06
3.783412447666556488e-06
3.505098282730045867e-06
4.044514498216522647e-06
1.025691506062464953e-06
3.705101340178984515e-07
2.698598557948628240e-07
2.079078657346578041e-06
7.628653102442761735e-06
1.461527103097104430e-05
1.780032121234675913e-05
1.404158115769771342e-05
7.009071568808700192e-06
1.750739003547607808e-06
3.306884283071909181e-07
2.914903602935225990e-07
5.671178610056060165e-07
1.996051273269253135e-09
