0.000000000000000000e+00
3.514026099993294849e-06
4.096779633644409557e-06
4.281658169791313640e-06
4.362196443841170890e-06
4.404073231212279893e-06
4.428632705666402103e-06
4.444274807058334886e-06
4.454862597480513386e-06
4.462371778868323702e-06
4.467858262136026326e-06
4.472087457463302940e-06
4.475323701735867132e-06
4.477926077717242492e-06
4.479981668970012265e-06
4.481719733773203984e-06
4.483121741283291328e-06
4.484303208762696613e-06
4.485338927051607527e-06
4.486202705655806255e-06
4.486932357217199296e-06
4.487578788348045578e-06
4.488134876967642128e-06
4.488652855405561581e-06
4.489075586699975418e-06
4.489454788481062053e-06
4.489785122352429880e-06
4.490126786160786310e-06
4.490387285338570678e-06
4.490646281718468913e-06
4.490846044369334322e-06
4.491064480305340112e-06
4.491242412640872317e-06
4.491389286487290633e-06
4.491513178050965394e-06
4.491675298368136282e-06
4.491790973393250397e-06
4.491894337266266746e-06
4.491973452647179954e-06
4.492067781858288811e-06
4.492107073872375622e-06
4.492188918181483359e-06
4.492255304411330030e-06
4.492268464217907820e-06
4.492325128668817058e-06
4.492354746421511891e-06
4.492389626298276539e-06
4.492404475753275506e-06
4.492399426458959510e-06
4.492412668755108029e-06
4.492406073253185639e-06
4.492392302379855096e-06
4.492358527508066857e-06
4.492310718307024331e-06
4.492287298596409073e-06
4.492249814802562469e-06
4.492178047099670835e-06
4.492149263457534403e-06
4.492079088036504686e-06
4.491999155753489958e-06
4.491889112889779767e-06
4.491787420790593899e-06
4.491693401997842727e-06
4.491553335705944505e-06
4.491424877017813344e-06
4.491247213023186191e-06
4.491079037549638997e-06
4.490884172758669024e-06
4.490680718949313643e-06
4.490439199811291360e-06
4.490148588276454689e-06
4.489854559697192826e-06
4.489508772298478334e-06
4.489114460604071155e-06
4.488721595197198155e-06
4.488198639629459308e-06
4.487667961572405773e-06
4.487025949795331314e-06
4.486281541815628771e-06
4.485476516657982415e-06
4.484474603216881405e-06
4.483329256288470788e-06
4.481948321588546946e-06
4.480287844943475761e-06
4.478247332295737237e-06
4.475733904607537283e-06
4.472604905103594319e-06
4.468596623286025249e-06
4.463279357658223034e-06
4.456097064675645925e-06
4.446115239198356051e-06
4.431409949989806307e-06
4.408556514401418269e-06
4.370135614717440831e-06
4.297936558539383611e-06
4.137190392827783114e-06
3.659593141525085969e-06
1.139658194926340684e-06
2.545398378894780933e-05
2.946955346416757493e-09
