0.000000000000000000e+00
8.217054959014369331e-06
1.252950684771381162e-05
1.526828527909085409e-05
1.723339129866552355e-05
1.879113981206881334e-05
2.023627460134846956e-05
2.149020952590952049e-05
2.269479739935853502e-05
2.384205538863426455e-05
2.488191786675919559e-05
2.584383079107244185e-05
2.675170163457529782e-05
2.767151488114460989e-05
2.846975582637689683e-05
2.917385574952024996e-05
2.985115275633276610e-05
3.050273136873116187e-05
3.111064094529769619e-05
3.166154724854042257e-05
3.217128834753779643e-05
3.261860593906096284e-05
3.302476788835662092e-05
3.341168532355887066e-05
3.377862809383902487e-05
3.408502178758876511e-05
3.438345011463894707e-05
3.468810651807707757e-05
3.494181886054548158e-05
3.517607205338890708e-05
3.536038698359611487e-05
3.555716620051718735e-05
3.573352317198796868e-05
3.586374122366287054e-05
3.598374644797619482e-05
3.611867372588228875e-05
3.619286089073803225e-05
3.631875130039041721e-05
3.638499575675524511e-05
3.644364174615333241e-05
3.649170291120107379e-05
3.652381109497948586e-05
3.653327336117229152e-05
3.651029000184546902e-05
3.648752655194265060e-05
3.646355804365342124e-05
3.642175556650695256e-05
3.635948267011190893e-05
3.631530487757661518e-05
3.622800108915580353e-05
3.610938765330473643e-05
3.600060489761247595e-05
3.589489637889631268e-05
3.571183950434875243e-05
3.555819904543788823e-05
3.535983857050339907e-05
3.513787465325712844e-05
3.491019483836677040e-05
3.463754558286069596e-05
3.438475303008114992e-05
3.408557495609976229e-05
3.375486904355629036e-05
3.336009542420637075e-05
3.296871904556741839e-05
3.255238994026576904e-05
3.209007564886068309e-05
3.159574631483863527e-05
3.104451211077829953e-05
3.046630194458721519e-05
2.980175956868169607e-05
2.909984904242435277e-05
2.836477307943674475e-05
2.759166733423690232e-05
2.670450443598149093e-05
2.582173042253721462e-05
2.483955020426975580e-05
2.377868811032080032e-05
2.269473614280315132e-05
2.152170376468198754e-05
2.029103648415464534e-05
1.893184794954372308e-05
1.740355540591487227e-05
1.557425032894244055e-05
1.301270131970344579e-05
8.682989938502139182e-06
7.013411220668785973e-07
1.575669771092247373e-05
4.957607334565850010e-05
1.182130258069458151e-04
2.437746811473351372e-04
4.342575236120360671e-04
6.373347924032435330e-04
7.288016721560541811e-04
6.358853067776060186e-04
4.320900933012516987e-04
2.435023401832214773e-04
1.186047947570045835e-04
5.061181489796062749e-05
1.637343951055303393e-05
9.992007221626408864e-16
