0.000000000000000000e+00
6.051198520040657058e-07
9.192897142407119304e-07
1.119876694599675204e-06
1.264428879155232721e-06
1.378698356813146120e-06
1.487026459967566439e-06
1.579807167750857388e-06
1.669013099947491696e-06
1.754278119214802700e-06
1.831556500242470520e-06
1.903255089974464909e-06
1.970993423472400252e-06
2.039701067158006254e-06
2.099341114947250730e-06
2.151935413641226091e-06
2.202583662791468555e-06
2.251349543347380688e-06
2.296816516755839643e-06
2.338045173688740874e-06
2.376199980891335883e-06
2.409699832561784660e-06
2.440105812406834218e-06
2.469077446054512848e-06
2.496556698039498201e-06
2.519515259868931878e-06
2.541866264138548104e-06
2.564672668570189273e-06
2.583677304879294923e-06
2.601208094699103412e-06
2.615048546372733540e-06
2.629792094976934891e-06
2.643006186353602516e-06
2.652743130937551541e-06
2.661734007647353906e-06
2.671827215805500089e-06
2.677403599382621735e-06
2.686840783638899666e-06
2.691805280119474730e-06
2.696201934160313840e-06
2.699805486505724161e-06
2.702193617087900179e-06
2.702904389861870982e-06
2.701203454802403314e-06
2.699499861202880879e-06
2.697726420364254807e-06
2.694597308505741751e-06
2.689914952558325467e-06
2.686590921618936534e-06
2.680072659799748180e-06
2.671188746194985697e-06
2.663043763395656072e-06
2.655113555460886232e-06
2.641438047734645522e-06
2.629917056573560785e-06
2.615062639765852737e-06
2.598440895451581412e-06
2.581379993760180014e-06
2.560978502597066608e-06
2.542046055209468136e-06
2.519670008860330768e-06
2.494918271311874491e-06
2.465359747017004111e-06
2.436090109081412436e-06
2.404927188504046853e-06
2.370360560499662483e-06
2.333392653097732250e-06
2.292165818484903639e-06
2.248962016060396252e-06
2.199302545524695063e-06
2.146866775465383625e-06
2.092009107168557591e-06
2.034364830372226152e-06
1.968231843951784299e-06
1.902593039337929781e-06
1.829663864860719968e-06
1.749797372441186383e-06
1.669433909889939116e-06
1.582717239601016956e-06
1.492186888718549653e-06
1.392226841034904794e-06
1.280576005568967446e-06
1.149250359766540441e-06
9.655139928677058947e-07
6.699682428834563552e-07
9.660772304354026119e-08
1.066420074913310145e-06
3.548720133750293826e-06
8.467951344237611977e-06
1.766512470968706339e-05
3.160582803607425717e-05
4.652558611761836715e-05
5.328547272098749232e-05
4.665942186787841450e-05
3.188674832332871745e-05
1.798837465039060390e-05
8.767907742290859119e-06
3.742381425086982460e-06
1.204343449079381401e-06
9.992007221626408864e-16
