0.000000000000000000e+00
1.822899797776500463e-08
2.788321584734632097e-08
3.380005686448583901e-08
3.807464177274511030e-08
4.164445988052989378e-08
4.482015458773247474e-08
4.773224737686376784e-08
5.053388096865063517e-08
5.324947371931898488e-08
5.577471995366067858e-08
5.814373338353107101e-08
6.031822541441300700e-08
6.239310001987519172e-08
6.436354271777133818e-08
6.606275415599327516e-08
6.776340288894289188e-08
6.935536589480761904e-08
7.075509833587290132e-08
7.208481411780098824e-08
7.331770335294862662e-08
7.441207117153680883e-08
7.543568503187714214e-08
7.640677168740950265e-08
7.720101580233063032e-08
7.803744672685297701e-08
7.872375484829774450e-08
7.940650159632411942e-08
8.003492257824262879e-08
8.068038204189775797e-08
8.112366201018517131e-08
8.164588316539322932e-08
8.203535717399290661e-08
8.241564586342065013e-08
8.271522555780563835e-08
8.298572973242102080e-08
8.322992728349021263e-08
8.343320023751488179e-08
8.361724468386455555e-08
8.376532267817538013e-08
8.389565642197283069e-08
8.393569039810699906e-08
8.397950856942060227e-08
8.399209783238603677e-08
8.394780948162150480e-08
8.383625926811077989e-08
8.372133253331526248e-08
8.357681091641921967e-08
8.342837898300814459e-08
8.321011946144096783e-08
8.298352582869483740e-08
8.270283724520766100e-08
8.237889992379621162e-08
8.198948164839237052e-08
8.161070352841193198e-08
8.106921578487913393e-08
8.053291833398645849e-08
7.994378337095042752e-08
7.933283863170714767e-08
7.875731133921703986e-08
7.795961853851451906e-08
7.715218774961840609e-08
7.629325216029769763e-08
7.534831714117729007e-08
7.433787796440327611e-08
7.320084494111256390e-08
7.192051088011908178e-08
7.063561335840518041e-08
6.911988081892417313e-08
6.765934312813470797e-08
6.601374991088704292e-08
6.413649578096425330e-08
6.231019167302065398e-08
6.015792908264927519e-08
5.797310476118866518e-08
5.551745063669955016e-08
5.299459193697231285e-08
5.027022598191877023e-08
4.747066040255987218e-08
4.450698398716923521e-08
4.132626774122627467e-08
3.766107015135133906e-08
3.325592845548897003e-08
2.709595570138390030e-08
1.681823880161914531e-08
2.514990438129416361e-09
4.221133309556535096e-08
1.245782783598770038e-07
2.903349766159024625e-07
5.940189319320055006e-07
1.056115441766536378e-06
1.537948607466255169e-06
1.748873031282016655e-06
1.501089622824025582e-06
1.006482508003614385e-06
5.580372733904326310e-07
2.693435523504206230e-07
1.140227836593510347e-07
3.666927850254353416e-08
2.220446049250313081e-15
