0.000000000000000000e+00
1.845910737707789906e-06
2.256941275979862382e-06
2.567242461060104119e-06
2.810384794993403546e-06
2.998763939610071816e-06
3.144245603770023934e-06
3.257485882812716227e-06
3.345701237500442460e-06
3.415213768453995158e-06
3.470242915359911251e-06
3.513870841187483052e-06
3.548832776756327689e-06
3.576939907601328628e-06
3.599739061055373668e-06
3.618441708042041682e-06
3.633521306944942353e-06
3.645718182454515954e-06
3.655913815459044258e-06
3.664411464709971256e-06
3.671565345531035973e-06
3.677382448108446056e-06
3.682026349371980700e-06
3.686134978364563608e-06
3.689741225887388509e-06
3.692366923213619145e-06
3.694724053038278555e-06
3.696689885090975736e-06
3.698512716532320610e-06
3.700082047086716841e-06
3.701183478366232293e-06
3.702036957431431574e-06
3.702596213517317381e-06
3.703426189272107649e-06
3.703868526772069458e-06
3.704535853854551419e-06
3.704934293358164155e-06
3.705346710569656921e-06
3.705558917710405353e-06
3.705740008852487222e-06
3.705857517966038017e-06
3.705985119784038773e-06
3.706077694176634907e-06
3.706075958898047418e-06
3.706044141127406988e-06
3.705684092580874278e-06
3.705541876009021962e-06
3.705405019371887931e-06
3.705145047883107168e-06
3.704976118679148556e-06
3.704607039800578150e-06
3.703976739211078950e-06
3.703290585743701513e-06
3.702688677109655657e-06
3.702027361773829739e-06
3.701176086390312037e-06
3.700044576393501927e-06
3.698441993993384358e-06
3.696638733785562181e-06
3.694754991956372692e-06
3.692402391064497635e-06
3.689463131784087579e-06
3.686050498497017713e-06
3.681874237826399110e-06
3.676861487167393250e-06
3.670912732012254764e-06
3.663715406498901928e-06
3.655425240278731280e-06
3.645212146019538579e-06
3.632697710087562371e-06
3.617373145692326375e-06
3.598341639210467235e-06
3.574880974244187826e-06
3.546505327522986306e-06
3.510881511847863123e-06
3.466073098201682967e-06
3.410131082293155202e-06
3.338970253730089155e-06
3.249003129424110625e-06
3.133231001317682285e-06
2.984356152979650290e-06
2.791378301059133094e-06
2.542492256396577943e-06
2.226001047489489792e-06
1.884807772967178607e-06
2.865933702203560252e-06
8.468353833723796242e-07
4.543589008365600534e-07
4.952841214933556557e-07
1.502145866361104254e-06
3.870050464760410591e-06
6.853300024256547829e-06
8.213011007174308986e-06
6.607245740086753472e-06
3.605034322395894719e-06
1.357815150981878105e-06
4.644784734608720100e-07
4.803936101138717163e-07
8.656382056715372642e-07
0.000000000000000000e+00
