0.000000000000000000e+00
1.236924660030780387e-06
2.161714746984344515e-06
2.864723756101916763e-06
3.405313607540705334e-06
3.828911900316533945e-06
4.167818576372717132e-06
4.440949772033242482e-06
4.662328525806280766e-06
4.844794028735499580e-06
4.996737878681933864e-06
5.124451565419185783e-06
5.232711854263882856e-06
5.323466486295558298e-06
5.404734989222781394e-06
5.473589329896277889e-06
5.533527997148013355e-06
5.585972316035636709e-06
5.632069516425808331e-06
5.671873542723027128e-06
5.708787573222018352e-06
5.740804583598269062e-06
5.769328107585458554e-06
5.793465230108374442e-06
5.816754990450867524e-06
5.837976803313438268e-06
5.854983014530468211e-06
5.872656343441917670e-06
5.887348467403796803e-06
5.900502014877240242e-06
5.911474669328953269e-06
5.922732264740382391e-06
5.932031628463896311e-06
5.940242915225546483e-06
5.947441512055284818e-06
5.953691626259249858e-06
5.957853122073863972e-06
5.963554842836060743e-06
5.967250967686688057e-06
5.970166204627425088e-06
5.972324104819293211e-06
5.973741900588969145e-06
5.973249114221701461e-06
5.972457785663465302e-06
5.973638144030068986e-06
5.972150273314547064e-06
5.968735463768304328e-06
5.966932236645128285e-06
5.961969047119097809e-06
5.958573533471067663e-06
5.953134315395125498e-06
5.946796144740140733e-06
5.939503804230916728e-06
5.931192083363789891e-06
5.921784443141397958e-06
5.909174915941228790e-06
5.899308684331749930e-06
5.886014615485990475e-06
5.871167481519279363e-06
5.854601841992490563e-06
5.834014989658520278e-06
5.815507859940893809e-06
5.792485870514951785e-06
5.766743225721349120e-06
5.736528342237257050e-06
5.704124980687730329e-06
5.667645328388815074e-06
5.627017979459303376e-06
5.578830610919460753e-06
5.528149345956911986e-06
5.467425776894963008e-06
5.395971899857521237e-06
5.316958328838161663e-06
5.223108635821205326e-06
5.112056050138313879e-06
4.982202316594630531e-06
4.826666403112689352e-06
4.640730461247244421e-06
4.414907962435599131e-06
4.140231649185643903e-06
3.793863510792583327e-06
3.360992514966909539e-06
2.803281609620178472e-06
2.084149950953850805e-06
1.131354771422010685e-06
1.346345428476780626e-07
1.842496714421493209e-06
4.147998886372405991e-06
7.174898092543458006e-06
1.096769031005973005e-05
1.507411090384547236e-05
1.848722959785220610e-05
1.979594951173613282e-05
1.823175277082533796e-05
1.469688922317580193e-05
1.056480159611350444e-05
6.851696361165338089e-06
3.893697964052478255e-06
1.656474755473702487e-06
3.252399793929328098e-09
