0.000000000000000000e+00
1.310665820319911745e-08
2.766591300495946371e-08
4.292263344751745535e-08
5.842444128489887589e-08
7.358318476757830240e-08
8.830118836122835546e-08
1.022006983486534182e-07
1.152900044321114592e-07
1.275013284951498349e-07
1.387977424105457658e-07
1.491832296585116069e-07
1.586242192042064403e-07
1.672892053772301324e-07
1.752058425008584663e-07
1.823907742615205052e-07
1.888094061097689291e-07
1.946695548094012906e-07
1.999523112639067790e-07
2.045658885618806266e-07
2.088359150054230895e-07
2.125029383570620212e-07
2.159766153697617597e-07
2.188941520264719998e-07
2.215305489050578558e-07
2.238030554213565892e-07
2.258730653625917739e-07
2.275578376842446460e-07
2.290269606186612350e-07
2.302027493072955622e-07
2.311884436112521257e-07
2.320059647731298469e-07
2.324991391633446369e-07
2.329050763361095733e-07
2.330060830946223405e-07
2.328766145476279803e-07
2.325772464617514856e-07
2.320422691770573920e-07
2.313283448129865860e-07
2.303918714696706616e-07
2.291788075980960571e-07
2.278119219933927297e-07
2.260548037646969988e-07
2.241073577824437280e-07
2.218523184049914221e-07
2.192951192858672016e-07
2.163604185811962566e-07
2.130962308832806684e-07
2.093031947758561273e-07
2.050847837109515126e-07
2.004790283782753590e-07
1.953393262699165689e-07
1.895789188965935068e-07
1.832230726028782897e-07
1.761610211037378804e-07
1.684027097770268711e-07
1.598439781647087443e-07
1.504168788413196012e-07
1.401561465774747717e-07
1.289529036885284086e-07
1.168858526634508621e-07
1.039143142644860518e-07
9.008763346418646734e-08
7.547156133380639176e-08
6.028425492132782892e-08
4.487696425581333415e-08
2.957211864274000845e-08
1.484859524225612404e-08
1.556881734643411619e-09
9.354214736134736086e-09
1.682259953561526800e-08
1.929056914207194495e-08
1.512199554465354367e-08
2.487079875379549776e-09
2.005304544638875086e-08
5.396770164090014532e-08
9.983586846118441827e-08
1.568581795563517289e-07
2.229654603169706206e-07
2.938874661406742916e-07
3.644218893317230368e-07
4.267306621397182198e-07
4.738258936320960402e-07
5.000444702751849491e-07
5.015908252081757723e-07
4.781874813897246668e-07
4.334753903600940816e-07
3.721690002844724177e-07
3.024945504082054981e-07
2.313364835249132057e-07
1.642424255487995310e-07
1.059540510883749675e-07
5.875051534154351884e-08
2.337821702891318409e-08
4.464082437038996432e-10
1.419461281848555245e-08
1.928713766474743352e-08
1.754951206578425627e-08
1.067570531976258508e-08
0.000000000000000000e+00
