0.000000000000000000e+00
1.495308810106621422e-08
3.156345040888908215e-08
4.896956407041130888e-08
6.665528307081558523e-08
8.394961226176889113e-08
1.007411297715421483e-07
1.165988022799879786e-07
1.315321503936317526e-07
1.454638015596643186e-07
1.583516340275537004e-07
1.702002077053066387e-07
1.809712412148556382e-07
1.908569472464094474e-07
1.998888335963400209e-07
2.080859539121959756e-07
2.154088198924597464e-07
2.220944940178881666e-07
2.281214580568402539e-07
2.333849923319419872e-07
2.382565330583119589e-07
2.424402096856681510e-07
2.464031969573454717e-07
2.497317543870281042e-07
2.527394977747121629e-07
2.553321656328932932e-07
2.576938128440176001e-07
2.596158886758459516e-07
2.612920054767542410e-07
2.626334524302720297e-07
2.637580117648141709e-07
2.646905974401647654e-07
2.652532761215908863e-07
2.657163590269462361e-07
2.658315955139656239e-07
2.656839177550551767e-07
2.653423410992061804e-07
2.647320609394654412e-07
2.639175596952370029e-07
2.628491208023220338e-07
2.614651997134842532e-07
2.599057166152718423e-07
2.579010848213769691e-07
2.556792674246466390e-07
2.531065447231028998e-07
2.501890666861683599e-07
2.468409588951558931e-07
2.431168985017606587e-07
2.387895310373977509e-07
2.339768958581345260e-07
2.287222681252032430e-07
2.228584591312809948e-07
2.162865740951147586e-07
2.090352652084348506e-07
2.009783326428760120e-07
1.921270250671014423e-07
1.823625359609337693e-07
1.716073495527936643e-07
1.599010643893450379e-07
1.471194808200237958e-07
1.333524336510905073e-07
1.185533775593938799e-07
1.027787295271309631e-07
8.610350465954041965e-08
6.877650970960047516e-08
5.119850488011223888e-08
3.373741253032136456e-08
1.693954809756093027e-08
1.775243618773458820e-09
1.067301724777536265e-08
1.919346248602238347e-08
2.200891724424280937e-08
1.725273535146953918e-08
2.837320156601208510e-09
2.287889022678513129e-08
6.157212384394483706e-08
1.139024038421254659e-07
1.789586069333992668e-07
2.543782964270491220e-07
3.352913021670289595e-07
4.157605379973006166e-07
4.868455349971156920e-07
5.405743394026885085e-07
5.704851889776207940e-07
5.722496658755460430e-07
5.455507848806107063e-07
4.945413473178561503e-07
4.246005343988557001e-07
3.451121841635540477e-07
2.639304518270435551e-07
1.873846581235127928e-07
1.208844969680100689e-07
6.703041000033493901e-08
2.667415877066758867e-08
5.075950770816461954e-10
1.619323641843806172e-08
2.200368209859249191e-08
2.002158183689317639e-08
1.217959710864136014e-08
0.000000000000000000e+00
