0.000000000000000000e+00
1.033851074749847498e-07
4.166460202403854396e-07
9.392626891813193879e-07
1.653633402654008933e-06
2.555764811118521607e-06
3.636357379099841580e-06
4.863561778534197799e-06
6.225354112543435292e-06
7.698064820704786371e-06
9.262686366806605065e-06
1.088614925348618812e-05
1.255384957143945712e-05
1.423054031945980569e-05
1.589211125585521245e-05
1.749989784494143663e-05
1.906065757240060776e-05
2.049949118532179426e-05
2.183091713436891013e-05
2.302802620224309038e-05
2.405149779927118203e-05
2.491815715077727589e-05
2.557770241851109461e-05
2.606586574460667549e-05
2.632527586976518563e-05
2.638615485794915116e-05
2.620524606888885444e-05
2.585297500379279967e-05
2.526761763677054518e-05
2.451039204343086197e-05
2.356673623327143474e-05
2.243811987212573911e-05
2.117025395598215454e-05
1.977832743182972308e-05
1.828502816303423373e-05
1.670681513277205710e-05
1.506646661031396661e-05
1.339299384095493650e-05
1.171521927989527256e-05
1.006902764988382160e-05
8.472673900361549215e-06
6.952207200372484408e-06
5.533424510928419693e-06
4.235499243665508118e-06
3.077814950014357009e-06
2.082541043613161946e-06
1.274447288035496229e-06
6.534947033509652670e-07
2.388612243553467351e-07
2.957304856554543449e-08
2.679218458201404474e-08
2.317527967310439863e-07
6.556657990985925721e-07
1.276870468358559663e-06
2.094750617964713513e-06
3.080065943295018371e-06
4.233529427466464767e-06
5.530970153322378735e-06
6.950471554745263347e-06
8.473352758331387236e-06
1.007647788686671930e-05
1.172513990466139688e-05
1.339806757372219437e-05
1.506831142861209116e-05
1.670127643627061786e-05
1.829566698474671682e-05
1.978583142880907531e-05
2.117770359932880098e-05
2.244835261355770939e-05
2.356793279256752527e-05
2.453746649921928480e-05
2.530794433130978405e-05
2.586074569610463669e-05
2.622264471052737633e-05
2.637941324590276082e-05
2.633346076386100520e-05
2.607494488016115497e-05
2.560226814785071525e-05
2.492769463346977687e-05
2.407314118058057062e-05
2.303413327620074114e-05
2.184146853656532272e-05
2.050405952880307581e-05
1.905954606484794311e-05
1.751094065938207933e-05
1.589034042148718129e-05
1.423528563415654702e-05
1.256380197778295127e-05
1.089625288974716000e-05
9.270494306101717541e-06
7.703678524761947699e-06
6.228146957165670017e-06
4.864285519157185433e-06
3.636202374979191632e-06
2.563274964062500771e-06
1.662776177524527554e-06
9.430798394438610899e-07
4.204812347197162126e-07
1.045674729027723515e-07
0.000000000000000000e+00
