0.000000000000000000e+00
2.975822426254381980e-07
4.475766980371886916e-07
5.811334796712586126e-07
7.136296216181392538e-07
8.433735764201699681e-07
9.685670577797012015e-07
1.086562684604608364e-06
1.196923351431955496e-06
1.299511477204084997e-06
1.394220069728113742e-06
1.480622311533785762e-06
1.560653422272295643e-06
1.633816519741593254e-06
1.699955383349660565e-06
1.759439711257471117e-06
1.813674221140537668e-06
1.863285328473907043e-06
1.907007806889460255e-06
1.946253670448427897e-06
1.981525643679482585e-06
2.013959598978765086e-06
2.041943194419637564e-06
2.067384559878426842e-06
2.089966022689182523e-06
2.109303744779467138e-06
2.126731645235580004e-06
2.141609567463120811e-06
2.153189342823935704e-06
2.163345446226649926e-06
2.172472174710726733e-06
2.178771837946236190e-06
2.182906547743002079e-06
2.186232181955460874e-06
2.187178748669360573e-06
2.186471170229076222e-06
2.183520570575581132e-06
2.179636019894459764e-06
2.173168901387079188e-06
2.164481609279178542e-06
2.154707783752485284e-06
2.143189617886953613e-06
2.128907894083376107e-06
2.111058816312016972e-06
2.092037243106581457e-06
2.070708129520149043e-06
2.045234710701393510e-06
2.017440729806807553e-06
1.985723017017271275e-06
1.951173428160757339e-06
1.912386619506989405e-06
1.868969036977752296e-06
1.820259611373664654e-06
1.766661971380756313e-06
1.707084941848791004e-06
1.642229220832902570e-06
1.569933733791550878e-06
1.490941363702091849e-06
1.404667176796436934e-06
1.311967635531097187e-06
1.210225776038242884e-06
1.100975599133136029e-06
9.834338703385014924e-07
8.585461936938543204e-07
7.294719944761496322e-07
5.973999418484865487e-07
4.637422587050465950e-07
3.100227207175620947e-07
7.398916048728665373e-07
1.714218723636307118e-07
3.222012834314114116e-08
9.285206936660017618e-09
1.160236351438470592e-09
6.981914191239724232e-08
2.178204597802491094e-07
4.513297531261173390e-07
7.764850173952453360e-07
1.187718931761061469e-06
1.672545585029716619e-06
2.196728909331646662e-06
2.717928475504116648e-06
3.182395243106483917e-06
3.531138124457378069e-06
3.730930932754894513e-06
3.740564975651672341e-06
3.563047959787013497e-06
3.236413187335251962e-06
2.777227062100706689e-06
2.260069239423678766e-06
1.734657599006261819e-06
1.241932082618468769e-06
8.208462346503964113e-07
4.865772241791077590e-07
2.418576647844616900e-07
8.366372206136674095e-08
1.982857877891319731e-09
1.274885386148838506e-08
2.382700525771497269e-08
6.904284999276200097e-08
0.000000000000000000e+00
