0.000000000000000000e+00
5.680089731896487137e-10
1.201811650197726067e-09
1.864013388086505074e-09
2.538418475417358877e-09
3.197121789533241554e-09
3.834545792003041242e-09
4.440135703553949043e-09
5.008255921090665197e-09
5.538017600059674805e-09
6.027688348453352774e-09
6.478463543402313007e-09
6.892629023091956242e-09
7.266335311228999672e-09
7.610386543177583007e-09
7.921600042593013313e-09
8.201183065992267984e-09
8.455433686549440608e-09
8.678412655171996448e-09
8.883834778927734988e-09
9.069134887518259802e-09
9.234247588807420470e-09
9.376777909686495605e-09
9.505109810348244537e-09
9.621647811819400431e-09
9.722168403669684267e-09
9.809202339283729088e-09
9.882751506040676759e-09
9.947463297521608183e-09
9.999811756422616327e-09
1.004155714134924438e-08
1.007619165882545076e-08
1.009736516621728697e-08
1.011220629454356867e-08
1.011793770988589358e-08
1.011654460203459394e-08
1.009816708030797372e-08
1.007818473119925784e-08
1.004547722782689334e-08
1.000579208376706219e-08
9.954842172810174361e-09
9.895172237150973160e-09
9.821199187243223605e-09
9.730696581833342407e-09
9.634868458618939258e-09
9.519869559326821218e-09
9.399074629712345086e-09
9.251150068223523704e-09
9.090191599447905446e-09
8.910273407991553540e-09
8.704572951323541474e-09
8.481434665696951924e-09
8.234713244625879724e-09
7.957814629477866220e-09
7.650273081694081156e-09
7.312968119954632584e-09
6.940675811861751754e-09
6.530813445593253164e-09
6.086215753597912226e-09
5.598607577539382874e-09
5.075285081090896711e-09
4.512152318447704147e-09
3.911168056092151346e-09
3.274161608501913179e-09
2.616201033589504732e-09
1.946544370134972723e-09
1.282025374749196089e-09
6.408250596834363932e-10
6.482314685030132750e-11
4.108020590365413227e-10
7.332697782302943779e-10
8.400538042963034968e-10
6.590168410980368208e-10
1.108748648448454333e-10
8.714599042392023875e-10
2.344075600291262163e-09
4.336715764274856610e-09
6.813772990277300323e-09
9.689379520949614744e-09
1.276596783839067939e-08
1.582524988830158463e-08
1.853307007859683608e-08
2.058615922173601120e-08
2.171601387601640454e-08
2.178719860079780801e-08
2.076820504459675476e-08
1.881056266306302405e-08
1.617306788492811620e-08
1.314118791562179922e-08
1.004943228632981800e-08
7.139978719372663818e-09
4.607098147424437684e-09
2.554462641413124402e-09
1.018599427027311322e-09
1.933120330477322568e-11
6.111059436264554279e-10
8.362567305297829989e-10
7.616162145396287997e-10
4.632473293852967799e-10
1.110223024625156540e-16
