0.000000000000000000e+00
1.425540079202924915e-06
2.485422061715425457e-06
3.294955248644981793e-06
3.922814620360703941e-06
4.411590979525037426e-06
4.794971278698767492e-06
5.107930034053964619e-06
5.367153658619727707e-06
5.577111842680615439e-06
5.751949104570996951e-06
5.898905102830198643e-06
6.023476449290576795e-06
6.129886502392878356e-06
6.221416995577655484e-06
6.299035210877157454e-06
6.369613838042020859e-06
6.428647031264667078e-06
6.483001279589117871e-06
6.529813877609313977e-06
6.571277254341367779e-06
6.608117726347728649e-06
6.639743546865695123e-06
6.667708841279207377e-06
6.696454249777161749e-06
6.719929089404885758e-06
6.739662617549768697e-06
6.759833093505918100e-06
6.776738570524187821e-06
6.790762539510275531e-06
6.805399156983860109e-06
6.817452884000374524e-06
6.826905729062637818e-06
6.836360478823522158e-06
6.845884516493150329e-06
6.853076187529616448e-06
6.858165122691772808e-06
6.864425271313479016e-06
6.868678206206624282e-06
6.872032621174639644e-06
6.874515597332653272e-06
6.874932301781377930e-06
6.876939690036998343e-06
6.876900003560670882e-06
6.876027593194500298e-06
6.874315577887202267e-06
6.870532693104003386e-06
6.867091439044514800e-06
6.862899798898425274e-06
6.858693549105510101e-06
6.851204067848115642e-06
6.843906084297302073e-06
6.836751018979292382e-06
6.827187153168878808e-06
6.815264687043409708e-06
6.804173439234340037e-06
6.789388673933416385e-06
6.775203779674221494e-06
6.758119936112194637e-06
6.737918282984090013e-06
6.717797439992345687e-06
6.692735996516319119e-06
6.666404853472585046e-06
6.637964084510450391e-06
6.602167457736562994e-06
6.564867136682472903e-06
6.525588234884693861e-06
6.476734262572669820e-06
6.424532178028741214e-06
6.363424853716992402e-06
6.293552763159127039e-06
6.213245899222563651e-06
6.120415775301424333e-06
6.012426369106371737e-06
5.885917533143825153e-06
5.736560466429452276e-06
5.556591080257966553e-06
5.342670943209171242e-06
5.080792265466094193e-06
4.766387553534201516e-06
4.367254922366115011e-06
3.869725126004475158e-06
3.226584340820792818e-06
2.400457109530407251e-06
1.302111498180380522e-06
1.587835312122365394e-07
2.118585818999818571e-06
4.763332571600109588e-06
8.255885612928892670e-06
1.260896514554410430e-05
1.734933357655510378e-05
2.128855286187558704e-05
2.275010140839750505e-05
2.099437965752404267e-05
1.691335996556464494e-05
1.216726903241482916e-05
7.883901353533673273e-06
4.476545832243772338e-06
1.904510219752353350e-06
1.041101094223506607e-09
