0.000000000000000000e+00
6.971931945876086445e-06
7.802232937059727647e-06
8.127173929506348315e-06
8.563365729186145359e-06
9.120683751140390427e-06
9.781397677377512423e-06
1.053120579053157257e-05
1.137253840632901358e-05
1.227652666124789960e-05
1.322876256060201428e-05
1.422971125319971719e-05
1.524843516742535598e-05
1.627220115330008099e-05
1.729021921315077037e-05
1.828419058003127873e-05
1.922139918542065118e-05
2.011603892670965621e-05
2.093893641741395584e-05
2.168325566842543850e-05
2.231952926223801370e-05
2.282470712822171066e-05
2.323428067108057604e-05
2.353651902253783845e-05
2.369557942794031646e-05
2.373588130144543840e-05
2.363878616740144878e-05
2.341313248577225892e-05
2.305187108064821189e-05
2.259427123540991289e-05
2.200592631429465484e-05
2.132391927223142858e-05
2.054132231088523497e-05
1.969332903051235206e-05
1.877578898790144279e-05
1.781037210568658935e-05
1.680006407789313982e-05
1.578035918903264445e-05
1.475141432549786913e-05
1.374506736939729024e-05
1.277190414250561901e-05
1.183762396639309600e-05
1.096825014934577069e-05
1.017303931116764204e-05
9.452673161325364504e-06
8.843409530001622443e-06
8.349992814959961152e-06
7.969630880011457918e-06
7.689576009051179994e-06
1.632811131802025528e-05
1.623449797005793727e-05
7.692955284799296578e-06
7.967825884636070555e-06
8.347985835599480708e-06
8.844290529497200737e-06
9.459328902727826005e-06
1.016151741173310086e-05
1.096047440996006372e-05
1.183348735545042274e-05
1.276117228543593995e-05
1.373901789725184841e-05
1.475262549999190043e-05
1.577120766971251697e-05
1.679492015205230615e-05
1.780256633099330799e-05
1.876626842800543926e-05
1.968423046727618697e-05
2.054205855472890363e-05
2.133483734489960426e-05
2.201700821724550394e-05
2.259052300834785143e-05
2.304502365624294669e-05
2.340229813091454503e-05
2.363281204786904510e-05
2.372731605781996933e-05
2.370184613054160394e-05
2.353949239541908156e-05
2.324156515365327635e-05
2.283317968743148185e-05
2.230682593762356447e-05
2.167226943228239833e-05
2.093323267726709958e-05
2.011785314826042281e-05
1.922678711996361756e-05
1.828594781672077119e-05
1.729275153061760051e-05
1.627728656328208956e-05
1.525100851484939568e-05
1.422812633511405522e-05
1.323549885967612028e-05
1.228059775204570769e-05
1.137685800944865377e-05
1.054247290854792851e-05
9.783411659469720689e-06
9.112872238703495498e-06
8.565384770009565329e-06
8.127756962128529494e-06
7.802169834092431699e-06
6.969091550845796235e-06
0.000000000000000000e+00
