0.000000000000000000e+00
8.585873123578835475e-10
8.968271680842576643e-10
9.606204720569166966e-10
1.046253639280791958e-09
1.154680906445548771e-09
1.285066497658249318e-09
1.432775009746478645e-09
1.596901944012074637e-09
1.773776125979509288e-09
1.960472784112710087e-09
2.155933764846906797e-09
2.356208339548970798e-09
2.556675759990412189e-09
2.755771277840324274e-09
2.949927746520586425e-09
3.134424275685887551e-09
3.308548657265930615e-09
3.468862197486544119e-09
3.612139365394284596e-09
3.736995601855142013e-09
3.840358364648466249e-09
3.919921165440598543e-09
3.978422369321776841e-09
4.008948395473055371e-09
4.016410981577678285e-09
3.996736053224481111e-09
3.952956628694437313e-09
3.882344556949135495e-09
3.792835268079386424e-09
3.676919435591230467e-09
3.543608073641735245e-09
3.390746017295498405e-09
3.223697753185206238e-09
3.044392737905354807e-09
2.855003788937438003e-09
2.657432607300336258e-09
2.457516079523713870e-09
2.256476783202288061e-09
2.058624160028443839e-09
1.867541121747251509e-09
1.685064643375255855e-09
1.514475100883316827e-09
1.358275603102754303e-09
1.218436129768463161e-09
1.098482749206652898e-09
1.001476235273912607e-09
9.268920075911069034e-10
8.753532343419578865e-10
8.499472237133431918e-10
8.500895543051001368e-10
8.754749147854568037e-10
9.267099310150683777e-10
1.001249194665376763e-09
1.098353741291191454e-09
1.218507850175853946e-09
1.357597700923918183e-09
1.513904890337869347e-09
1.684497541454277325e-09
1.866703125408264441e-09
2.057922166009973353e-09
2.256120623655988311e-09
2.456793990468497668e-09
2.656768360864703027e-09
2.854095737525597087e-09
3.043738261432338277e-09
3.222693889526340172e-09
3.390472680386835691e-09
3.543056625865403930e-09
3.676182802614391676e-09
3.792066771701740890e-09
3.881779675474206215e-09
3.952337901402813714e-09
3.996067809985959229e-09
4.015383026079177853e-09
4.008564591373442454e-09
3.977609353000843839e-09
3.919293001253265629e-09
3.839844220365762339e-09
3.736466358539303201e-09
3.611911325585026589e-09
3.468123010996748690e-09
3.308160856363429048e-09
3.133933557109003232e-09
2.949594568590896415e-09
2.755376482532767568e-09
2.556440725776099043e-09
2.355779349372255638e-09
2.155585820950989273e-09
1.960475115581061800e-09
1.773733049326153832e-09
1.596805465631234711e-09
1.432923779631778416e-09
1.284896078423969357e-09
1.154199291697466379e-09
1.046174369356833722e-09
9.605369832854648848e-10
8.967691034200697686e-10
8.583729282918284298e-10
0.000000000000000000e+00
