0.000000000000000000e+00
3.027316175518990349e-10
3.162140549406444734e-10
3.387085056871796951e-10
3.689059058231691779e-10
4.071354364754142807e-10
4.531042208100188873e-10
5.051892237872834812e-10
5.630557131652835778e-10
6.254201601052500337e-10
6.912527217295405535e-10
7.601693718939372957e-10
8.307852183975228400e-10
9.014671231710735810e-10
9.716674131965419292e-10
1.040127539653212807e-09
1.105178282223562292e-09
1.166572283217703898e-09
1.223099399538796206e-09
1.273615213293055604e-09
1.317642994713708049e-09
1.354086509586238662e-09
1.382140069061676968e-09
1.402766458546977901e-09
1.413530292815323719e-09
1.416158634803821315e-09
1.409226513260364300e-09
1.393785753478482548e-09
1.368890889530405275e-09
1.337333244144645050e-09
1.296457274868600962e-09
1.249454428808860484e-09
1.195553211985611597e-09
1.136652771904778092e-09
1.073435673681899516e-09
1.006657868174443138e-09
9.369944820036835154e-10
8.665036466126707637e-10
7.956193481817308566e-10
7.258588174963165329e-10
6.584857104030561459e-10
5.941426239886027361e-10
5.339978459417693557e-10
4.789203478239301148e-10
4.296137889880924376e-10
3.873180665081576990e-10
3.531147596547157264e-10
3.268164627812097933e-10
3.086457756040772438e-10
2.996877190852842432e-10
2.997366799206702126e-10
3.086900735027597875e-10
3.267491832659175088e-10
3.530349346192451776e-10
3.872749898548022429e-10
4.296422106975228417e-10
4.786824270297529438e-10
5.337938979721457144e-10
5.939453373571268457e-10
6.581878375655492164e-10
7.256121259402448231e-10
7.954948921806703765e-10
8.662489614508217528e-10
9.367630005030491702e-10
1.006338123943351093e-09
1.073201527646006070e-09
1.136301053250576842e-09
1.195459065073123384e-09
1.249260805913365857e-09
1.296200480283005163e-09
1.337058019856840474e-09
1.368691937564392447e-09
1.393571591457032355e-09
1.408989924733816679e-09
1.415800476856077239e-09
1.413394623561714525e-09
1.402483795764908336e-09
1.381918024456751937e-09
1.353904766077107524e-09
1.317455589067151323e-09
1.273539829149683555e-09
1.222837719971892056e-09
1.166433172272718366e-09
1.105003533119486292e-09
1.040007968633460678e-09
9.715295234968834848e-10
9.013861879125784071e-10
8.306330068208467310e-10
7.600458040712965158e-10
6.912508343503986907e-10
6.254055051613249816e-10
5.630238497644768358e-10
5.052409601802310135e-10
4.530490427256950170e-10
4.069619086166653688e-10
3.688777061583436989e-10
3.386794178439345160e-10
3.161949591046209207e-10
3.026585648768786996e-10
0.000000000000000000e+00
