0.000000000000000000e+00
7.420887597753278442e-07
8.255331300777157821e-07
8.930392427775046826e-07
9.729382548506748662e-07
1.072966785642393006e-06
1.195484127358703574e-06
1.334260256946606660e-06
1.486772146064296862e-06
1.651962863502554058e-06
1.826456221820649262e-06
2.008081320448162899e-06
2.194835237889769530e-06
2.382154661639823701e-06
2.568472204256266878e-06
2.750519841665521881e-06
2.921536729427742785e-06
3.084563001465312482e-06
3.233775235034208606e-06
3.369057923863216786e-06
3.484482325344373521e-06
3.581911542815952032e-06
3.656080866054622902e-06
3.709994562228757786e-06
3.740895675230504480e-06
3.745685893785655196e-06
3.728617836706860089e-06
3.686162065807963018e-06
3.621898502892406668e-06
3.536187131336632206e-06
3.429101509633269984e-06
3.304329598163846526e-06
3.161351576852489131e-06
3.005303698011552171e-06
2.837027954116777551e-06
2.660519203945277411e-06
2.475817898917043181e-06
2.288394670202364978e-06
2.102109046497879774e-06
1.916970029380848928e-06
1.738112552329695859e-06
1.568431571841166772e-06
1.408611152831085178e-06
1.262518877664930983e-06
1.134150401371769590e-06
1.021707420556516865e-06
9.310152053743081524e-07
8.615067471628989892e-07
9.725171399299625818e-07
1.563870154208668595e-06
1.698980036490826961e-06
9.714572839492063849e-07
8.616953923734627097e-07
9.312138291583949012e-07
1.021320532923475355e-06
1.132706468398581023e-06
1.264426988001332575e-06
1.409800445273390324e-06
1.568874280155618806e-06
1.739553048829556303e-06
1.917615707114350698e-06
2.101677235799570553e-06
2.289291479717903144e-06
2.476264875372891083e-06
2.661639454393238680e-06
2.838215572009694654e-06
3.005266656197491670e-06
3.161219256475611417e-06
3.303870584558943335e-06
3.429058882176150291e-06
3.536216696242711066e-06
3.621433193323753130e-06
3.686201700325852926e-06
3.728646711498306843e-06
3.746312901675707963e-06
3.740378792360665727e-06
3.710723501582080530e-06
3.656141148833391696e-06
3.581488164927648654e-06
3.484923414953655652e-06
3.368955015403685138e-06
3.233847800765410341e-06
3.085020458204468241e-06
2.921342758144263030e-06
2.749773040489067455e-06
2.567661314456515242e-06
2.381495051939630514e-06
2.194191326410077636e-06
2.008346425941276436e-06
1.825472924932292074e-06
1.651386815071376191e-06
1.486087047752882029e-06
1.332124317188210227e-06
1.195144363697053791e-06
1.074488788166405584e-06
9.726075363980513089e-07
8.929486994269097977e-07
8.241370003103654085e-07
7.672332222319333539e-07
0.000000000000000000e+00
