0.000000000000000000e+00
2.773751195395135483e-08
3.627863010002840838e-08
4.306734724401906078e-08
4.838640454973841543e-08
5.251100054781687732e-08
5.568960237400943925e-08
5.816912673761720498e-08
6.009309649890326455e-08
6.161951526806319634e-08
6.281983522260503605e-08
6.377861849760080304e-08
6.454522394339079483e-08
6.515734096712577639e-08
6.565813659431540827e-08
6.606772517958603430e-08
6.639364058536045832e-08
6.666626128914998617e-08
6.688510045815831973e-08
6.706602173611742046e-08
6.722454426455470866e-08
6.734677493458463005e-08
6.745287373099984052e-08
6.754262282804290862e-08
6.762062942922142383e-08
6.767842275490210113e-08
6.773285299299658391e-08
6.777548600123139977e-08
6.781299111136007696e-08
6.784387884817277836e-08
6.787296069621362449e-08
6.789001660845173092e-08
6.790383222377016637e-08
6.792053730553249125e-08
6.792983431314070231e-08
6.794683937716428090e-08
6.795109219748241003e-08
6.796268536835015084e-08
6.796289919730469364e-08
6.796887785931460257e-08
6.797430407434745803e-08
6.797708740347019329e-08
6.797745488729134422e-08
6.797423468540841895e-08
6.797768570265816379e-08
6.797430518457048265e-08
6.796990825730375718e-08
6.796255958008146081e-08
6.795768991985084995e-08
6.795170903739489177e-08
6.794473483839880146e-08
6.793196072329976687e-08
6.791715334575343377e-08
6.790374784682029485e-08
6.788936990353988676e-08
6.787131356933429061e-08
6.784292361228239088e-08
6.781085826190746957e-08
6.777128447321700833e-08
6.772953964340189259e-08
6.767862248402423120e-08
6.761204118799213347e-08
6.754036918632522202e-08
6.744562330851522347e-08
6.734121282825356047e-08
6.721387235675280181e-08
6.705631783177068428e-08
6.686984965753595134e-08
6.664562524072437100e-08
6.636589033881534760e-08
6.603556212958494598e-08
6.561811372041148616e-08
6.511022643262975862e-08
6.447843536871999959e-08
6.370284977297302476e-08
6.272169517096415348e-08
6.149694342649780765e-08
5.994341911730316497e-08
5.796806590296910144e-08
5.542928527280110984e-08
5.217307441629515097e-08
4.794826014009601067e-08
4.250239782344067407e-08
3.556381467095803828e-08
2.684669553332241776e-08
3.476903037702427923e-08
5.459762753012853409e-09
3.165570583441024155e-09
2.133006327120767764e-09
1.998004195424840646e-08
7.175999161557200523e-08
1.369289264196993372e-07
1.665380007231931359e-07
1.312548784104805577e-07
6.563706023143822677e-08
1.656143311379310035e-08
2.967022183497647347e-09
2.628345763255879319e-09
6.440741828761531451e-09
2.949998914852230980e-15
