0.000000000000000000e+00
9.247291998804030300e-08
1.709563584029183403e-07
2.339892943847843298e-07
2.833843563143645383e-07
3.215476862550303849e-07
3.509878085949935667e-07
3.737813555337865523e-07
3.914373537527993108e-07
4.052285823563650524e-07
4.160142608178318824e-07
4.244505065198467264e-07
4.312028328845585179e-07
4.365264996142315113e-07
4.407431295483377198e-07
4.441131614685289719e-07
4.468397231116583157e-07
4.490895848530129797e-07
4.507623279081940382e-07
4.522276153551274547e-07
4.533850480603618394e-07
4.542834232124093319e-07
4.550694321370230000e-07
4.555946047091197215e-07
4.560934887543055538e-07
4.564109075122502190e-07
4.567478695260973609e-07
4.569977840596095575e-07
4.571711811340861686e-07
4.573140836017230981e-07
4.574492747932978887e-07
4.575581942223294618e-07
4.575283863994528133e-07
4.576057219818352451e-07
4.576656962296254960e-07
4.576318941573731536e-07
4.576708856340871989e-07
4.576619254681446591e-07
4.576239648335089782e-07
4.577163603691758453e-07
4.576261147803961649e-07
4.576952580270798876e-07
4.576938487099724284e-07
4.577349888013060308e-07
4.576954723001236403e-07
4.577425800622592078e-07
4.576731069683148689e-07
4.576274930112589345e-07
4.576648322540677327e-07
4.576481802409659849e-07
4.576316892102028078e-07
4.576403356271185885e-07
4.576325343119691524e-07
4.575251056904150460e-07
4.575159830988440035e-07
4.573719273315290934e-07
4.573469065682900236e-07
4.571093799032865945e-07
4.569799278986153013e-07
4.567170017732991028e-07
4.564295672526696990e-07
4.560128611386105035e-07
4.555363948277602049e-07
4.549009444687612813e-07
4.542601211854346843e-07
4.532277958491093273e-07
4.521085118502909950e-07
4.506531492420862151e-07
4.488004589076055595e-07
4.466165525185417096e-07
4.438217519053822002e-07
4.404125424350979756e-07
4.360856286078629296e-07
4.306462662029275634e-07
4.237281019392469261e-07
4.151160039045365124e-07
4.040888236245265830e-07
3.899533205231620059e-07
3.718529651974833428e-07
3.485244801648690327e-07
3.183178018950627575e-07
2.792231225123842364e-07
2.287588487526193148e-07
1.642139246804674713e-07
8.417162433715930092e-08
9.211887364024562430e-09
1.039399183389022596e-07
1.646438796409910310e-07
1.129864017901383022e-07
1.749256879346461346e-07
7.842379730060855536e-07
1.527753541452625541e-06
1.861868374808395288e-06
1.464341382706457750e-06
7.135470732055892995e-07
1.333602102082664942e-07
1.261440742972297357e-07
1.619290416199348215e-07
9.580907078809985933e-08
2.220446049250313081e-16
