0.000000000000000000e+00
1.581539343931126496e-10
2.218599748360361446e-10
2.876694438214144611e-10
3.530231662551841509e-10
4.169545819721065527e-10
4.785587481848097013e-10
5.368649969028638225e-10
5.912017542186731589e-10
6.419124121137542716e-10
6.884056658051918021e-10
7.309803873312148426e-10
7.704054061363763140e-10
8.064079404235258153e-10
8.388416627980177509e-10
8.683204155701673699e-10
8.950542529362337518e-10
9.192197003571322966e-10
9.409962808959448921e-10
9.603855488649060135e-10
9.776932596849974288e-10
9.935648970227362042e-10
1.007422811838409871e-09
1.019960338410896838e-09
1.030864504869555276e-09
1.040466601764933330e-09
1.049152320575785780e-09
1.056417953115840191e-09
1.062191445910798393e-09
1.067210764205128726e-09
1.071568611621387390e-09
1.074905275899595836e-09
1.076942091060573148e-09
1.078191202985578911e-09
1.078909406260208925e-09
1.078308109470071940e-09
1.077044453623443587e-09
1.075109001824614552e-09
1.071901456484170012e-09
1.067773647278613680e-09
1.062953280950296175e-09
1.057190557318676838e-09
1.050172837580021223e-09
1.041466690665515671e-09
1.032336882644813159e-09
1.021424056446562645e-09
1.009044292565874912e-09
9.954440605142167442e-10
9.799836497847991268e-10
9.626813790575283747e-10
9.434786285567042796e-10
9.223425356807979369e-10
8.981229093762976845e-10
8.718828992115845722e-10
8.425633524211662007e-10
8.105082160980714434e-10
7.750793340477457605e-10
7.360638765163685093e-10
6.941335284338379097e-10
6.478861891423548514e-10
5.978407768836291325e-10
5.435859540270371326e-10
4.861353541940616196e-10
4.244410378717589083e-10
3.608813248234810089e-10
2.957265543557241472e-10
2.298790047206011877e-10
1.655098280650690867e-10
8.879952329010620815e-11
5.508782319196825483e-11
1.677236127761716489e-11
3.642086632282826031e-12
1.925126724700021441e-13
3.608824350465056341e-11
1.086926104676422256e-10
2.235998053379262274e-10
3.839288886808844836e-10
5.871956254566157440e-10
8.257456940441443294e-10
1.083702128035213264e-09
1.339986344106591787e-09
1.568684848685109046e-09
1.741955357736912902e-09
1.838671992437923564e-09
1.844262409456121077e-09
1.757936463064879717e-09
1.593552068079873152e-09
1.369745983303971570e-09
1.114631720255943037e-09
8.564808862132622380e-10
6.141376296397993428e-10
4.060843883380016450e-10
2.412187116718200741e-10
1.205423538763739089e-10
4.296429878536400793e-11
2.460587289476734441e-12
4.772737760561085452e-12
1.321753817506987616e-11
4.935984954101968469e-11
0.000000000000000000e+00
