0.000000000000000000e+00
7.267892661033670265e-07
8.788453105257332254e-07
9.996952901047961859e-07
1.094573807702836632e-06
1.167812056723782632e-06
1.224551030132303708e-06
1.268541631627151389e-06
1.302996922580845762e-06
1.330036087709984827e-06
1.351419750106330753e-06
1.368491989839348832e-06
1.382057320586937976e-06
1.393070005240026887e-06
1.401954544122396840e-06
1.409187721512772384e-06
1.415044143970867196e-06
1.419887775355732629e-06
1.423779507070399575e-06
1.427079944216202989e-06
1.429802065522345345e-06
1.432114922317317962e-06
1.434008904843686594e-06
1.435513422909373560e-06
1.436919569219874404e-06
1.437986607788488413e-06
1.438859722258101215e-06
1.439594369712082766e-06
1.440363237570352339e-06
1.440885277093073569e-06
1.441315853112357104e-06
1.441707335292363723e-06
1.441925008949240805e-06
1.442163004350405231e-06
1.442486954550403766e-06
1.442639008586432681e-06
1.442835606324521791e-06
1.442964773779031873e-06
1.443079087448673192e-06
1.443072515039389714e-06
1.443195603134661553e-06
1.443195977834932364e-06
1.443281209767555140e-06
1.443280485569076177e-06
1.443162825021104823e-06
1.443217734875545943e-06
1.443089782782180919e-06
1.443018960989306265e-06
1.442917694882694946e-06
1.442852255784110582e-06
1.442708643328849405e-06
1.442399975015717928e-06
1.442165719955923464e-06
1.441949412317455881e-06
1.441704345461758408e-06
1.441343751462653699e-06
1.440932487994928124e-06
1.440270430030921034e-06
1.439545159409583164e-06
1.438872734516039031e-06
1.437947765081659668e-06
1.436831404855176686e-06
1.435433902741145573e-06
1.433857124366610947e-06
1.431905250259823958e-06
1.429685845377726139e-06
1.426790086300755434e-06
1.423541224676583283e-06
1.419497961396842811e-06
1.414687746059684059e-06
1.408593079399445003e-06
1.401281282564781350e-06
1.392170586478336247e-06
1.381085933949144362e-06
1.367148992237332550e-06
1.349736523770239671e-06
1.327933809358583517e-06
1.300178985697009182e-06
1.265139224604361345e-06
1.219905083393868495e-06
1.161785171843732201e-06
1.086827601470830018e-06
9.898837447508412879e-07
8.668852641280366811e-07
7.118490897850549004e-07
1.178652333455598722e-06
3.314642906815379320e-07
1.786549050919461479e-07
1.961361759672541893e-07
5.871471008278561499e-07
1.508932127025630621e-06
2.671781567431530391e-06
3.197713143276992298e-06
2.570822168590503054e-06
1.401491351749051262e-06
5.281077353203045277e-07
1.792253077059768884e-07
1.859392364522705066e-07
3.476847754146916714e-07
4.819278656698067209e-16
