0.000000000000000000e+00
2.060526824387842737e-06
2.491709248042539571e-06
2.834410884999805091e-06
3.103468392828823141e-06
3.311160266306067967e-06
3.472063964671256997e-06
3.596815664308472549e-06
3.694526866548919486e-06
3.771206964375828363e-06
3.831848807256399425e-06
3.880263996669519599e-06
3.918733942342988996e-06
3.949964874849776209e-06
3.975160589142490153e-06
3.995673177770164841e-06
4.012281423215746656e-06
4.026017473068854713e-06
4.037053995764594561e-06
4.046413702440965210e-06
4.054133335262832816e-06
4.060692348262229245e-06
4.066063434615685424e-06
4.070330028915769560e-06
4.074317705549113100e-06
4.077343650266129771e-06
4.079819666102935116e-06
4.081902979180540569e-06
4.084083406241667547e-06
4.085563776290435101e-06
4.086784810564125792e-06
4.087894973192618409e-06
4.088512198685556598e-06
4.089187101041780181e-06
4.090105788501219308e-06
4.090536951717460568e-06
4.091094460312305614e-06
4.091460740762720150e-06
4.091784922333197017e-06
4.091766245717387562e-06
4.092115326037593093e-06
4.092116370979503870e-06
4.092358090401759796e-06
4.092356042595390875e-06
4.092022343415990804e-06
4.092178105152832757e-06
4.091815232198925401e-06
4.091614417056632647e-06
4.091327253541443554e-06
4.091141729944958172e-06
4.090734492923076004e-06
4.089859133582507411e-06
4.089194854395294954e-06
4.088581482486475238e-06
4.087886567805121274e-06
4.086864025421022006e-06
4.085697784539377153e-06
4.083820286937545063e-06
4.081763540608740470e-06
4.079856713690155345e-06
4.077233659138812527e-06
4.074067842085860036e-06
4.070104724029910415e-06
4.065633217531505750e-06
4.060097954283747868e-06
4.053804031234342631e-06
4.045592006174381083e-06
4.036378655314365460e-06
4.024912444000605660e-06
4.011271258486104330e-06
3.993987453543290655e-06
3.973252041822306069e-06
3.947415103233709033e-06
3.915980343771607863e-06
3.876456806994887927e-06
3.827077168505610416e-06
3.765247497455881387e-06
3.686538577407638684e-06
3.587171078955897485e-06
3.458894385466315669e-06
3.294076965310033245e-06
3.081513209490793770e-06
2.806605019611829732e-06
2.457821080992239615e-06
2.018205562004382614e-06
3.562450610422596142e-06
9.397768764296543509e-07
5.068335398039636175e-07
5.571844279295135038e-07
1.667289064033461443e-06
4.282683452427882287e-06
7.580903178761033701e-06
9.072156299860800743e-06
7.294118398393223401e-06
3.977289729562016873e-06
1.499241187641331408e-06
5.088157676302884624e-07
5.272480577689364623e-07
9.856376678163414340e-07
1.446054647552541539e-15
