0.000000000000000000e+00
8.292624344985455309e-07
1.002744742684136270e-06
1.140623071549384804e-06
1.248869976322453113e-06
1.332427184030926526e-06
1.397160219518411850e-06
1.447348588645702705e-06
1.486658205540614119e-06
1.517506734383111677e-06
1.541903071333727837e-06
1.561380504444542794e-06
1.576856897500533705e-06
1.589421052994310912e-06
1.599557262199624574e-06
1.607809536618987067e-06
1.614490956702852031e-06
1.620017021197739382e-06
1.624457035109827530e-06
1.628222360938735847e-06
1.631327991247211173e-06
1.633966674630116245e-06
1.636127489712535521e-06
1.637844032731372579e-06
1.639448203638593782e-06
1.640665643787286854e-06
1.641661705464869669e-06
1.642499930953889020e-06
1.643377023685665961e-06
1.643972697973339336e-06
1.644463940797535884e-06
1.644910493814322194e-06
1.645158911212085684e-06
1.645430440788686610e-06
1.645799930671820732e-06
1.645973501718245302e-06
1.646197715587938148e-06
1.646345074157729016e-06
1.646475479510911555e-06
1.646468075766627237e-06
1.646608405847516110e-06
1.646608851268993590e-06
1.646706069280412521e-06
1.646705259261693755e-06
1.646571095470505952e-06
1.646633641549932747e-06
1.646487737816393349e-06
1.646406935451594222e-06
1.646291415968725858e-06
1.646216677864131839e-06
1.646052809722853283e-06
1.645700745789291375e-06
1.645433479913194219e-06
1.645186672338816436e-06
1.644907016706831371e-06
1.644495616348606859e-06
1.644026381475427456e-06
1.643271119400324665e-06
1.642443681060257177e-06
1.641676423247417915e-06
1.640621154042065655e-06
1.639347481763309133e-06
1.637753103134187427e-06
1.635954149370455468e-06
1.633727296557196951e-06
1.631195196694079641e-06
1.627891508815260124e-06
1.624184866266809024e-06
1.619572006505975992e-06
1.614084031986706691e-06
1.607130769465392461e-06
1.598788747614321437e-06
1.588394525797731660e-06
1.575748091564577180e-06
1.559847647047973851e-06
1.539981850706695354e-06
1.515107313498909036e-06
1.483442123473288632e-06
1.443465284411971084e-06
1.391857852972577803e-06
1.325548711239576960e-06
1.240028856264174806e-06
1.129424421431046710e-06
9.890905964260454653e-07
8.122038088753669172e-07
1.315978000848705420e-06
3.782019598608243882e-07
2.038550676042305554e-07
2.238149306998948873e-07
6.699865474635302576e-07
1.721719411706956748e-06
3.048233518376797235e-06
3.648029154090792758e-06
2.933040857522328793e-06
1.599163482635113098e-06
6.027005908793015010e-07
2.045905720393648153e-07
2.122128150983115802e-07
3.967391311032741896e-07
9.640725717741105427e-16
