0.000000000000000000e+00
2.239454321983913587e-08
3.178201402054270375e-08
3.163313022636060623e-08
2.459383452446672891e-08
1.470523813829061055e-08
2.205207572103518032e-09
1.076778421982282907e-08
2.591901748782987625e-08
4.123946650835819128e-08
5.527069035782261608e-08
6.774106875440111253e-08
7.993397477257246919e-08
9.174551518498219593e-08
1.019186489648049587e-07
1.104626982106893252e-07
1.182462954218976847e-07
1.248036118894901847e-07
1.314871408419904242e-07
1.376241228756569512e-07
1.423926561106014788e-07
1.463380890909249388e-07
1.499281574446342802e-07
1.527949852198062786e-07
1.563082031585949494e-07
1.582027688851184166e-07
1.605202928356419534e-07
1.611480153762556711e-07
1.626507011298627958e-07
1.653640042675874611e-07
1.662531337043304802e-07
1.660271327086348947e-07
1.662485792364165604e-07
1.662268969138125385e-07
1.663695963216582641e-07
1.651690597626043200e-07
1.667172817576556554e-07
1.659116508623270647e-07
1.648652165897601662e-07
1.632830654019201688e-07
1.621989186295635932e-07
1.617768987660639368e-07
1.604524075826674334e-07
1.571126884147844294e-07
1.568648932970262422e-07
1.541241684277494528e-07
1.504007225427983485e-07
1.469726340630472805e-07
1.426334919063521056e-07
1.378234456561600041e-07
1.327170064957527984e-07
1.264822160340628443e-07
1.189444639448922203e-07
1.123213081433149796e-07
1.030715326422182443e-07
9.248154242413875181e-08
8.109341687045912295e-08
6.841483424224747978e-08
5.650039180959964824e-08
4.265439990103203627e-08
2.799945408860082807e-08
1.182656594878039868e-08
1.267096316759364072e-09
1.528375814796589793e-08
2.551363775804560419e-08
3.187769503920634406e-08
3.334834608459402716e-08
2.438029855778012234e-08
4.747469195542919351e-09
3.125474334897404560e-08
8.876977386496065492e-08
1.757980873096087748e-07
2.932139893108143269e-07
4.542282655561891147e-07
6.617572847478214726e-07
9.206947877427040794e-07
1.229434426264219837e-06
1.585622920186047224e-06
1.974885782018986902e-06
2.374413026084987166e-06
2.756680558935187264e-06
3.086742262126129788e-06
3.339884621755828675e-06
3.471238378294216886e-06
3.484953353671826903e-06
3.358915227291703332e-06
3.129860049355670526e-06
2.799317210144813828e-06
2.425253257110071559e-06
2.024860883853563109e-06
1.632298042064661558e-06
1.271312805362079246e-06
9.584760020109328593e-07
6.928481985912782193e-07
4.785189897660302449e-07
3.131392376509722908e-07
1.891854511937296479e-07
9.983587934137005959e-08
3.925636293811152200e-08
0.000000000000000000e+00
