0.000000000000000000e+00
1.019030837490220165e-08
1.484625200554035018e-08
1.440406693919982217e-08
1.146902717241715663e-08
6.593941281884951877e-09
4.916136386867719921e-10
5.984676865189442196e-09
1.308842723091174776e-08
1.990363374115844408e-08
2.658119202525455194e-08
3.266272063928710168e-08
3.827700301162195728e-08
4.373828466075480037e-08
4.842919287817437635e-08
5.301814309799368630e-08
5.652698731317684633e-08
6.030567356596350237e-08
6.302448596340326503e-08
6.553741072057306383e-08
6.763241433560551741e-08
7.001209689772025513e-08
7.168765436826873838e-08
7.317137684648145068e-08
7.468161089541069941e-08
7.599468332397663062e-08
7.651343170156366114e-08
7.741295415808480129e-08
7.771308263571086172e-08
7.834987669763648910e-08
7.886702513282273230e-08
7.925247980100635914e-08
7.960996828426658567e-08
7.947053026757799898e-08
7.949583669120130480e-08
7.954539349430689299e-08
7.944822122407657616e-08
7.954023073519778109e-08
7.909694654806287417e-08
7.842629579091209280e-08
7.794504885971775821e-08
7.754650421798459092e-08
7.691280623500773572e-08
7.568507631727783291e-08
7.476804975148354515e-08
7.389940392954486015e-08
7.205473040450272038e-08
7.002761293062320647e-08
6.789919093641572090e-08
6.616886549792866390e-08
6.387112672090466958e-08
6.072419556080177472e-08
5.738499309071443122e-08
5.331587493717648840e-08
4.897347127830187219e-08
4.469787995287077820e-08
3.923879865475043971e-08
3.340152576747357216e-08
2.737361082250089339e-08
2.079470695637297695e-08
1.386725345664530096e-08
7.175634642031525345e-09
3.073541421372283367e-10
5.862502705511474232e-09
1.096871138361876774e-08
1.403838689739700385e-08
1.427340101667340377e-08
1.039061947594177582e-08
9.813941881375853882e-10
1.630455648271578184e-08
4.337745163063289056e-08
8.441895738009463912e-08
1.409531393825602663e-07
2.162119395743289374e-07
3.143229977409234266e-07
4.376824532803524903e-07
5.852677950057838530e-07
7.524425985616645107e-07
9.349817856607600675e-07
1.123009782721950955e-06
1.301779028684002526e-06
1.461047010931082468e-06
1.578601708018823047e-06
1.649254129598709540e-06
1.652707367072459022e-06
1.588588972367688257e-06
1.477399291682779392e-06
1.322547255266925958e-06
1.145021027992854101e-06
9.571474671732360662e-07
7.729490933972016364e-07
6.018548409647550557e-07
4.536616715622443508e-07
3.277944397028775825e-07
2.269224306239436828e-07
1.486749374723927986e-07
8.878207624629652628e-08
4.736222958268143657e-08
1.818812878084941076e-08
0.000000000000000000e+00
