0.000000000000000000e+00
4.924172403164561729e-08
5.576014705521714632e-08
5.712182482575656195e-08
5.748981291020527351e-08
5.759517340830910825e-08
5.761913990376399397e-08
5.761398724768440616e-08
5.760032950608007241e-08
5.758469290295664678e-08
5.756897092368262747e-08
5.755469612012120706e-08
5.754171772398564144e-08
5.753019938214976037e-08
5.752015075355387808e-08
5.751145559784731631e-08
5.750389764358487810e-08
5.749699849566525245e-08
5.749093290319251537e-08
5.748541931360762192e-08
5.748069875632921821e-08
5.747640163811240654e-08
5.747258247090769601e-08
5.746931630579155126e-08
5.746604536671640062e-08
5.746321340982518677e-08
5.746066589207288189e-08
5.745827436065553684e-08
5.745639364285182182e-08
5.745436137960524547e-08
5.745272113610866427e-08
5.745103381915583896e-08
5.744969866494642474e-08
5.744847109134809671e-08
5.744710107613570926e-08
5.744620601433325646e-08
5.744524267381478921e-08
5.744449260713935246e-08
5.744360931370096068e-08
5.744304176769077230e-08
5.744231690307799454e-08
5.744180009426003153e-08
5.744136055696458243e-08
5.744119202510944433e-08
5.744069053736922115e-08
5.744044218047861250e-08
5.744009567987262699e-08
5.744013642505763073e-08
5.744021147613409539e-08
5.744008224617402902e-08
5.744025310949751884e-08
5.744022812947946477e-08
5.744056230660987694e-08
5.744047015809883305e-08
5.744097331117359317e-08
5.744132336449325749e-08
5.744173003918717768e-08
5.744221676096117335e-08
5.744277842278933122e-08
5.744343700708753886e-08
5.744419873110473418e-08
5.744521480721687112e-08
5.744600595214421901e-08
5.744704456578375584e-08
5.744818776243221237e-08
5.744941278251758376e-08
5.745086884001437966e-08
5.745241959953517608e-08
5.745401931989135846e-08
5.745599807038814788e-08
5.745810216506441748e-08
5.746030551367908856e-08
5.746291276143011828e-08
5.746578002341351521e-08
5.746884168544852400e-08
5.747211839768340269e-08
5.747567988212409773e-08
5.747992559701486925e-08
5.748503539848570654e-08
5.749036402491469744e-08
5.749626330597834567e-08
5.750285769767771171e-08
5.751035403456228323e-08
5.751878462412207682e-08
5.752881659937258974e-08
5.753976162203855438e-08
5.755270116036825812e-08
5.756679921642415820e-08
5.758195509297792114e-08
5.759803245464212296e-08
5.761243715429742451e-08
5.761944299464971664e-08
5.760247900887804917e-08
5.751526188646494120e-08
5.721008866643728652e-08
5.610271514022713291e-08
5.107534106763012005e-08
1.542493932582544858e-08
3.343283786483297604e-07
2.220446049250313081e-16
