0.000000000000000000e+00
5.093343513618009410e-08
7.710720473230736616e-08
9.348841867318213872e-08
1.051867907220227494e-07
1.154201890729567026e-07
1.237397807551943174e-07
1.317068253348097073e-07
1.394328373871545068e-07
1.467803143473389582e-07
1.539152930662979202e-07
1.604632107188308510e-07
1.663642870131099016e-07
1.721989874026164102e-07
1.772507614017371225e-07
1.822388572270128293e-07
1.869093966266888174e-07
1.911036167090429672e-07
1.949891456076713325e-07
1.986675952636574038e-07
2.019576702538827817e-07
2.050218945726101083e-07
2.079558302225947841e-07
2.105737111346428492e-07
2.129270070261313208e-07
2.150558074953679011e-07
2.172231773345245642e-07
2.188955877668874450e-07
2.205315903225368857e-07
2.221349911790682086e-07
2.235683291829104746e-07
2.249292140321657030e-07
2.259981151109258235e-07
2.270227763556675882e-07
2.278647202036410135e-07
2.286740891088712146e-07
2.292912837376093194e-07
2.298388104282622635e-07
2.303757787869287199e-07
2.307632350762034434e-07
2.310608063771368847e-07
2.313218623317681022e-07
2.313416204158258438e-07
2.313062222869533002e-07
2.311748331651486410e-07
2.309539627320944533e-07
2.305579622774445170e-07
2.301910974056298187e-07
2.297678816098880361e-07
2.292084401167571173e-07
2.286062152911938483e-07
2.277991218990749189e-07
2.269372675334224709e-07
2.257575391073629589e-07
2.245977884784977618e-07
2.232947733382673050e-07
2.220434882627131401e-07
2.202129415485032382e-07
2.184988272535548504e-07
2.168821735537562745e-07
2.148220050735005771e-07
2.125246246764689317e-07
2.100748212052749864e-07
2.075137432999696330e-07
2.045185211185795993e-07
2.013633398911807149e-07
1.980602751805449202e-07
1.941049160292251941e-07
1.900552669686916829e-07
1.859741912690893173e-07
1.814487742279879967e-07
1.764717234564727733e-07
1.711445287710944285e-07
1.654004342377390913e-07
1.587712378237071675e-07
1.520890223760673621e-07
1.455608003020358865e-07
1.381436519620748982e-07
1.301596294078777305e-07
1.219689703679804893e-07
1.130735175491892619e-07
1.031524222705471061e-07
9.103903375606847703e-08
7.402095680841824787e-08
4.551712406986041515e-08
7.767959941951119163e-09
1.176714471418094377e-07
3.441286328120796156e-07
8.007338399007579710e-07
1.639226886562816787e-06
2.910505801811957838e-06
4.247391780287657070e-06
4.826040909455819872e-06
4.144572324449313783e-06
2.786970353718665194e-06
1.542096883633270465e-06
7.462034592453647974e-07
3.162680911605875167e-07
1.033491772162165034e-07
2.553512956637860043e-15
