0.000000000000000000e+00
2.517686059633206241e-11
9.807943346373804161e-11
2.179300073734680154e-10
3.835016748610087234e-10
5.920012258187057341e-10
8.422357256065993170e-10
1.126969406683997477e-09
1.442189589972997510e-09
1.783646452757636780e-09
2.145007282905453394e-09
2.520722630627858507e-09
2.905760188021133672e-09
3.295388517621233859e-09
3.677566473569982008e-09
4.050418778156483768e-09
4.406390030631257559e-09
4.744314052729237119e-09
5.051404960987326831e-09
5.324571339393457947e-09
5.566951677415943323e-09
5.764643429273519359e-09
5.920604451148392400e-09
6.030243748789132496e-09
6.090718596141186936e-09
6.103083594055647154e-09
6.064194812971379633e-09
5.980006601014054013e-09
5.849548734282450368e-09
5.673617908819039712e-09
5.451553541924170077e-09
5.193677488080084004e-09
4.901719363736845025e-09
4.578460610638046546e-09
4.232767802925252454e-09
3.867129172441252649e-09
3.488242250604400851e-09
3.101485623879796094e-09
2.714661384572991665e-09
2.333297111078991293e-09
1.963401330407066325e-09
1.609691491211151515e-09
1.281985850809519434e-09
9.817152646363069834e-10
7.149459912980660192e-10
4.855923441127174556e-10
2.961453304806127562e-10
1.524186332702015534e-10
5.500333521979428042e-11
6.650346939807150193e-12
7.285061442985352187e-12
5.626399346425614567e-11
1.527045156990425312e-10
2.957779576817642919e-10
4.832338973415062355e-10
7.129715706710726408e-10
9.814250523376699675e-10
1.281277639542111046e-09
1.610652611283569513e-09
1.962467188754146719e-09
2.332422588402494057e-09
2.712364444157344678e-09
3.101258139182050400e-09
3.488094257875218318e-09
3.865260556068506048e-09
4.231932027032314636e-09
4.578475376604274061e-09
4.901901440312883551e-09
5.192548502286342682e-09
5.450175311061400407e-09
5.670578118177616034e-09
5.848045825374015294e-09
5.981356077100485891e-09
6.066038005236862318e-09
6.103474059493407822e-09
6.090367654643102924e-09
6.028370247435077545e-09
5.920199219744404218e-09
5.765655841649675040e-09
5.567169503173374778e-09
5.327137730937181459e-09
5.051564389013663003e-09
4.741942172259427934e-09
4.408136855538202781e-09
4.050556445811537287e-09
3.678970128540015594e-09
3.294726158564742491e-09
2.907530993745410797e-09
2.522499764623375995e-09
2.146071431674556607e-09
1.782968994668010509e-09
1.442212904656514638e-09
1.127173243631318655e-09
8.431887410509375513e-10
5.948527226351529862e-10
3.850241236946772005e-10
2.178609515013363307e-10
9.688538860075368575e-11
2.396405296423154141e-11
0.000000000000000000e+00
