0.000000000000000000e+00
1.154284223758850203e-09
4.646907414418421922e-09
1.041439334770188907e-08
1.838502161621846653e-08
2.844462299034233865e-08
4.042850398899844322e-08
5.404432079636478647e-08
6.915240524651977694e-08
8.549949703784420763e-08
1.028788951806802743e-07
1.208857240975191871e-07
1.393758959356006244e-07
1.580354257457727840e-07
1.764613759558386619e-07
1.941970586560870515e-07
2.113692992855575881e-07
2.274337755903133029e-07
2.422394602685784548e-07
2.554627913653462201e-07
2.669658428766652492e-07
2.764911963826222063e-07
2.839650889985279036e-07
2.891872890042890276e-07
2.920569379671889010e-07
2.927430247101625582e-07
2.909354488433990582e-07
2.869973966257433062e-07
2.805083244572514900e-07
2.719789679028750129e-07
2.614768100928088757e-07
2.490883811434585482e-07
2.350818344432070717e-07
2.196393283915298866e-07
2.029688894733538973e-07
1.854383493427036456e-07
1.674077467761492244e-07
1.488331651255947463e-07
1.301605536685457309e-07
1.119524558612638998e-07
9.421815783117182264e-08
7.735328222402415577e-08
6.159936960514755810e-08
4.720411173053662424e-08
3.436013440438756561e-08
2.330537973715962607e-08
1.431834673049081630e-08
7.412471414447452389e-09
2.823918987537865632e-09
4.943138121049628353e-10
4.536958586598416332e-10
2.787002517656844702e-09
7.478405894545403498e-09
1.436603469517905296e-08
2.343273619587193934e-08
3.438859430549001672e-08
4.719212221004909225e-08
6.159325416366101535e-08
7.733264695275465783e-08
9.427879021917107139e-08
1.120255739284203855e-07
1.303267038732514038e-07
1.488781917746706540e-07
1.673585163786128760e-07
1.855522462346215207e-07
2.031864587692666646e-07
2.197058515118754940e-07
2.352817224382519612e-07
2.492192958669647851e-07
2.615655034787778277e-07
2.722472957072952227e-07
2.806980503589073805e-07
2.868863504534857611e-07
2.910254476296003645e-07
2.928567364168799259e-07
2.923061120929659751e-07
2.893139861015470160e-07
2.840453698915723635e-07
2.766650797347836033e-07
2.671628562822547792e-07
2.554793835374269406e-07
2.423687108787930811e-07
2.276142579971107693e-07
2.114176576029080934e-07
1.943751500865786852e-07
1.763740772320332439e-07
1.580204637141591206e-07
1.394165516366285829e-07
1.209674331814625248e-07
1.029022433929327462e-07
8.553086550122657172e-08
6.913895456150953578e-08
5.400984937065089753e-08
4.038308676346247239e-08
2.843314206302238745e-08
1.843034214132899251e-08
1.045472286520521266e-08
4.690740018631345265e-09
1.168825369823878191e-09
3.330669073875469621e-16
