0.000000000000000000e+00
6.887988502679576186e-06
1.275114696452916974e-05
1.746835917204592192e-05
2.115276134762034133e-05
2.400868660024091383e-05
2.621057931539994001e-05
2.791374852972872134e-05
2.923943302368670061e-05
3.026432345454299622e-05
3.106633398086700026e-05
3.170560680598732972e-05
3.220595338127019147e-05
3.260692445083979152e-05
3.292426397172310004e-05
3.318088125614515604e-05
3.338128966301479039e-05
3.354576891501093172e-05
3.367866704084843121e-05
3.378129073494662293e-05
3.386720242182228446e-05
3.393065102652581544e-05
3.398997661663294423e-05
3.403342316365964848e-05
3.407045141479159156e-05
3.409982245972109638e-05
3.412047904560733258e-05
3.414100042953283065e-05
3.416092143704307915e-05
3.416756015606203789e-05
3.417366358093865131e-05
3.419345274113805289e-05
3.418199571014746141e-05
3.418713101865922255e-05
3.419459500875188240e-05
3.419457332076714096e-05
3.418969696666884772e-05
3.419232456136622744e-05
3.419165198170759368e-05
3.419057606635078628e-05
3.419543773652833352e-05
3.419349172317787122e-05
3.419373628554822631e-05
3.419406992744011831e-05
3.419704613238927493e-05
3.418893646645049245e-05
3.418810934086025100e-05
3.419123961079240104e-05
3.419568221807445241e-05
3.419346917943322239e-05
3.419305692253793438e-05
3.419233757440132138e-05
3.419165991502826074e-05
3.418802665622333592e-05
3.417542273731477565e-05
3.417920474757529803e-05
3.417206484979118386e-05
3.415151815067130059e-05
3.414203552543071396e-05
3.412517128298375724e-05
3.410005747062072601e-05
3.407227065677087552e-05
3.403723337169761720e-05
3.399525659530944210e-05
3.393633308235166623e-05
3.386494571244735852e-05
3.378475723891938287e-05
3.367621485173000195e-05
3.354046462333837297e-05
3.337018280469283837e-05
3.316139605458179318e-05
3.290436385716688505e-05
3.258348212764605734e-05
3.217792900789273602e-05
3.166043480584690428e-05
3.101893657408982818e-05
3.018913571883885538e-05
2.913337711318852996e-05
2.777752506177844083e-05
2.603857135863307803e-05
2.377837243916491872e-05
2.085553350172908438e-05
1.707363910075088143e-05
1.225813592342639424e-05
6.263383178772841120e-06
7.143230238426667711e-07
7.841802149632925989e-06
1.238419206261998085e-05
8.624697159120842116e-06
1.296487802782131382e-05
5.868215105730989478e-05
1.145979166619071066e-04
1.396250555651956660e-04
1.099532525608015732e-04
5.382357981176255635e-05
1.019096055299151260e-05
9.281252236315040705e-06
1.210113060423623210e-05
7.143592195557602054e-06
2.220446049250313081e-15
