0.000000000000000000e+00
7.645678653922516332e-05
8.658675216566269484e-05
8.870423206208677414e-05
8.927642088829568223e-05
8.944037455127507030e-05
8.947769454148435386e-05
8.946993243885703606e-05
8.944853124481788598e-05
8.942423994806603105e-05
8.939997339119098996e-05
8.937733659974966827e-05
8.935719667879649108e-05
8.933986074866062665e-05
8.932399139838231861e-05
8.931044529392195841e-05
8.929850791539184485e-05
8.928828563170565502e-05
8.927895679644581861e-05
8.927055823537699553e-05
8.926303411216363060e-05
8.925616903299182781e-05
8.925004761117794061e-05
8.924475058769143487e-05
8.923966686413820071e-05
8.923576088903928394e-05
8.923137840644024266e-05
8.922820278312038056e-05
8.922471440842016932e-05
8.922173383829612447e-05
8.921895523705813957e-05
8.921674096507015150e-05
8.921440026443683280e-05
8.921247571191948111e-05
8.921044940057853978e-05
8.920878924678632416e-05
8.920773234855072786e-05
8.920622550756540647e-05
8.920502389508921937e-05
8.920395620048982011e-05
8.920295294301272548e-05
8.920221355923629858e-05
8.920182609695181952e-05
8.920095727116272855e-05
8.920047973304257027e-05
8.920010457857951991e-05
8.920003197188108857e-05
8.919983123711894279e-05
8.919952547525866748e-05
8.919973494980748541e-05
8.919958393716065359e-05
8.919953511377087807e-05
8.920005171497713548e-05
8.920039870718987629e-05
8.920092783859523422e-05
8.920173770166073268e-05
8.920210691276686532e-05
8.920260559119874699e-05
8.920373145093751788e-05
8.920502212983461021e-05
8.920619799435147712e-05
8.920727339178924353e-05
8.920898845954372547e-05
8.921039913878381356e-05
8.921213539725414421e-05
8.921423334540268257e-05
8.921630215175113676e-05
8.921881553458632652e-05
8.922136149247528181e-05
8.922427941393529238e-05
8.922770493302589756e-05
8.923083086820327026e-05
8.923485711398448927e-05
8.923918133596497881e-05
8.924403548804527020e-05
8.924932691067866131e-05
8.925542623561266709e-05
8.926145196685997263e-05
8.926939716413784254e-05
8.927748689413483874e-05
8.928684169329237363e-05
8.929668928314704601e-05
8.930857000288838776e-05
8.932215009915811521e-05
8.933710267178263109e-05
8.935443119073571694e-05
8.937418974042099507e-05
8.939644036531912974e-05
8.942091703767474087e-05
8.944495862817092302e-05
8.946732629355746980e-05
8.947817224314036366e-05
8.945037004670641778e-05
8.931684114554805376e-05
8.884148298926586307e-05
8.712086102569127632e-05
7.930927241039942288e-05
2.388691908816742426e-05
5.251362302054474185e-04
4.440892098500626162e-16
