0.000000000000000000e+00
4.886277941962280380e-05
5.280409191610324626e-05
5.370950201466495599e-05
5.399174453502020299e-05
5.409664141375891688e-05
5.413914746821291146e-05
5.415656371654531398e-05
5.416315204953559004e-05
5.416472370356473220e-05
5.416400515256825088e-05
5.416236868183155195e-05
5.416015707859767048e-05
5.415772925487782885e-05
5.415541655051647751e-05
5.415321572765918745e-05
5.415121017438018214e-05
5.414938777248412549e-05
5.414775635836921452e-05
5.414616851295850353e-05
5.414474053011542054e-05
5.414345350329696771e-05
5.414221469079993909e-05
5.414113057811142937e-05
5.414004906900693470e-05
5.413922401620308023e-05
5.413831043632466589e-05
5.413762690709145176e-05
5.413695302081134031e-05
5.413638859763647559e-05
5.413575910995227503e-05
5.413528408781953516e-05
5.413484942129453970e-05
5.413442610957552859e-05
5.413400230691589599e-05
5.413368210116509260e-05
5.413336110982047700e-05
5.413299109424674072e-05
5.413280388377739172e-05
5.413253549602092818e-05
5.413237264872972077e-05
5.413219366345867201e-05
5.413197543535641643e-05
5.413185697789035800e-05
5.413175381618895443e-05
5.413167731715962105e-05
5.413162436396223853e-05
5.413159475831097467e-05
5.413154009104026443e-05
5.413161892253715024e-05
5.413156575229116640e-05
5.413157954925473803e-05
5.413164243162071898e-05
5.413171657098203582e-05
5.413190905423359567e-05
5.413203879822692244e-05
5.413216971084100493e-05
5.413233551998519744e-05
5.413248324337427420e-05
5.413276586363480192e-05
5.413294986156280686e-05
5.413330630199553184e-05
5.413355835759414703e-05
5.413392787445570065e-05
5.413435825241119659e-05
5.413479742732985045e-05
5.413517575703075124e-05
5.413568662715473323e-05
5.413625519401499275e-05
5.413691332123438116e-05
5.413750933480621086e-05
5.413825592970322731e-05
5.413909918827730650e-05
5.413997011849414065e-05
5.414096370837118144e-05
5.414206928555653775e-05
5.414321277985578718e-05
5.414453746965808278e-05
5.414599278175113994e-05
5.414755598498466327e-05
5.414920431590086736e-05
5.415100088645985466e-05
5.415300986899573843e-05
5.415521443830062509e-05
5.415740662217949364e-05
5.415987284063117357e-05
5.416206119968069999e-05
5.416390386792091505e-05
5.416489425558168591e-05
5.416390854684483003e-05
5.415816197673617438e-05
5.414302831319162124e-05
5.410601250765978421e-05
5.401489525214131504e-05
5.377371727688373682e-05
5.302753371438928554e-05
4.994940204705589082e-05
3.982246733685856910e-05
1.547121043080634806e-04
7.251144129583053655e-16
