0.000000000000000000e+00
1.518159997715429199e-08
6.102886651593308898e-08
1.368783647537341608e-07
2.413177745408390251e-07
3.720030661291673368e-07
5.277085621813171201e-07
7.059255107133566298e-07
9.038408173012157931e-07
1.117956037410827719e-06
1.345306508304666693e-06
1.581203627920579891e-06
1.823147558477344887e-06
2.065664254757848539e-06
2.305785212097788417e-06
2.540908906945027468e-06
2.765575060070801783e-06
2.975107276204091988e-06
3.169122446466943188e-06
3.342115489024521935e-06
3.492841464391993611e-06
3.616803487704878250e-06
3.714645335550770255e-06
3.783207005447764004e-06
3.820726702796761742e-06
3.827394713828979889e-06
3.804647940697236663e-06
3.752164895898246755e-06
3.671973319629984189e-06
3.560226839560698409e-06
3.419592198961041163e-06
3.257213373020206859e-06
3.072900446987603118e-06
2.870988686010100821e-06
2.654808197388724977e-06
2.423520157668335173e-06
2.186615958521542780e-06
1.944276585508220023e-06
1.701559800948437839e-06
1.462351004732909132e-06
1.229750126396922383e-06
1.008763248933064460e-06
8.027760136641859390e-07
6.144944340036317953e-07
4.471107328818391125e-07
3.041265654868396950e-07
1.854282218882730149e-07
9.527846989154653556e-08
3.375469836974787086e-08
4.011126653047369928e-09
4.398637010183392704e-09
3.478360532938040706e-08
9.495963559924547326e-08
1.850686438542581413e-07
3.023551683467573525e-07
4.467927192663978531e-07
6.147795934552391373e-07
8.031349671977494609e-07
1.009022641329515579e-06
1.229639176258956468e-06
1.461276009862011449e-06
1.700122801095993452e-06
1.943552768390865992e-06
2.186349181698687971e-06
2.424318412241888154e-06
2.653258631912791543e-06
2.869886513212627221e-06
3.071832361367654585e-06
3.255736313878543342e-06
3.419420550043739127e-06
3.556336928722814150e-06
3.666152434411706906e-06
3.751066576684891629e-06
3.802121247953316185e-06
3.828383325688022865e-06
3.819550520756109790e-06
3.781896018795194436e-06
3.711104692216693479e-06
3.615447203508814766e-06
3.489725827643397338e-06
3.341258910771749413e-06
3.167604068377016802e-06
2.974461187799093409e-06
2.765722092457068015e-06
2.539305237081457278e-06
2.306057262257965590e-06
2.064986440175609061e-06
1.821721794637021219e-06
1.579736676804444073e-06
1.344179209383788987e-06
1.117150554508228311e-06
9.034490247028514887e-07
7.058338148402398815e-07
5.277360302091693711e-07
3.709195004475418500e-07
2.399915089990045658e-07
1.363196270309785518e-07
6.047478939841255396e-08
1.500968693779469731e-08
0.000000000000000000e+00
