0.000000000000000000e+00
1.340829791640629765e-08
1.662465487495268235e-08
1.807057470326611792e-08
1.883070399610886625e-08
1.927935555645632348e-08
1.956620421239563257e-08
1.976004626591532087e-08
1.989790199274921179e-08
1.999916821038283388e-08
2.007606847431731012e-08
2.013594879723967779e-08
2.018270017778434067e-08
2.022149647729065691e-08
2.025318224241345888e-08
2.027950041227910560e-08
2.030125700880347495e-08
2.032023083131662133e-08
2.033621016028774875e-08
2.034986890109280466e-08
2.036169932662090787e-08
2.037221558115476228e-08
2.038154744976594657e-08
2.038965984940688259e-08
2.039680324639192577e-08
2.040327806707153968e-08
2.040899071964474842e-08
2.041410163133861033e-08
2.041862778856540217e-08
2.042272428948166407e-08
2.042648739042363104e-08
2.042973457072605470e-08
2.043277547159050300e-08
2.043556712738592296e-08
2.043799252060551908e-08
2.044011759849695409e-08
2.044217339847165249e-08
2.044390834399223422e-08
2.044542846135755099e-08
2.044693769853722642e-08
2.044811331369800200e-08
2.044922819965933058e-08
2.045036018305523839e-08
2.045114289028759913e-08
2.045177949216991919e-08
2.045227265323745769e-08
2.045266433992054544e-08
2.045281577434110432e-08
2.045294811292563963e-08
2.045293956420835002e-08
2.045278069129352616e-08
2.045263003402908453e-08
2.045220293123151123e-08
2.045170155451359051e-08
2.045102054371028544e-08
2.045037039710706495e-08
2.044925551114573636e-08
2.044840896608945968e-08
2.044715519122775049e-08
2.044553648605784701e-08
2.044419822322396385e-08
2.044227820352517710e-08
2.044037195059189571e-08
2.043827229680772462e-08
2.043584246269603000e-08
2.043315527888722727e-08
2.043018310082800326e-08
2.042701829907400679e-08
2.042330971008254892e-08
2.041937186003650595e-08
2.041478341929803264e-08
2.040981439410671783e-08
2.040425794991307384e-08
2.039780000462343423e-08
2.039064306291749062e-08
2.038295565665038112e-08
2.037393698195444358e-08
2.036320634335453406e-08
2.035142243617116264e-08
2.033777313226181604e-08
2.032203505475393968e-08
2.030376056172400467e-08
2.028290080335892753e-08
2.025701850705274865e-08
2.022680722912895135e-08
2.018918465740426882e-08
2.014361255575636278e-08
2.008591515334501310e-08
2.001216470315370088e-08
1.991520415245418008e-08
1.978379249312212096e-08
1.959947415475227217e-08
1.933027438116852181e-08
1.891340961623910744e-08
1.821167316951033399e-08
1.691045403706681327e-08
1.409579974964714211e-08
4.696616540122988681e-09
5.110057705870474365e-07
4.440892098500626162e-16
