0.000000000000000000e+00
3.740375609240231825e-08
5.252806412059385366e-08
6.810725539097006731e-08
8.357150604876295574e-08
9.871694595098290392e-08
1.133418887633297345e-07
1.270315825863121972e-07
1.399715888750208137e-07
1.519390978588219809e-07
1.630077918202132992e-07
1.731241574542963235e-07
1.824147191076264107e-07
1.909255925580666258e-07
1.986476763082833941e-07
2.056253012305830907e-07
2.119476048001445179e-07
2.177157842897514684e-07
2.228342819154960353e-07
2.273683358255951248e-07
2.315530471808102675e-07
2.352370904734613077e-07
2.385798986148657264e-07
2.415413061784832394e-07
2.440772379763700428e-07
2.463770500948925246e-07
2.484084425935506601e-07
2.500888170997583870e-07
2.514921788598911689e-07
2.526434943472821715e-07
2.537155121551393222e-07
2.544437895934947846e-07
2.549564749321220347e-07
2.553352830281241381e-07
2.554779696684050805e-07
2.553791864645660326e-07
2.550050941518833270e-07
2.545213663163181650e-07
2.538419604514174921e-07
2.527829132681347346e-07
2.516446155897966719e-07
2.502955709360321634e-07
2.486428479775426581e-07
2.466341655349424400e-07
2.444195825734851724e-07
2.418773527024242753e-07
2.389536308822215460e-07
2.356846428019920836e-07
2.319701494224446492e-07
2.279422749440485063e-07
2.234199557582527973e-07
2.183086141860357543e-07
2.126405171942735706e-07
2.063899916526779066e-07
1.995273896104876599e-07
1.918966335834326742e-07
1.835078660139544127e-07
1.742706976504138083e-07
1.642061359108382135e-07
1.533434572653646910e-07
1.415434491836009556e-07
1.286991002658055550e-07
1.150381887526918945e-07
1.004893873668422088e-07
8.544120211340100468e-08
6.997762891369774252e-08
5.441656547588991089e-08
3.921615565616320964e-08
9.808875778283265845e-08
1.303979424438495016e-08
3.985659136063190999e-09
8.821963159988399639e-10
3.312172758285214513e-11
8.609912782731043990e-09
2.572816526491550349e-08
5.306221517731302129e-08
9.091489905355132350e-08
1.391274191409053174e-07
1.954973785078806259e-07
2.565355452510686973e-07
3.172601200640556840e-07
3.714475061977751125e-07
4.123834959068872763e-07
4.354081227786466002e-07
4.366688417523079124e-07
4.162559068543458807e-07
3.773004834117799078e-07
3.243070435532402485e-07
2.639511872404298742e-07
2.027746114352524387e-07
1.453952693797333495e-07
9.611374696127938932e-08
5.697438076879279834e-08
2.846233493336569609e-08
1.016762063432707919e-08
6.734490742843490807e-10
1.131655769093242725e-09
3.129004166879667537e-09
1.168639163218188060e-08
1.084893351370463943e-15
