0.000000000000000000e+00
1.078910372154240349e-08
1.994441767294574674e-08
2.729460613082324016e-08
3.305555806853988088e-08
3.751256905104582984e-08
4.094830019507611496e-08
4.360574490380741963e-08
4.566520417359498651e-08
4.726972657742578576e-08
4.853201740484536231e-08
4.951603416181171724e-08
5.030161953634149086e-08
5.092464616662795152e-08
5.141647374529156878e-08
5.180875506383131324e-08
5.212756226669057469e-08
5.238401612484011594e-08
5.258506763361481262e-08
5.275256464987165828e-08
5.288310978013299746e-08
5.299249106194281467e-08
5.308219130917279927e-08
5.314323803240483812e-08
5.320202856040623374e-08
5.324387486460580021e-08
5.328162866469199344e-08
5.330823860116851165e-08
5.333387442796322375e-08
5.334514041610560753e-08
5.335720643095953619e-08
5.337764452661986070e-08
5.337415731609951308e-08
5.338319153391779537e-08
5.338293473933219957e-08
5.339043707142110406e-08
5.339080955124586580e-08
5.339231856638093632e-08
5.339560260608777753e-08
5.338935804566347088e-08
5.339942055204716098e-08
5.339898123679631681e-08
5.339406217164111013e-08
5.338896880147103730e-08
5.339298259077196462e-08
5.339289110839473551e-08
5.338506148255817152e-08
5.338573116908662541e-08
5.339520869895864053e-08
5.338897945961207370e-08
5.339061659448418595e-08
5.338655806319536623e-08
5.338933528609146606e-08
5.337798703042295756e-08
5.337273734085101751e-08
5.335593944444383396e-08
5.335301322961782944e-08
5.333722397082851785e-08
5.330334784670043291e-08
5.328103702684217069e-08
5.324032703590830806e-08
5.320267826292024438e-08
5.314397411027016460e-08
5.307395800624448157e-08
5.297739980036908491e-08
5.286974746887551646e-08
5.273447145626164456e-08
5.257230983879424002e-08
5.235623679045176004e-08
5.209474662759561170e-08
5.178088480217724054e-08
5.137823599898894145e-08
5.087318588614664350e-08
5.023875304654978891e-08
4.943885878461173888e-08
4.841662593069173681e-08
4.713371626330342679e-08
4.549690113542226300e-08
4.338286951899306132e-08
4.066107817113362444e-08
3.713573826225058383e-08
3.257488956354137599e-08
2.669004994793056085e-08
1.915788272466301123e-08
9.819975055336271907e-09
1.074406563716934215e-09
1.214400047189201359e-08
1.916009140234820052e-08
1.317462916539113849e-08
2.039441338030911766e-08
9.150043434047461233e-08
1.782092343693975067e-07
2.170628722319989379e-07
1.707679829765496038e-07
8.332291256962776060e-08
1.559389162242297289e-08
1.468355403932974923e-08
1.888448597497927040e-08
1.115998682355012761e-08
3.330669073875469621e-16
