0.000000000000000000e+00
2.013269884137969257e-09
3.721676633539061640e-09
5.093236610242968254e-09
6.168247246307601017e-09
6.999935631135656422e-09
7.641052346407661844e-09
8.136936346936352038e-09
8.521238714642720424e-09
8.820645436280472040e-09
9.056190131140340327e-09
9.239807918781650642e-09
9.386400656730131686e-09
9.502659659155199279e-09
9.594438465931887094e-09
9.667635469945423665e-09
9.727126437653055291e-09
9.774983156241034976e-09
9.812500367800680579e-09
9.843752590832366423e-09
9.868112882394086682e-09
9.888524221679517723e-09
9.905263387288698596e-09
9.916657051078914265e-09
9.927625832517605886e-09
9.935430478336115812e-09
9.942476730806504293e-09
9.947444312707887093e-09
9.952226598386459955e-09
9.954332136352661564e-09
9.956580448999829969e-09
9.960395508379349394e-09
9.959745250753826440e-09
9.961429681126787727e-09
9.961380498246796833e-09
9.962783931172225493e-09
9.962850433531400540e-09
9.963133873469587343e-09
9.963746827601482892e-09
9.962582425693256027e-09
9.964457370337242992e-09
9.964377767346377368e-09
9.963459945971919751e-09
9.962508706884420917e-09
9.963256775158413348e-09
9.963238678523111957e-09
9.961782954093223452e-09
9.961905189648234682e-09
9.963671110391203456e-09
9.962512925731914493e-09
9.962815017416914998e-09
9.962058178381028029e-09
9.962578872979577227e-09
9.960462232783129366e-09
9.959482794030805053e-09
9.956345192740911898e-09
9.955799074035098783e-09
9.952852986216953468e-09
9.946532264493157527e-09
9.942370371440745203e-09
9.934770672792581081e-09
9.927747401938802341e-09
9.916792276243313609e-09
9.903728392934851854e-09
9.885709917334395413e-09
9.865619765569988431e-09
9.840375736480666546e-09
9.810117829189834993e-09
9.769797748582220720e-09
9.721003557672247553e-09
9.662437960855640995e-09
9.587303839708738451e-09
9.493059893728172938e-09
9.374671816608781683e-09
9.225408548196867287e-09
9.034654913087081241e-09
8.795264849759121262e-09
8.489827174607000870e-09
8.095348058567708449e-09
7.587454997626252862e-09
6.929615881112738407e-09
6.078553327348856783e-09
4.980426182576991323e-09
3.574904927639011021e-09
1.832428098147431683e-09
2.004872934335821810e-10
2.266096754688362580e-09
3.575312712555955841e-09
2.458399595006710570e-09
3.805676995760620684e-09
1.707424279739910844e-08
3.325429898115572769e-08
4.050446922310158016e-08
3.186574570879230350e-08
1.554829331951168570e-08
2.909886109847548141e-09
2.739971693976883671e-09
3.523882186051707777e-09
2.082477301712515327e-09
7.771561172376095783e-16
