0.000000000000000000e+00
7.098700516294798035e-10
1.312240760498184500e-09
1.795845583352218000e-09
2.174888491524029632e-09
2.468139470579444605e-09
2.694190759378045641e-09
2.869035120589558119e-09
3.004535620299009224e-09
3.110107282822127672e-09
3.193160180714471608e-09
3.257904057640814699e-09
3.309590601574541324e-09
3.350582478134356279e-09
3.382944591123759892e-09
3.408752391464986431e-09
3.429728723247649214e-09
3.446600893575180180e-09
3.459832309538057871e-09
3.470849385678320687e-09
3.479441401665894773e-09
3.486635979932373175e-09
3.492536704285953419e-09
3.496555267545886636e-09
3.500422285362958519e-09
3.503174639263306744e-09
3.505658208169393220e-09
3.507413026682115742e-09
3.509096790921262254e-09
3.509840640347761109e-09
3.510632451408923771e-09
3.511977708647862073e-09
3.511748114526369591e-09
3.512339752376192337e-09
3.512327317878316535e-09
3.512821256101972267e-09
3.512843904651674620e-09
3.512945601080730285e-09
3.513158985946063240e-09
3.512747870360044544e-09
3.513411339639560538e-09
3.513383806108549834e-09
3.513058066673124813e-09
3.512723223408897866e-09
3.512984791953499553e-09
3.512979462882981352e-09
3.512467205979419305e-09
3.512508173209027973e-09
3.513130786281237761e-09
3.512722890341990478e-09
3.512830915042286506e-09
3.512567126051635569e-09
3.512745427869390369e-09
3.512000024130657039e-09
3.511654300680788765e-09
3.510550183882799047e-09
3.510359558589470907e-09
3.509318058370070048e-09
3.507090173826554746e-09
3.505621903876487977e-09
3.502945933320233962e-09
3.500467138373153375e-09
3.496600675667593805e-09
3.491997579985195443e-09
3.485642663392241047e-09
3.478563881387231049e-09
3.469660003752039756e-09
3.458994646265978190e-09
3.444773799543554560e-09
3.427567896174821271e-09
3.406919080184422910e-09
3.380428381660749437e-09
3.347196297909249552e-09
3.305451690138738741e-09
3.252826896726901396e-09
3.185566921359850312e-09
3.101159662399766148e-09
2.993464809364354551e-09
2.854370295679586889e-09
2.675292098963666376e-09
2.443340640922997409e-09
2.143259458797786010e-09
1.756070622249694679e-09
1.260493487365010878e-09
6.461053914108561003e-10
7.068845508939602951e-11
7.990161865478739855e-10
1.260638260447421999e-09
8.668319395610524225e-10
1.341836641799432073e-09
6.020238640935815511e-09
1.172522301473577500e-08
1.428158691307856998e-08
1.123563020399842571e-08
5.482202247719669685e-09
1.025988516367704051e-09
9.661108579805954832e-10
1.242505320853126705e-09
7.342730867776481318e-10
6.661338147750939243e-16
