0.000000000000000000e+00
2.586830749606860991e-09
3.946977300550713608e-09
4.775771111908966304e-09
5.381572187879157809e-09
5.877858200165064773e-09
6.327716794984894477e-09
6.736657454098349262e-09
7.136779500704903967e-09
7.516112066063840302e-09
7.872589247170935778e-09
8.205213397616262228e-09
8.526995665114611711e-09
8.804135753770481188e-09
9.072316009550718263e-09
9.334802264504560299e-09
9.563153047231764958e-09
9.784776544563555944e-09
9.982996651558551093e-09
1.017750994591892777e-08
1.034482433048822259e-08
1.049974263089836768e-08
1.063955878954914169e-08
1.076396216603825451e-08
1.088810419602737056e-08
1.100240831775067818e-08
1.110773273360621261e-08
1.120398618326134965e-08
1.129645221809028044e-08
1.138033001168992087e-08
1.144611017078744908e-08
1.151020478928899138e-08
1.157340789870175968e-08
1.162445051328120371e-08
1.166682972453259026e-08
1.170550756324217900e-08
1.173978814161813489e-08
1.177139430375007123e-08
1.179140585172433475e-08
1.181218667323236104e-08
1.183040276853120076e-08
1.184391096309411751e-08
1.184475861837341881e-08
1.184288167532798752e-08
1.183613329569510597e-08
1.182961195667076026e-08
1.180561359781506781e-08
1.178480146801774708e-08
1.176413744197191136e-08
1.173767538720227321e-08
1.170481067624962179e-08
1.166482377357169753e-08
1.162175677915655569e-08
1.156528672829892912e-08
1.151243966823756182e-08
1.144674799391509623e-08
1.135911009697565532e-08
1.129070292815725907e-08
1.118718007120378388e-08
1.109238290109004765e-08
1.099436841567325018e-08
1.087698509039114469e-08
1.076178657299919905e-08
1.062782728489253259e-08
1.048288478244785438e-08
1.032768626174629389e-08
1.015657447034357119e-08
9.966608538469756695e-09
9.746831342027917344e-09
9.548821289229181275e-09
9.310317405919477096e-09
9.048118698729012976e-09
8.774367010744299478e-09
8.489363656494219867e-09
8.163059339594269659e-09
7.836226778579202801e-09
7.474975305399311765e-09
7.104890675790898058e-09
6.696722287813372532e-09
6.276756447931575167e-09
5.832543004125056996e-09
5.304630623648165511e-09
4.676391496261089742e-09
3.801666537128767231e-09
2.380410868418891823e-09
3.723878982953010564e-10
5.943623815340970395e-09
1.761394929911119789e-08
4.095246952662279227e-08
8.375451254760690745e-08
1.487463028304603085e-07
2.170441596449634858e-07
2.457100723995964131e-07
2.113474676379567541e-07
1.417482513588197435e-07
7.858576378527715178e-08
3.800234660289447675e-08
1.604594812576465301e-08
5.183267592911988686e-09
1.221245327087672194e-15
