0.000000000000000000e+00
1.015648876112607013e-08
2.148172506544199223e-08
3.338167964272997779e-08
4.544069787115745385e-08
5.724759211123142677e-08
6.868105795199141994e-08
7.950169855774902317e-08
8.967759890232684938e-08
9.916638321616488838e-08
1.079308840079562515e-07
1.160015723478124983e-07
1.234251767456839843e-07
1.301621801452768068e-07
1.362677524152644537e-07
1.418482420412203737e-07
1.468486036104721393e-07
1.513687780674288774e-07
1.554699078365473497e-07
1.590832865439040233e-07
1.623899497094072331e-07
1.653646365395999851e-07
1.679772649865185485e-07
1.702850603857442024e-07
1.722913340884701938e-07
1.740523042359498618e-07
1.756678902342656556e-07
1.770436881542991614e-07
1.780871734524680505e-07
1.790745519647529704e-07
1.798078345105480480e-07
1.804436250418817167e-07
1.808516660872783177e-07
1.810709449046044028e-07
1.811534893203514685e-07
1.810514798084028598e-07
1.808007883408180305e-07
1.804577396402606837e-07
1.798941475783522037e-07
1.791481410995388046e-07
1.782762136803839326e-07
1.770874122897225789e-07
1.758841279286826875e-07
1.742567665719008119e-07
1.725470420987917919e-07
1.705070326041280282e-07
1.682688143267441205e-07
1.656276529260480856e-07
1.628101579109753061e-07
1.595865619652414580e-07
1.559991218424983117e-07
1.519273130634601898e-07
1.474536086565336745e-07
1.425105620178612753e-07
1.370116758936390511e-07
1.309722583719974409e-07
1.243211935619825681e-07
1.169893044661307613e-07
1.090053637353705085e-07
1.002775809055833633e-07
9.091101937919177089e-08
8.082178026835862283e-08
7.005547497662689693e-08
5.867056174224671850e-08
4.688786081619156221e-08
3.488900479631240614e-08
2.297589474231642725e-08
1.159471785250332232e-08
1.212543732087567605e-09
7.293831094656866298e-09
1.308152519641225808e-08
1.498042800918142348e-08
1.164390206476184630e-08
1.946146799269854455e-09
1.559721729549323754e-08
4.197289937835080309e-08
7.754063435783109526e-08
1.220088533537833086e-07
1.734356877003406794e-07
2.285983929928292469e-07
2.834338553858728460e-07
3.318890013925823723e-07
3.685128686647942686e-07
3.888698133502899168e-07
3.901891336699492285e-07
3.719030904347775390e-07
3.371315695499532694e-07
2.895687666315538422e-07
2.352983182740686630e-07
1.799299866878101284e-07
1.277705552471530837e-07
8.241485327520337023e-08
4.565097011521856984e-08
1.815332806298641799e-08
3.433221484883119956e-10
1.103984814676550741e-08
1.502729474189834491e-08
1.366652924161826377e-08
8.230316095314549329e-09
7.771561172376095783e-16
