0.000000000000000000e+00
2.880200855592818243e-08
6.091909332539557909e-08
9.466648454026227455e-08
1.288652607955853568e-07
1.623492115188085450e-07
1.947742924723883107e-07
2.254614737129401192e-07
2.543202639593289405e-07
2.812304394916864680e-07
3.060865854109806605e-07
3.289750920565381875e-07
3.500284826429833629e-07
3.691346739387313391e-07
3.864501242345497189e-07
4.022764640287945781e-07
4.164575427845207400e-07
4.292768007729819146e-07
4.409076395095468115e-07
4.511552211816649560e-07
4.605329586571116351e-07
4.689692177928250771e-07
4.763786524142332723e-07
4.829235868974990353e-07
4.886133987413998625e-07
4.936075297390374317e-07
4.981893556577077220e-07
5.020911374442604824e-07
5.050504532366772992e-07
5.078506781774905221e-07
5.099302795574800484e-07
5.117334003212903326e-07
5.128906067630722987e-07
5.135124705457627670e-07
5.137465711735345053e-07
5.134572775844503667e-07
5.127463219567474084e-07
5.117734359627590379e-07
5.101750852887221299e-07
5.080594128736848347e-07
5.055866227898775378e-07
5.022151746691960739e-07
4.988026737207107431e-07
4.941874426345194138e-07
4.893386732485183188e-07
4.835531883795596286e-07
4.772055914870065862e-07
4.697152340416010929e-07
4.617248143823360351e-07
4.525826684531608635e-07
4.424086762488954605e-07
4.308609882208713771e-07
4.181735449027002005e-07
4.041550420996742332e-07
3.885601650432946030e-07
3.714323620895854106e-07
3.525699294737449918e-07
3.317766786858911132e-07
3.091342443140021601e-07
2.843822868303647056e-07
2.578187942026133328e-07
2.292058592923140736e-07
1.986728372926904740e-07
1.663855523359458743e-07
1.329703128716275273e-07
9.894227093187879518e-08
6.515771910908796372e-08
3.288211858354372907e-08
3.440213225402999342e-09
2.068123894360951454e-08
3.709168872045864873e-08
4.247246865318743403e-08
3.300439499476226501e-08
5.494580568310425406e-09
4.426666966317327478e-08
1.190774781001380234e-07
2.199576286665561042e-07
3.460796373921937175e-07
4.919355646171297280e-07
6.483849064320423849e-07
8.039041587970530145e-07
9.413266685021071112e-07
1.045193718240966518e-06
1.102926441065577023e-06
1.106667464112476296e-06
1.054806839984046007e-06
9.561921882061952260e-07
8.212998559020689981e-07
6.673827294134682120e-07
5.103501868886084480e-07
3.624166848847920619e-07
2.337779412275864388e-07
1.295056819561324346e-07
5.151321413876530642e-08
9.513377863257233003e-10
3.129348691288669215e-08
4.260736941041898262e-08
3.875255238927621804e-08
2.333872373139200818e-08
1.110223024625156540e-15
