0.000000000000000000e+00
7.755761199934596561e-08
8.782911198323972712e-08
8.997407829891557185e-08
9.055521299483615394e-08
9.072084272698788254e-08
9.075789042523041417e-08
9.075038753802999736e-08
9.072941276055956905e-08
9.070387352316799934e-08
9.067930029083015597e-08
9.065666650709403029e-08
9.063679107246258582e-08
9.061861450110342275e-08
9.060296779495047303e-08
9.058905314773824102e-08
9.057696159775474598e-08
9.056660033035512924e-08
9.055685434855575977e-08
9.054837235566992604e-08
9.054083094373055474e-08
9.053401861525145478e-08
9.052817040444693930e-08
9.052255189878621877e-08
9.051755334166244893e-08
9.051334948217970577e-08
9.050899529849942837e-08
9.050551030842513001e-08
9.050205707072933592e-08
9.049923022086403535e-08
9.049651639170264161e-08
9.049396265670139883e-08
9.049171711961179199e-08
9.048972959835310803e-08
9.048816418388838656e-08
9.048644045162035354e-08
9.048471938388757962e-08
9.048333871053415578e-08
9.048246962795047921e-08
9.048128279953715492e-08
9.048034410596983435e-08
9.047969762310259512e-08
9.047885185520243567e-08
9.047789906180270236e-08
9.047759863545223880e-08
9.047751781121604608e-08
9.047707516529612803e-08
9.047661164718334703e-08
9.047679705442845943e-08
9.047678128926150976e-08
9.047698057429442997e-08
9.047675431084201136e-08
9.047747651091953003e-08
9.047737636880270884e-08
9.047822735475108402e-08
9.047838622766590788e-08
9.047955940033602928e-08
9.047986748722536277e-08
9.048097460162551897e-08
9.048209592688039038e-08
9.048324034477417399e-08
9.048463456284849826e-08
9.048612248374610090e-08
9.048769544772738982e-08
9.048953553136840355e-08
9.049161964203022990e-08
9.049377192038576823e-08
9.049621119139317216e-08
9.049872529143243582e-08
9.050186811077054472e-08
9.050501936780364076e-08
9.050891480733014305e-08
9.051239269197708381e-08
9.051721006070323483e-08
9.052190275138372044e-08
9.052683613841594479e-08
9.053276672776888745e-08
9.054006178121909443e-08
9.054744787295732067e-08
9.055593330753453074e-08
9.056505956284155445e-08
9.057560534930786389e-08
9.058725092270236701e-08
9.060110339742522001e-08
9.061616490502188981e-08
9.063422057309367119e-08
9.065370953909024365e-08
9.067614470392726389e-08
9.070110962294819501e-08
9.072564532974780604e-08
9.074839435463388781e-08
9.075850593287526635e-08
9.073153162120206616e-08
9.059627859020480400e-08
9.011600476949155336e-08
8.837251774806986759e-08
8.046346822165872936e-08
2.434331680678525345e-08
5.267297725763953054e-07
5.551115123125782702e-16
