0.000000000000000000e+00
1.147591610628495573e-08
1.562690821188539303e-08
1.620232059629245214e-08
1.281645500839090346e-08
7.454291184316730323e-09
1.129499382912513283e-09
5.940251623925973945e-09
1.368274493707133388e-08
2.139678212387252643e-08
2.853603386920866569e-08
3.512958623996809138e-08
4.135932440973988378e-08
4.749279325366728699e-08
5.226948252001761830e-08
5.657559676297552187e-08
6.140193697934392958e-08
6.538825036983553218e-08
6.848777411860851316e-08
7.132932955400406172e-08
7.309014904421928804e-08
7.567169735267498254e-08
7.767075316245097838e-08
7.956324588054286551e-08
8.040028010025679350e-08
8.218574554241797614e-08
8.250299254886073186e-08
8.370117909883845186e-08
8.398537176823595019e-08
8.472053347752250829e-08
8.530261408346007101e-08
8.590957067955429238e-08
8.623503999771742201e-08
8.593488931563086908e-08
8.606119195064820815e-08
8.601642198513559379e-08
8.616448954334998689e-08
8.573288357016650707e-08
8.535010898036432536e-08
8.486803770857420659e-08
8.400327167201737666e-08
8.387976813128972253e-08
8.261286521538124816e-08
8.241391935559505555e-08
8.083294000815754998e-08
7.947468927405054728e-08
7.776158650329989541e-08
7.568837878668688290e-08
7.366080234660898896e-08
7.169237625781477163e-08
6.846454303488513915e-08
6.580491374030827956e-08
6.155743470515062654e-08
5.777097356052252053e-08
5.254511514785065174e-08
4.757467897409384250e-08
4.209028037216455687e-08
3.589086716715428338e-08
2.941255483612792432e-08
2.228254813996244366e-08
1.482397393726131440e-08
7.264912893489849921e-09
1.158062534756254536e-10
6.638927296798158295e-09
1.194144405580743751e-08
1.550908157454955472e-08
1.576062602648420352e-08
1.177289454812324720e-08
1.657351700323772548e-09
1.687268724737123193e-08
4.611176995794608047e-08
9.075039109074367616e-08
1.521903760792753246e-07
2.341513141157491873e-07
3.406143636031089272e-07
4.740550544335420113e-07
6.320741200438462215e-07
8.132605955335492354e-07
1.012538493272430173e-06
1.217541957365675387e-06
1.414175097136372017e-06
1.584879842697617391e-06
1.710458630621580767e-06
1.780848183030592224e-06
1.784251566050443216e-06
1.722472043552691900e-06
1.601909405013479670e-06
1.435526564286249140e-06
1.241264216966797562e-06
1.038659491303661753e-06
8.369209384406772756e-07
6.524717918177103115e-07
4.913022431107805232e-07
3.557342319604472891e-07
2.456477876666696147e-07
1.608200256297820374e-07
9.669833767045332706e-08
5.074703435248295591e-08
2.017916078678183567e-08
0.000000000000000000e+00
