0.000000000000000000e+00
2.141768207231109500e-09
2.916671459907149710e-09
3.024323347311508314e-09
2.392777975757098829e-09
1.392430504232322619e-09
2.124223019706050763e-10
1.106616798196569107e-09
2.551210576129392393e-09
3.990500041517464069e-09
5.322560281406651939e-09
6.552818621052836079e-09
7.715195482482783973e-09
8.859600275634704758e-09
9.750866669655522401e-09
1.055432696794866843e-08
1.145483818909553975e-08
1.219864120827196530e-08
1.277695083068408621e-08
1.330714383129816270e-08
1.363569468448844191e-08
1.411735206513498042e-08
1.449034525702330711e-08
1.484346745517228783e-08
1.499964752404991941e-08
1.533278259913117836e-08
1.539196325950342725e-08
1.561551388196136259e-08
1.566854401779949058e-08
1.580571440396028038e-08
1.591430531799886694e-08
1.602755617113871267e-08
1.608828537058570873e-08
1.603229249358406605e-08
1.605584110109248286e-08
1.604749777506242481e-08
1.607513300250218435e-08
1.599461763035492368e-08
1.592317855347857858e-08
1.583325170972926799e-08
1.567188312456835320e-08
1.564884577476277627e-08
1.541246064107326674e-08
1.537534888296221425e-08
1.508036573394377911e-08
1.482693146037661336e-08
1.450729281149421013e-08
1.412046835014280077e-08
1.374214864124922997e-08
1.337487043340246373e-08
1.277262351440100474e-08
1.227636869938208974e-08
1.148385986304845119e-08
1.077733724486051869e-08
9.802282985305055263e-09
8.874875057074405049e-09
7.851562178196047626e-09
6.694836351961441778e-09
5.486103460405900023e-09
4.155748856149443782e-09
2.764131035171146777e-09
1.353738454668018676e-09
1.989286513293109238e-11
1.240346492181743088e-09
2.229574747047990968e-09
2.895050199569482174e-09
2.941707211157051916e-09
2.197279025395459939e-09
3.093626466110777073e-10
3.148737048874750144e-09
8.605181678333906348e-09
1.693521300971667642e-08
2.840042767626727027e-08
4.369485528954442088e-08
6.356136539320544898e-08
8.846186827504709527e-08
1.179486108782157316e-07
1.517582631782588010e-07
1.889435802260308606e-07
2.271970768186193368e-07
2.638886302808174378e-07
2.957417311044707731e-07
3.191744936126283960e-07
3.323090248530391477e-07
3.329441488064688315e-07
3.214162775933004923e-07
2.989195906355490706e-07
2.678728807659069844e-07
2.316237314170521699e-07
1.938178052496297710e-07
1.561733370403217691e-07
1.217549424614716713e-07
9.168029257988763447e-08
6.638285987570213820e-08
4.584024881904014137e-08
3.001084980525092760e-08
1.804524085713410386e-08
9.470250139642644172e-09
3.765837419678064180e-09
0.000000000000000000e+00
