0.000000000000000000e+00
5.525869761768831268e-10
2.245566288472389260e-09
5.049145879176819562e-09
8.924140315613726671e-09
1.379278680158080306e-08
1.956038930828185585e-08
2.614388705524106626e-08
3.345370025442662154e-08
4.136092690565362773e-08
4.978465473204352065e-08
5.851453310778964578e-08
6.744958480631169095e-08
7.644070609824638041e-08
8.535960194233638276e-08
9.397190925408693829e-08
1.022734471556319136e-07
1.100234461315352519e-07
1.172038818220144663e-07
1.236029134599192503e-07
1.291724122109982886e-07
1.337813637647400355e-07
1.373696800754942160e-07
1.398833727739301480e-07
1.413132036942599257e-07
1.416255159814028275e-07
1.407587933988097006e-07
1.388059381879358511e-07
1.356994866474892092e-07
1.315755754349723361e-07
1.264718423321653518e-07
1.204897632778312300e-07
1.137417399155182807e-07
1.062435944776396468e-07
9.819663937538081200e-08
8.969106235490187373e-08
8.094987424822619460e-08
7.197573015371716565e-08
6.294692744823748853e-08
5.413529702291697276e-08
4.555360000324526482e-08
3.739494258692133144e-08
2.975625823520289259e-08
2.279796629256480855e-08
1.657326786919099959e-08
1.123957349413728934e-08
6.896235471565148600e-09
3.570528095409031266e-09
1.338793409466632056e-09
2.033033741355438906e-10
1.865784193810782199e-10
1.307956631890760946e-09
3.569423534521831698e-09
6.906130112227515383e-09
1.130087812217794863e-08
1.661591431112441342e-08
2.280348609939863991e-08
2.977059720965513634e-08
3.737136144987829312e-08
4.557510568936606887e-08
5.415808501663121888e-08
6.300877031240048609e-08
7.198273710429248240e-08
8.094685688408986834e-08
8.973880383233989733e-08
9.823478686055153730e-08
1.062473895530047230e-07
1.137551420837823457e-07
1.205255798497617548e-07
1.265076386980368284e-07
1.316628407410647128e-07
1.357463733642205739e-07
1.387656279883131560e-07
1.407261663866066215e-07
1.416260173581207482e-07
1.413435790631467626e-07
1.399336255758498737e-07
1.373836847617937451e-07
1.337757691288743445e-07
1.291854547780246776e-07
1.235488679141028001e-07
1.172117113368287278e-07
1.100868097791973810e-07
1.022399451766631273e-07
9.398668943116916807e-08
8.531890793861407474e-08
7.645035349224116317e-08
6.741596192405552301e-08
5.848241979578006067e-08
4.976201906092825311e-08
4.137622899857973380e-08
3.345174004465434336e-08
2.613770988535435436e-08
1.953511974406296758e-08
1.373037294971624078e-08
8.894807890236222647e-09
5.053134244370482975e-09
2.274478716479677587e-09
5.796699786841941204e-10
3.330669073875469621e-16
