0.000000000000000000e+00
6.304425870240493168e-10
2.561942213930024081e-09
5.760517729491709815e-09
1.018146211784198840e-08
1.573603880533624988e-08
2.231623308368568814e-08
2.982726443612193634e-08
3.816693583402752665e-08
4.718818291671311727e-08
5.679870029862144065e-08
6.675847119552713593e-08
7.695232895343906421e-08
8.721013688983703105e-08
9.738554052063363997e-08
1.072111555089350077e-07
1.166822097831143878e-07
1.255240208442032213e-07
1.337160167036444136e-07
1.410165307857980110e-07
1.473706390253681775e-07
1.526288732067726528e-07
1.567226979304336965e-07
1.595905042561795995e-07
1.612217612745325823e-07
1.615780579333758737e-07
1.605892402389841322e-07
1.583612619926455523e-07
1.548171837395528883e-07
1.501123023661676825e-07
1.442895721792680774e-07
1.374647431440223500e-07
1.297660708887704573e-07
1.212115898763244104e-07
1.120309788271711682e-07
1.023271298805639162e-07
9.235446130073654558e-08
8.211601365548659714e-08
7.181519534604774435e-08
6.176213884767633999e-08
5.197139740786838047e-08
4.266329411972691332e-08
3.394841407988735682e-08
2.600978055156133451e-08
1.890808709603675197e-08
1.282293338178419617e-08
7.867656193205618820e-09
4.073390624803607807e-09
1.527216797470032361e-09
2.317444014465763757e-10
2.126652187683930606e-10
1.492037604577944876e-09
4.072123527265603116e-09
7.878932284377526685e-09
1.289286344352547076e-08
1.895672585572327762e-08
2.601606385876920058e-08
3.396475767303286375e-08
4.263637365387040745e-08
5.199591412985427041e-08
6.178811395862737754e-08
7.188572592742303868e-08
8.212397961671058511e-08
9.235099152071768458e-08
1.023815691114648985e-07
1.120744697047371119e-07
1.212158935448570674e-07
1.297813321254892571e-07
1.375055878050090996e-07
1.443303873083223721e-07
1.502118405216634756e-07
1.548706540788202801e-07
1.583152563489065301e-07
1.605519936997978903e-07
1.615786144881781183e-07
1.612563944597411592e-07
1.596478212961827126e-07
1.567386621603716890e-07
1.526224856496227744e-07
1.473855084643815871e-07
1.409548667785642806e-07
1.337249531108142264e-07
1.255963104629387317e-07
1.166439893562909447e-07
1.072280250147272795e-07
9.733912054166182770e-08
8.722115019121901014e-08
7.691397851949943743e-08
6.672184582612317172e-08
5.677287506777872750e-08
4.720565160987177933e-08
3.816470728335019658e-08
2.982022706543574486e-08
2.228740925147576490e-08
1.566483698312026718e-08
1.014799799747834186e-08
5.765072308427932057e-09
2.594932269062155683e-09
6.613358749518738477e-10
2.220446049250313081e-16
