0.000000000000000000e+00
1.234128654825639160e-08
2.159849121774470859e-08
2.863623282944871562e-08
3.405490112129427871e-08
3.828580041886908703e-08
4.165768519026613603e-08
4.438079781454717931e-08
4.663430386298017538e-08
4.843765544215727914e-08
4.998292202351706237e-08
5.123328583600539332e-08
5.233871791521238492e-08
5.327203256300094836e-08
5.404346492543510294e-08
5.475815900712888151e-08
5.535190883421137187e-08
5.588362372854760451e-08
5.634526978326448443e-08
5.675270264848819579e-08
5.710749884091370632e-08
5.741312048002100710e-08
5.771988798031202350e-08
5.795449042889089242e-08
5.819726134337344092e-08
5.840740069373850929e-08
5.859053386902957072e-08
5.875471820182553984e-08
5.889621168542191754e-08
5.903359745484948462e-08
5.915132050837712541e-08
5.925067070311484940e-08
5.934937363782921693e-08
5.941842917689399428e-08
5.949819537054423790e-08
5.955325355078144867e-08
5.961446025715133601e-08
5.965961169529521158e-08
5.970209993044761632e-08
5.971840666418870569e-08
5.975291106352642601e-08
5.976710804045382019e-08
5.977400718837344584e-08
5.977366179799048496e-08
5.976062600332454622e-08
5.973284911142684450e-08
5.972883987404031814e-08
5.969890781720721407e-08
5.964817095804875180e-08
5.961519233821377384e-08
5.956071957857744792e-08
5.949724313225601691e-08
5.941867975423065218e-08
5.934096025672630503e-08
5.924117685296437230e-08
5.914065215328889735e-08
5.902164690319011697e-08
5.888284948518673900e-08
5.873411623724678066e-08
5.855417017919251066e-08
5.838307215455529331e-08
5.818237425181393974e-08
5.793132684672741561e-08
5.769399757937776485e-08
5.740520148123096078e-08
5.708095851542083210e-08
5.669395319873871131e-08
5.629739174839443194e-08
5.583638695849657552e-08
5.530455304825210305e-08
5.468976771449973739e-08
5.397910096682778658e-08
5.317041718022608165e-08
5.224252919155958352e-08
5.114880385903575188e-08
4.981875445508876510e-08
4.827740740509511852e-08
4.641532902471823263e-08
4.414466170388209321e-08
4.137598141884524239e-08
3.795510683524128126e-08
3.360463185497764016e-08
2.802871690299468810e-08
2.075669225387599681e-08
1.131232396645032168e-08
1.379898417752656314e-09
1.849429309697114832e-08
4.146280407901770104e-08
7.191607132028821070e-08
1.094883537167135046e-07
1.507107041387456547e-07
1.848962996042757823e-07
1.979516663919156372e-07
1.823432863590213060e-07
1.470740522702129738e-07
1.056302952884280444e-07
6.871790836360247567e-08
3.896976219497361171e-08
1.669538463033859443e-08
0.000000000000000000e+00
