0.000000000000000000e+00
2.357960209709020205e-05
2.669830652879401356e-05
2.735215756188846825e-05
2.752888574442113878e-05
2.757918872586806458e-05
2.759048903466787550e-05
2.758824047466301721e-05
2.758183189954799275e-05
2.757431902256080036e-05
2.756680106474895808e-05
2.755977877866300219e-05
2.755365908502227512e-05
2.754808677951636753e-05
2.754337647636884157e-05
2.753909586217240246e-05
2.753542653577412125e-05
2.753218068940466168e-05
2.752939551353694725e-05
2.752663028793289612e-05
2.752432565089613092e-05
2.752225510538330866e-05
2.752040766651475678e-05
2.751891086283375643e-05
2.751734225292512548e-05
2.751593252314776805e-05
2.751480242735304671e-05
2.751367206321742032e-05
2.751271581591385740e-05
2.751174325066330084e-05
2.751088621100183929e-05
2.751017947655309825e-05
2.750948105079142891e-05
2.750888733549228249e-05
2.750833136233588050e-05
2.750783200133888329e-05
2.750734175649416358e-05
2.750695934217173289e-05
2.750658867178845668e-05
2.750625932679273689e-05
2.750594980338583184e-05
2.750572175136412056e-05
2.750550997476786108e-05
2.750533783257846920e-05
2.750510010496309832e-05
2.750507113780109592e-05
2.750497134718088432e-05
2.750492392566972200e-05
2.750489973413206002e-05
2.750483265467895677e-05
2.750491777692154471e-05
2.750496859149631490e-05
2.750505482851384187e-05
2.750508254567574085e-05
2.750530039863363641e-05
2.750547443974848960e-05
2.750568880960369000e-05
2.750584270494460526e-05
2.750612620716630374e-05
2.750650664640197363e-05
2.750687037444965455e-05
2.750722524380577738e-05
2.750768020176597162e-05
2.750818283325795477e-05
2.750883401625436875e-05
2.750937087026006367e-05
2.751006774537323452e-05
2.751077297291626422e-05
2.751166345638100807e-05
2.751247094379127844e-05
2.751353660701560955e-05
2.751459136984824028e-05
2.751584201954315745e-05
2.751715742821403410e-05
2.751859846572557444e-05
2.752025520114109725e-05
2.752208582357251743e-05
2.752416732498819130e-05
2.752644652970204220e-05
2.752879876033453854e-05
2.753164223900927965e-05
2.753493805851547904e-05
2.753853036185915926e-05
2.754263303439419275e-05
2.754744173005807539e-05
2.755281213484561675e-05
2.755883066651865221e-05
2.756563643591114499e-05
2.757305677647536868e-05
2.758060564100883738e-05
2.758748014108913793e-05
2.759084779391240971e-05
2.758226942400909820e-05
2.754116231840075812e-05
2.739443794697038470e-05
2.686489393277646798e-05
2.445380544457975702e-05
7.375170145373921571e-06
1.627764690049771090e-04
3.330669073875469621e-16
