0.000000000000000000e+00
3.243672657804452797e-06
3.984752906527333494e-06
4.313574866410263553e-06
4.485111208207825939e-06
4.586914485349424808e-06
4.651642711905878969e-06
4.695684389655063740e-06
4.726751307804200053e-06
4.749715860397074607e-06
4.767037286690367637e-06
4.780525920455858113e-06
4.791280739158132462e-06
4.800041565222734619e-06
4.807213401125665087e-06
4.813116768032088544e-06
4.818077248947005842e-06
4.822402389303981352e-06
4.825969455612977299e-06
4.829142961515486832e-06
4.831793276149909389e-06
4.834172562806493545e-06
4.836288105769526169e-06
4.838099000759044088e-06
4.839762506425593358e-06
4.841215574313828540e-06
4.842498981916243395e-06
4.843650506236585329e-06
4.844685010940708025e-06
4.845629060112877085e-06
4.846462663188333408e-06
4.847211391600936281e-06
4.847889639725266875e-06
4.848499603582467898e-06
4.849070982970715704e-06
4.849551443641963999e-06
4.850029352243545588e-06
4.850410669443583345e-06
4.850774940723390216e-06
4.851096874758376032e-06
4.851362127356040332e-06
4.851628188085044258e-06
4.851839397357338157e-06
4.852010772493642321e-06
4.852157584944727375e-06
4.852278696843015382e-06
4.852368369334669751e-06
4.852446710446045586e-06
4.852476414463069432e-06
4.852451972681137704e-06
4.852445256942061746e-06
4.852358541640455769e-06
4.852288473800037139e-06
4.852154211310022447e-06
4.852020655032873719e-06
4.851863289467850393e-06
4.851629465396634089e-06
4.851377559234038017e-06
4.851093592384003728e-06
4.850772679643178265e-06
4.850424160540711682e-06
4.850040623560758490e-06
4.849630808712035446e-06
4.849133806494876353e-06
4.848591512729427677e-06
4.847988353429144581e-06
4.847326160462017697e-06
4.846564841565204063e-06
4.845768138195261088e-06
4.844830028050139958e-06
4.843814646937616430e-06
4.842684438788324996e-06
4.841431364144277438e-06
4.839974880654906997e-06
4.838411864827030229e-06
4.836526025786547223e-06
4.834565376032884387e-06
4.832127454279522283e-06
4.829455796606652029e-06
4.826375421984607783e-06
4.822829241635240294e-06
4.818673447481991445e-06
4.813950161608460121e-06
4.808191989114085629e-06
4.801211989868825469e-06
4.792776613249394302e-06
4.782408573045238143e-06
4.769346655164596882e-06
4.752627053794533651e-06
4.730650148498938279e-06
4.700924892464541927e-06
4.659192578304605092e-06
4.597971300368541847e-06
4.503143032796863565e-06
4.344471603134891780e-06
4.048994781125081488e-06
3.414457016015504109e-06
1.343982306778457314e-06
1.047641016035383288e-04
0.000000000000000000e+00
