0.000000000000000000e+00
1.762701096197361039e-12
6.539879748856947117e-12
1.463829057968268899e-11
2.605848870018689922e-11
4.022782107426792209e-11
5.689781978901464754e-11
7.606903995593938816e-11
9.743217344038157535e-11
1.207226540955730343e-10
1.449260711439137594e-10
1.705606766932987739e-10
1.968654128603475328e-10
2.229776363549262896e-10
2.490124773046886730e-10
2.742776006314784354e-10
2.984940072892072749e-10
3.208223686712585732e-10
3.420624894445722930e-10
3.609383902869467420e-10
3.769358158933755476e-10
3.902244083420214338e-10
4.004397924362024241e-10
4.084262927861459502e-10
4.124000030358843105e-10
4.131962549891454728e-10
4.111645468540814363e-10
4.048107404841516654e-10
3.955754612761097633e-10
3.839467632715809486e-10
3.694495820383281171e-10
3.519903257753753678e-10
3.314325480729962692e-10
3.099202006140444610e-10
2.868043580406265392e-10
2.618067984627714395e-10
2.360075468388345143e-10
2.099721507775598184e-10
1.837887619871025890e-10
1.575800601116839061e-10
1.327297161068941023e-10
1.088744649990758262e-10
8.657663475020171973e-11
6.632527860261916430e-11
4.830369437769377328e-11
3.296374284644798536e-11
2.007760624422871842e-11
1.028566121163976277e-11
3.862687947275844635e-12
5.403455460850636882e-13
3.947953075567056658e-13
3.623212840864198370e-12
1.008371164346044679e-11
1.983169184427424625e-11
3.270539394861771143e-11
4.814648679740685111e-11
6.609257585665773149e-11
8.657208283580075658e-11
1.088719114861191883e-10
1.328409604539615430e-10
1.577914465755725359e-10
1.833257989858338988e-10
2.093281104009747651e-10
2.353927053277971027e-10
2.615666572225450182e-10
2.862812209514231654e-10
3.093381106822334914e-10
3.314496455075754966e-10
3.514430968465376282e-10
3.688853666972136125e-10
3.835741724245167461e-10
3.954457872268335450e-10
4.050522139920076370e-10
4.105125128717190819e-10
4.129092623372798698e-10
4.120207508506723570e-10
4.081961435531411553e-10
4.006757148289352699e-10
3.898149580905396760e-10
3.767257616971164680e-10
3.603235487759093303e-10
3.416655847132687995e-10
3.204311260773806680e-10
2.979154700710751058e-10
2.740648818999602554e-10
2.487567929421174995e-10
2.223140560531078336e-10
1.962662254939573359e-10
1.703885921244818746e-10
1.452691300585229328e-10
1.206312827406463839e-10
9.751333074348167429e-11
7.600386986439389148e-11
5.678957304411369478e-11
4.002731479602061881e-11
2.583178115855844226e-11
1.447975073176621663e-11
6.434075494610169699e-12
1.553090989148131484e-12
0.000000000000000000e+00
