0.000000000000000000e+00
4.769504113877331974e-07
8.379084026621796966e-07
1.113919543715979898e-06
1.325303699228896903e-06
1.492623401433412766e-06
1.623279960782930686e-06
1.729900398150796548e-06
1.816361038575742270e-06
1.886681883056517961e-06
1.945954456128440313e-06
1.996402462456359217e-06
2.038612205046419490e-06
2.074110998950828844e-06
2.104526759749703047e-06
2.131855018960848724e-06
2.155221317079458743e-06
2.176186060576235093e-06
2.193622099522229973e-06
2.209544434750299047e-06
2.223100292852997484e-06
2.236486579376695261e-06
2.247593546833570599e-06
2.257510561487485745e-06
2.266380735749251585e-06
2.274324824913520615e-06
2.281445116714131416e-06
2.287828600566754744e-06
2.293549494658542187e-06
2.298671267553231701e-06
2.303248320068007615e-06
2.306950123931450491e-06
2.310518532833150118e-06
2.314145608472983895e-06
2.316523138312653884e-06
2.318958545854954423e-06
2.320676556921696942e-06
2.323222748179532005e-06
2.323874914389456592e-06
2.325377975731512947e-06
2.325852839990538712e-06
2.326771261551563441e-06
2.327092092246907384e-06
2.327026267234799661e-06
2.327148942438128643e-06
2.326569600752392830e-06
2.325335024644381576e-06
2.324537827225192643e-06
2.322648000152582881e-06
2.321283143480457056e-06
2.319165239517140265e-06
2.316697296667058481e-06
2.313857820346321148e-06
2.310191393517513347e-06
2.306148195740931328e-06
2.302833535416937139e-06
2.298206606354824544e-06
2.292644586843195498e-06
2.287248861865265326e-06
2.280798417020335478e-06
2.273603455948958185e-06
2.265575634430305740e-06
2.256611047579681895e-06
2.246587004206546112e-06
2.235357993929376619e-06
2.222741949275963691e-06
2.208113569324154923e-06
2.192519000798753837e-06
2.174349420402954536e-06
2.152657688325732011e-06
2.130014489898357510e-06
2.102836474948688306e-06
2.070815211530074862e-06
2.034872439438117908e-06
1.992006540163515638e-06
1.940858991522631527e-06
1.881206391107781428e-06
1.808030913985625432e-06
1.719986021830877121e-06
1.611446451721398887e-06
1.478450115999230263e-06
1.307574233333497205e-06
1.092244246603257807e-06
8.095105472616381803e-07
4.387117353843450474e-07
5.366821453911541084e-08
7.196659002062233412e-07
1.606498950756929389e-06
2.800635020117070439e-06
4.270178250442846490e-06
5.874313065534764178e-06
7.206871069698195242e-06
7.703025284300224484e-06
7.104935976554038746e-06
5.719824831218467409e-06
4.117596629660269514e-06
2.675397605123031042e-06
1.514348783482333261e-06
6.432825154778498700e-07
1.746070843466895894e-09
