0.000000000000000000e+00
1.175578412393463168e-09
1.227544732529395333e-09
1.315033748561234006e-09
1.432515883692531133e-09
1.582416975232092682e-09
1.760406043160855916e-09
1.962244922104616762e-09
2.188180081574842006e-09
2.430895373883856792e-09
2.686927347284040479e-09
2.956399902664941237e-09
3.231244272150490815e-09
3.506095191951885681e-09
3.779749846444246941e-09
4.046061041762527566e-09
4.299817835118346920e-09
4.538714515334163480e-09
4.759537874932107115e-09
4.955258758876368574e-09
5.127179680819438090e-09
5.269118030781783091e-09
5.378482104134718611e-09
5.459065088864178961e-09
5.500267241664857920e-09
5.511641032462932799e-09
5.484079967921218213e-09
5.423877236232499399e-09
5.326770469160635457e-09
5.204205733022604363e-09
5.045054707331075861e-09
4.861581470727571741e-09
4.651314111647764094e-09
4.423229005290352234e-09
4.176578749515158506e-09
3.916967528105885776e-09
3.645186374967579468e-09
3.370921541900884222e-09
3.094053679930652834e-09
2.823355438330565903e-09
2.561572176595916517e-09
2.310184599174647246e-09
2.076211869095345719e-09
1.862196286062101080e-09
1.668204796523298228e-09
1.504176561084591413e-09
1.371420754736618619e-09
1.269002125603435616e-09
1.197561050325646193e-09
1.162747342853265309e-09
1.163931284686725576e-09
1.198867116691815227e-09
1.268547711319456539e-09
1.370903834896353146e-09
1.504698476928467699e-09
1.670376725826372422e-09
1.859403520043656499e-09
2.074524219075613019e-09
2.309057722804652713e-09
2.558450229450670577e-09
2.821633149352464898e-09
3.094788536550652225e-09
3.369558188026644530e-09
3.644419543924470872e-09
3.914924495695970563e-09
4.175794932059773146e-09
4.421118471320539811e-09
4.652822016559809981e-09
4.862005131833768701e-09
5.044411777177515432e-09
5.203571129541728624e-09
5.327117080788923431e-09
5.423870130805141798e-09
5.483838050324152391e-09
5.509820044657942617e-09
5.501578637101545155e-09
5.458366647559387275e-09
5.378525735899586380e-09
5.269534142371412599e-09
5.127557045625508181e-09
4.956986376924987781e-09
4.758503702184668782e-09
4.539514431023405905e-09
4.300052869332660066e-09
4.047313040267397355e-09
3.780314394852268833e-09
3.507381718392821313e-09
3.231405920622876238e-09
2.956324851588476577e-09
2.689466982452870525e-09
2.432705814570113034e-09
2.189580183831196791e-09
1.965099860612440352e-09
1.760846024545514865e-09
1.580319763938575761e-09
1.432994056749237188e-09
1.315289988035317492e-09
1.227613788401527017e-09
1.174345398702314469e-09
2.408013025090305348e-16
