0.000000000000000000e+00
7.715036648536788277e-06
9.797799241151317062e-06
1.114650672040529145e-05
1.220252733469262552e-05
1.301983257029348806e-05
1.365498869287939954e-05
1.414728677107124355e-05
1.453112953919699635e-05
1.483315243200333811e-05
1.507118362020776203e-05
1.526175136001839405e-05
1.541385289727248420e-05
1.553651852903570330e-05
1.563579951502358512e-05
1.571700099112227633e-05
1.578246415845363515e-05
1.583536365656890155e-05
1.588006706965128245e-05
1.591670985945370376e-05
1.594707791963134724e-05
1.597197466596256277e-05
1.599307228528079605e-05
1.601099258907723311e-05
1.602599236638635460e-05
1.604001405752786269e-05
1.605057507425566854e-05
1.605877348354045608e-05
1.606646262430899696e-05
1.607115289270488745e-05
1.607561498861986848e-05
1.607963589034255847e-05
1.608263380559193934e-05
1.608559888899296908e-05
1.608781441053697137e-05
1.609062228513646886e-05
1.609216930975598814e-05
1.609384229894761376e-05
1.609496411825173112e-05
1.609572963068295337e-05
1.609682814440738241e-05
1.609666256896513659e-05
1.609717287254230911e-05
1.609745643460502862e-05
1.609772732658054650e-05
1.609604593633129355e-05
1.609549900816187318e-05
1.609474671016020153e-05
1.609459108631305924e-05
1.609303486438395936e-05
1.609101703758941682e-05
1.608864622626438035e-05
1.608573716549432930e-05
1.608299942446045350e-05
1.607881291754154063e-05
1.607631957800670364e-05
1.607145394599829302e-05
1.606548586607914331e-05
1.605694321815676062e-05
1.604871235805216401e-05
1.603924967763514786e-05
1.602596011929247055e-05
1.601035188414368093e-05
1.599245201122645454e-05
1.597052126933728999e-05
1.594617606148762690e-05
1.591376289689083734e-05
1.587760265231441537e-05
1.583323573783879112e-05
1.577878750180783385e-05
1.571079440698675000e-05
1.562924506814944436e-05
1.552716891406458188e-05
1.540194998539412552e-05
1.524744331149463505e-05
1.505418565606042591e-05
1.480916910390206453e-05
1.450087565457724992e-05
1.410728546125117333e-05
1.360285510998426872e-05
1.295525259126240059e-05
1.211648633547834919e-05
1.103366749843903705e-05
9.655747970072070530e-06
8.479394955629437902e-06
1.381281917919863211e-05
3.600543103554620927e-06
1.951486497620003036e-06
2.119172922143697235e-06
6.536320962036157312e-06
1.686750077312115792e-05
2.987882377381012589e-05
3.579904264550126669e-05
2.879717996806530067e-05
1.572564430474265862e-05
5.924790912659183562e-06
2.017374260421256338e-06
2.082212637088964868e-06
3.369249266471641135e-06
2.061691023414954915e-09
