0.000000000000000000e+00
8.461211409294122632e-08
1.575770116613028904e-07
2.282260707087147011e-07
2.905627293214863016e-07
3.472564844564374198e-07
3.987951473494177890e-07
4.456948096143165117e-07
4.882749577994616175e-07
5.269879305158653438e-07
5.615129156089082585e-07
5.942215091092606372e-07
6.217529602281501866e-07
6.492426352089353259e-07
6.733905930644823457e-07
6.938404975009859754e-07
7.159662721578641253e-07
7.341301246910347800e-07
7.500301812957133052e-07
7.655890364999251574e-07
7.777081063586877008e-07
7.899549157031060531e-07
8.023782234189980045e-07
8.122631255380596826e-07
8.210670898733951617e-07
8.288654023136388105e-07
8.351535046857705424e-07
8.416553922696579093e-07
8.448338733035853920e-07
8.509833664405164200e-07
8.544305010182995375e-07
8.565488982537061702e-07
8.576723107278638736e-07
8.601605879787754816e-07
8.600268356362406053e-07
8.589189035568267627e-07
8.573021881286280177e-07
8.573670797762389384e-07
8.542410209200212989e-07
8.514389984171089054e-07
8.459418554540576451e-07
8.409583225343908452e-07
8.364727479559519452e-07
8.291748847533142452e-07
8.206796251464254510e-07
8.128060517975654875e-07
8.036219123486176841e-07
7.921732787519175645e-07
7.800866965723685098e-07
7.658474955318794741e-07
7.519056081095598643e-07
7.347187698236723463e-07
7.182393992888336243e-07
6.984856864011845801e-07
6.767689758602202232e-07
6.529033718116750151e-07
6.250738722179960405e-07
5.962257629832379280e-07
5.645223921657560595e-07
5.313924021921323515e-07
4.924056361543804883e-07
4.502906382208848868e-07
4.046573436333744667e-07
3.529157608372912591e-07
2.976562079037847752e-07
2.351782383280820454e-07
1.683049168921257888e-07
9.308563098109345901e-08
1.262193172202330516e-08
7.624361753055808322e-08
1.757335356122879944e-07
2.783143822071565410e-07
3.944761848284628059e-07
5.105687674866743464e-07
6.391325118038082564e-07
7.697215291813108706e-07
8.972581327926221206e-07
1.031137418672223305e-06
1.163707446183437355e-06
1.277416031952860465e-06
1.381059063443323964e-06
1.465378000720107821e-06
1.524670270702799257e-06
1.559969169395714061e-06
1.558182530558838153e-06
1.533579966683795703e-06
1.473900064885569350e-06
1.392273450195880002e-06
1.292579405509641788e-06
1.171716796144472994e-06
1.052648014088219952e-06
9.132483675955427316e-07
7.832794560735933942e-07
6.521905689949036855e-07
5.277222417943150390e-07
4.047869071044374323e-07
2.914073555793095238e-07
1.869882482186113748e-07
8.743049195736318779e-08
2.357855244383699755e-09
