0.000000000000000000e+00
6.512466121932902752e-10
1.372951641265274247e-09
2.133581755714430983e-09
2.901957341094885123e-09
3.657719793714875323e-09
4.388676977384875499e-09
5.081958520669616064e-09
5.732589847262659077e-09
6.339169078550810354e-09
6.899826376915996207e-09
7.416830594131340604e-09
7.889297992669241921e-09
8.317647792743798618e-09
8.710496435249126534e-09
9.068055084604509375e-09
9.386689980850349002e-09
9.675681700294092025e-09
9.933853073462728389e-09
1.017251405333041703e-08
1.038224917149221938e-08
1.057089826783652597e-08
1.073765787396041560e-08
1.088459045117673440e-08
1.101294089256299458e-08
1.112656500268371929e-08
1.122605719494629284e-08
1.131191595948877193e-08
1.138687677482153049e-08
1.144837358246775239e-08
1.149384176724055351e-08
1.153346818050238198e-08
1.155916529160805339e-08
1.157627715908660093e-08
1.158377482823880200e-08
1.157345774771556535e-08
1.156238083055427524e-08
1.153554129995626454e-08
1.150059103505185476e-08
1.145574879402033730e-08
1.139776328873409739e-08
1.132629245947924801e-08
1.124355086812300897e-08
1.113931558105463182e-08
1.102586644208258804e-08
1.090290357996792636e-08
1.075958155904999103e-08
1.058836918144123729e-08
1.040777020122618524e-08
1.019757911446816934e-08
9.972737968766409722e-09
9.713633675190180838e-09
9.427507108306087957e-09
9.111558063601421509e-09
8.758906377970276935e-09
8.374187565607371653e-09
7.948654290323986515e-09
7.480637997936412376e-09
6.970366284164697390e-09
6.413713560249334478e-09
5.814236869738920177e-09
5.170027850276426307e-09
4.481484849883088373e-09
3.757257061032248657e-09
3.000538595365753736e-09
2.235188700794310535e-09
1.474005473234285546e-09
7.444443950177515035e-10
8.163492104529268545e-11
4.599243208502912239e-10
8.306564325266663218e-10
9.529764755100700313e-10
7.470337681780847561e-10
1.179247810512151773e-10
1.005235561457595850e-09
2.691225020612364460e-09
4.972384393120421464e-09
7.807056001674084200e-09
1.108926594994841253e-08
1.462377274830117813e-08
1.811897609726997871e-08
2.121300213264731838e-08
2.355282724408880313e-08
2.485043759659077978e-08
2.492012896038175995e-08
2.376638430501287758e-08
2.154553002675640982e-08
1.850389474977731652e-08
1.503856728035657397e-08
1.149622186336074492e-08
8.167845844120336096e-09
5.268852465434292753e-09
2.923025710366289331e-09
1.161044038688885394e-09
2.070621452077148206e-11
7.094793641471142109e-10
9.609153472922571382e-10
8.727348843606819173e-10
5.280613724067961812e-10
4.440892098500626162e-16
