0.000000000000000000e+00
4.153564322484371019e-07
4.639917960957973264e-07
4.969883804495367485e-07
5.412788623981867886e-07
5.973711902917955285e-07
6.648114719842723730e-07
7.412348033142279746e-07
8.261378733331881108e-07
9.176695957568981044e-07
1.014279409905505247e-06
1.115434162701767207e-06
1.219100767668734875e-06
1.322875448739324611e-06
1.425950926003949348e-06
1.526476506197305127e-06
1.622007923973711740e-06
1.712181788793287751e-06
1.795218411815291404e-06
1.869424689049381527e-06
1.934083409871334425e-06
1.987650526391604444e-06
2.028856307956239391e-06
2.059175969071347367e-06
2.074968145082678461e-06
2.078843191255508316e-06
2.068644615715875545e-06
2.045978849229967977e-06
2.009385073220570916e-06
1.963014023775855321e-06
1.902968306599639448e-06
1.833927245287192420e-06
1.754736403292156410e-06
1.668230129481251822e-06
1.575368514639130524e-06
1.477307181918519063e-06
1.375010197368631282e-06
1.271520565837569450e-06
1.167458031359203119e-06
1.065050099113840076e-06
9.661675904881761312e-07
8.717326043239381761e-07
7.834743801504728822e-07
7.026537616194872271e-07
6.303156658837849591e-07
5.682610714208280456e-07
5.180845614738416316e-07
4.795078210051428869e-07
4.528488368737981773e-07
8.708750548480637121e-07
8.961223291747977271e-07
4.529105482875550592e-07
4.794165086030588441e-07
5.179714321901229823e-07
5.681949298841360019e-07
6.303550896813447935e-07
7.023038908204881636e-07
7.831785518996881024e-07
8.714332689896409079e-07
9.657327676437788000e-07
1.064678717077605086e-06
1.167267022261775367e-06
1.271143554193443492e-06
1.374666662279366847e-06
1.476832046209963778e-06
1.575026581379646018e-06
1.667700618934730983e-06
1.754596650971329552e-06
1.833633963888026130e-06
1.902577994483678481e-06
1.962614295858422508e-06
2.009088425070082451e-06
2.045659069027649934e-06
2.068295629653604806e-06
2.078309452535620494e-06
2.074763637449628106e-06
2.058758636347413074e-06
2.028529646591614721e-06
1.987379175449888180e-06
1.933814755661344975e-06
1.869306854862529121e-06
1.794833070833945499e-06
1.711978021678994821e-06
1.621756864134127341e-06
1.526300359211418822e-06
1.425745937644329331e-06
1.322747033460913713e-06
1.218881461984011594e-06
1.115261899831132553e-06
1.014281360123270304e-06
9.176442220537595063e-07
8.260919326374960292e-07
7.413106107856393123e-07
6.647207011489797424e-07
5.971191213705040468e-07
5.412370625013096515e-07
4.969438452961938424e-07
4.639577981802034401e-07
4.117761404076603071e-07
0.000000000000000000e+00
