0.000000000000000000e+00
6.639947358610953643e-08
7.753282160738450557e-08
8.901096892888205048e-08
1.004285005157257160e-07
1.116504504405924081e-07
1.223554654261604924e-07
1.325288039311089960e-07
1.420464431634016478e-07
1.508679497996823216e-07
1.590079122815168944e-07
1.664733713102606316e-07
1.733304927364898163e-07
1.795937942805636567e-07
1.852779950572980283e-07
1.904248941864139510e-07
1.950912583703612313e-07
1.993345780659794286e-07
2.031193485629856355e-07
2.065069090173565769e-07
2.095307088945119744e-07
2.122975911733604448e-07
2.147671217533897448e-07
2.169112930383576554e-07
2.188196505104045286e-07
2.204832821872670934e-07
2.220315481471502039e-07
2.232570776028452997e-07
2.243099896936939786e-07
2.251835475863828151e-07
2.259316908004294078e-07
2.265125851330651585e-07
2.268695588059088664e-07
2.271240943096941578e-07
2.272149510762488944e-07
2.271640445750122694e-07
2.268881502676123318e-07
2.265690906000372706e-07
2.260299104550611560e-07
2.252884024889212355e-07
2.244099936987709043e-07
2.234202892692493947e-07
2.221712348537963067e-07
2.207049440983155364e-07
2.190859970108149923e-07
2.171744807322184556e-07
2.150482102392103911e-07
2.126398005453111750e-07
2.098884429591052481e-07
2.068960895940108458e-07
2.035675973344197587e-07
1.998756995469364028e-07
1.956789705825912051e-07
1.910652488446018538e-07
1.859807523540979446e-07
1.803611150430484145e-07
1.741448782954790886e-07
1.673313693162370441e-07
1.600282906188965626e-07
1.519128322025053990e-07
1.432041621951540833e-07
1.338021734520467021e-07
1.236471207644029846e-07
1.130303703966717421e-07
1.018427240317976157e-07
9.047511340121161538e-08
7.896984077770952126e-08
6.774448879642847032e-08
1.212898480817958813e-07
4.849654022809346543e-08
4.179030232975833314e-08
3.821867344822038604e-08
3.888862176726348707e-08
4.519334972918898075e-08
5.787852086491795944e-08
7.792682821250451752e-08
1.058764079742147146e-07
1.413676693484688940e-07
1.829717838353062120e-07
2.280216644390264946e-07
2.728603644142069129e-07
3.127583253492716153e-07
3.429941518584556093e-07
3.599664785136624801e-07
3.609036105522989146e-07
3.458250175114585545e-07
3.171100300125573312e-07
2.779374107531040750e-07
2.334329864961404155e-07
1.883087932252891505e-07
1.460373501016576370e-07
1.096565748204270108e-07
8.087556124802830482e-08
5.981111028674490626e-08
4.611814352628584857e-08
3.915820112609935677e-08
3.796600689387474858e-08
4.108181950179812247e-08
4.744557580149688647e-08
0.000000000000000000e+00
