0.000000000000000000e+00
1.609621991249809980e-09
2.106132712675901075e-09
2.500304074892767403e-09
2.809927401870027097e-09
3.048840513386608109e-09
3.234648104921689082e-09
3.378294977096629736e-09
3.491082756212904314e-09
3.578980445340107508e-09
3.649095137170377257e-09
3.704643702917564951e-09
3.748894750188469516e-09
3.784732860445672031e-09
3.813889315473772967e-09
3.837324236144468159e-09
3.856611585639768691e-09
3.872264398019353848e-09
3.885286536942089697e-09
3.895695321887160389e-09
3.904727430281695888e-09
3.912046686593839695e-09
3.918176894046609959e-09
3.923693148166762512e-09
3.927927760827287784e-09
3.931286407521383808e-09
3.934404801952950947e-09
3.936930337289368254e-09
3.939108372819077886e-09
3.941008408503421379e-09
3.942596471517845202e-09
3.943447124399312997e-09
3.944477744433072530e-09
3.945268556293513029e-09
3.946005633359561671e-09
3.946619253625271995e-09
3.947402849036052430e-09
3.947810633952997250e-09
3.947822069250150889e-09
3.948045335100403008e-09
3.948286808608258980e-09
3.948433024980602113e-09
3.948758431349119746e-09
3.948546822840626191e-09
3.948360749461699015e-09
3.948486870797296433e-09
3.948034899003971532e-09
3.948005034004609115e-09
3.947787652336387509e-09
3.947379312307930377e-09
3.946766025109127440e-09
3.946024951240190148e-09
3.945181847875289805e-09
3.944381932186047379e-09
3.943375292969619750e-09
3.942372872600685696e-09
3.940965775939275773e-09
3.939075066128339131e-09
3.936684422889413781e-09
3.934024217500109444e-09
3.931271974622063681e-09
3.927488112509536222e-09
3.923054547882998122e-09
3.917953406151752915e-09
3.911687862512280844e-09
3.904288892186968951e-09
3.895121447605731646e-09
3.884052413027916373e-09
3.871231557539545065e-09
3.855000318964130201e-09
3.835458617373888046e-09
3.811567395040071915e-09
3.781821522608197483e-09
3.745594057136258925e-09
3.700254103122802007e-09
3.643194856906006862e-09
3.571722473338923010e-09
3.481924859549678786e-09
3.366636525115040968e-09
3.219649213903608143e-09
3.030041662022142646e-09
2.784473762673655983e-09
2.467511084347506767e-09
2.064649118338479639e-09
1.557702078436307147e-09
9.366216691120143878e-10
3.143033611152645790e-10
1.853691644626564994e-10
1.242086433705935633e-10
1.159642160075691208e-09
4.169302236789462768e-09
7.956483472071340657e-09
9.676798695679167395e-09
7.627354747796744050e-09
3.813163451660273040e-09
9.604859130263321276e-10
1.744335786924011700e-10
1.554952833160427872e-10
3.719186070227920027e-10
2.748510728907416212e-12
