0.000000000000000000e+00
2.184196742360811072e-07
3.328613715769535020e-07
4.027172197940132037e-07
4.539873418307749375e-07
4.957152306417356158e-07
5.336242284714742823e-07
5.684417587747958578e-07
6.019984336580463946e-07
6.339333215032993962e-07
6.638859618712800170e-07
6.921574711160616289e-07
7.193979992825560998e-07
7.439206787251961828e-07
7.662905231464733902e-07
7.863640710814578938e-07
8.062175153034090158e-07
8.255132034618029024e-07
8.417031359675419822e-07
8.581698552889704956e-07
8.726664634250980157e-07
8.859671215555309232e-07
8.978605348097801198e-07
9.086839430905158110e-07
9.192940737534627260e-07
9.288090742076704487e-07
9.373373315302302444e-07
9.459782385201620514e-07
9.525684613320706262e-07
9.594436906068537496e-07
9.662878539540287193e-07
9.717315422319572349e-07
9.763637893733800865e-07
9.808593692817169085e-07
9.845411755859956315e-07
9.878971305443684514e-07
9.904329872911787902e-07
9.931953169894924827e-07
9.949799307795714753e-07
9.967074888761473517e-07
9.979642404678301659e-07
9.989692254519511039e-07
9.995431169418367290e-07
9.994548219038890124e-07
9.987372573405650655e-07
9.980372708273677063e-07
9.962140353758641709e-07
9.946998883458846308e-07
9.929349401582854284e-07
9.903374240671780626e-07
9.874000642673408379e-07
9.843040421619875247e-07
9.804507538069273664e-07
9.763144767083176134e-07
9.713136628342056156e-07
9.648719577759479193e-07
9.596233140340970635e-07
9.517318572127564380e-07
9.441773879403925207e-07
9.364357289598501666e-07
9.278823362990351598e-07
9.187061124071860263e-07
9.080606566680415881e-07
8.966816755773265868e-07
8.844908057081823927e-07
8.712754304696090912e-07
8.571424056080800824e-07
8.411255734142031315e-07
8.237986359738158626e-07
8.046796236005349101e-07
7.853740775498607718e-07
7.642267656482459870e-07
7.407615864041261489e-07
7.154881351834063707e-07
6.892418978887704384e-07
6.605308243701202287e-07
6.309845977936490158e-07
5.990543492373490153e-07
5.650420001890310573e-07
5.294985145898323253e-07
4.908548782989186066e-07
4.490366894982500412e-07
3.959347324444806304e-07
3.227802392036238643e-07
2.016614853994624923e-07
2.999959181071432113e-08
4.986112721594437858e-07
1.488217999945362635e-06
3.456585297656467048e-06
7.082773064159830767e-06
1.255246390063913253e-05
1.832035036253287785e-05
2.079196864057664129e-05
1.784763126089217167e-05
1.197799892871387328e-05
6.646516064079399655e-06
3.208350307759566533e-06
1.348522402966345624e-06
4.393943785485632247e-07
1.110223024625156540e-16
