0.000000000000000000e+00
1.882807343367431940e-08
2.877468707751518195e-08
3.480464461080856609e-08
3.928221692373057294e-08
4.295617483940361581e-08
4.625401783808769096e-08
4.927728403103515120e-08
5.220616339229877667e-08
5.499155653065912475e-08
5.757041421361464018e-08
6.000639474201818757e-08
6.232173710429833591e-08
6.446746714239282028e-08
6.650997086410370684e-08
6.838298349798321851e-08
7.007675462133988731e-08
7.168427340609184739e-08
7.319228201296823499e-08
7.457329376236998542e-08
7.578705907285154808e-08
7.694970183269589370e-08
7.798121537394564484e-08
7.899381126996729563e-08
7.981021166170165770e-08
8.074188673212745471e-08
8.140628970920715801e-08
8.211099067345628555e-08
8.281023911038687402e-08
8.336702561617670426e-08
8.395386719151076704e-08
8.441936161229790514e-08
8.483028457462182814e-08
8.522080907624740576e-08
8.554124175663702090e-08
8.581641675053930385e-08
8.605590506860494315e-08
8.629145020755402129e-08
8.646434046521989103e-08
8.662366823841693986e-08
8.671974138785287778e-08
8.680230867419425067e-08
8.686468477847597569e-08
8.684567809336130040e-08
8.680598606591871658e-08
8.670783024911088432e-08
8.656614536306506125e-08
8.645683480246191266e-08
8.625491743075031081e-08
8.604898249497949791e-08
8.579108601303175874e-08
8.552257102500959718e-08
8.519339089740896043e-08
8.478131552358547651e-08
8.432276865644183772e-08
8.382740412926636964e-08
8.336882217907515269e-08
8.275369189902903599e-08
8.211376378852719427e-08
8.133772988472287579e-08
8.055582423338591980e-08
7.976284666089128450e-08
7.887526787264675932e-08
7.788329181579456417e-08
7.682107971973550775e-08
7.567860837998097168e-08
7.434053117538752531e-08
7.303473315012354306e-08
7.152416947597828312e-08
6.992780865466841078e-08
6.809825348064180162e-08
6.635241101005107112e-08
6.428716536888146038e-08
6.220686821212240147e-08
5.987017248632042765e-08
5.728675311900133238e-08
5.470601216472914530e-08
5.195760632847878924e-08
4.899461225615908688e-08
4.593014546472318216e-08
4.249642437947898088e-08
3.879956478325397029e-08
3.421619076959814265e-08
2.782829644498718835e-08
1.709035279962023424e-08
2.990974579120120325e-09
4.425876631852787568e-08
1.299774098351136331e-07
3.014417797597701565e-07
6.164738460823215860e-07
1.095567653375262296e-06
1.597941475361963626e-06
1.812171032566922690e-06
1.557394373907783347e-06
1.045629456020158443e-06
5.799914284398965947e-07
2.790199461477627096e-07
1.181043665088310490e-07
3.841592310926955633e-08
2.775557561562891351e-15
