0.000000000000000000e+00
2.042231908061520329e-05
2.380481408426060597e-05
2.487619217594883025e-05
2.534268379672521831e-05
2.558459799850698602e-05
2.572690444357927930e-05
2.581769295140201592e-05
2.587917262386607575e-05
2.592249732391582739e-05
2.595462979626539379e-05
2.597867336573411734e-05
2.599772916822562507e-05
2.601239105026742493e-05
2.602447516819594853e-05
2.603454045013720020e-05
2.604284965301850718e-05
2.604950039231113124e-05
2.605558844182009892e-05
2.606050014264393866e-05
2.606481161160356663e-05
2.606863826148941854e-05
2.607177205526944874e-05
2.607477053861995131e-05
2.607721733915990825e-05
2.607941212129372133e-05
2.608140380666590374e-05
2.608330203945907755e-05
2.608480980492711154e-05
2.608618902677495299e-05
2.608746514221049750e-05
2.608861164243858610e-05
2.608968320549909237e-05
2.609056924429697943e-05
2.609140225695583126e-05
2.609215011084575764e-05
2.609293478250673815e-05
2.609334416225905784e-05
2.609399093567166261e-05
2.609453698665387122e-05
2.609476422199552559e-05
2.609523809826708174e-05
2.609551007004551337e-05
2.609577230527904135e-05
2.609591454838522395e-05
2.609627170058193002e-05
2.609639989692436046e-05
2.609648584972479313e-05
2.609653020424484993e-05
2.609653328289329721e-05
2.609642145923185552e-05
2.609641540041174324e-05
2.609621983662435696e-05
2.609612870696498277e-05
2.609591957181134347e-05
2.609566456668321877e-05
2.609536171604975863e-05
2.609493437355503431e-05
2.609452801516365383e-05
2.609413976206731434e-05
2.609350267712695626e-05
2.609295349864648728e-05
2.609229469585638839e-05
2.609151919863439417e-05
2.609062348502000361e-05
2.608982794305436670e-05
2.608889055155660941e-05
2.608776309220850464e-05
2.608643067703031448e-05
2.608511037671679134e-05
2.608342805854313440e-05
2.608160250783253531e-05
2.607984993485690239e-05
2.607752336702962026e-05
2.607495697770634280e-05
2.607235590668111058e-05
2.606915423919442532e-05
2.606549037931227275e-05
2.606113200986914791e-05
2.605638483910155401e-05
2.605067740302224877e-05
2.604370580405745983e-05
2.603580063398336364e-05
2.602618108549226150e-05
2.601446640237981001e-05
2.600018099296885765e-05
2.598187748981128919e-05
2.595844932706814490e-05
2.592803714007718696e-05
2.588631689970366523e-05
2.582853486654546060e-05
2.574340469674307741e-05
2.561109836718422628e-05
2.538865170442772268e-05
2.496940541252268275e-05
2.403805005379844317e-05
2.126950563585694454e-05
6.657925632036487684e-06
1.510421768949887777e-04
3.766800316107321578e-09
