0.000000000000000000e+00
1.348764719688588798e-06
1.669683318827885898e-06
1.813945657791471433e-06
1.889936572463390974e-06
1.934547506965422770e-06
1.963109999780776604e-06
1.982397489164178239e-06
1.996164662676491730e-06
2.006254729902678946e-06
2.013890756713543340e-06
2.019822591847741933e-06
2.024548418355642809e-06
2.028406348220102018e-06
2.031533538504604053e-06
2.034163223973983747e-06
2.036351377077139091e-06
2.038207958077187243e-06
2.039766228478789856e-06
2.041191502044625850e-06
2.042386259337725107e-06
2.043427751008408677e-06
2.044315433047394492e-06
2.045149051221883951e-06
2.045868874200884591e-06
2.046499046004512934e-06
2.047068387023287528e-06
2.047577651320686698e-06
2.048028799772616537e-06
2.048444233793134117e-06
2.048802049681164306e-06
2.049142669657832982e-06
2.049429030370752969e-06
2.049700625339490045e-06
2.049953986893449098e-06
2.050168115719230855e-06
2.050367901906824386e-06
2.050546281551213212e-06
2.050697385902466863e-06
2.050847613621620269e-06
2.050965240085744767e-06
2.051090028598601123e-06
2.051164283645157127e-06
2.051254907264876692e-06
2.051308895745229677e-06
2.051374817013673635e-06
2.051409237480150694e-06
2.051441106210027954e-06
2.051449039530695018e-06
2.051448436901637251e-06
2.051436540084772275e-06
2.051411229886390686e-06
2.051372234634918357e-06
2.051324528129505609e-06
2.051260147184486016e-06
2.051185020612855681e-06
2.051094884603088531e-06
2.050989721502638474e-06
2.050854225221776517e-06
2.050708622580721396e-06
2.050561713651255502e-06
2.050388785312939888e-06
2.050197701275457973e-06
2.049981301266434741e-06
2.049741631537926878e-06
2.049472035747790244e-06
2.049186741515107713e-06
2.048862599912659732e-06
2.048492345863017761e-06
2.048097101581269897e-06
2.047651689873752900e-06
2.047149067374576248e-06
2.046593802873530876e-06
2.045969283659410110e-06
2.045264041572458780e-06
2.044442280690894620e-06
2.043573989363167698e-06
2.042515102940178906e-06
2.041343641123738450e-06
2.039981949475411227e-06
2.038416300420564653e-06
2.036598855559290655e-06
2.034467013523055812e-06
2.031945445346572399e-06
2.028932646780390314e-06
2.025215679934966317e-06
2.020641835076553150e-06
2.014895418178674902e-06
2.007533232095681797e-06
1.997876122206143634e-06
1.984785273134725969e-06
1.966466013247902822e-06
1.939620570268196786e-06
1.898089878271669306e-06
1.828485575949834185e-06
1.698379602510513564e-06
1.418923670559735228e-06
4.858685496156311956e-07
5.093922100352088478e-05
5.551115123125782702e-16
