0.000000000000000000e+00
8.918455207673758878e-07
1.650432607247509509e-06
2.256953287149698895e-06
2.730848053467127556e-06
3.098908455956284058e-06
3.383589886718496587e-06
3.603222138215400605e-06
3.773968778819636327e-06
3.907139404235593361e-06
4.010939361420717830e-06
4.092742799333137782e-06
4.157259915982258747e-06
4.208836173247298973e-06
4.249653272170306195e-06
4.282357709106676680e-06
4.308711847311741394e-06
4.329659004875807682e-06
4.347351568512181075e-06
4.360652009482990366e-06
4.371789167789685848e-06
4.380606633214156886e-06
4.387706406094871170e-06
4.393382648237853516e-06
4.397631399033485877e-06
4.401358938643795682e-06
4.403998346225179716e-06
4.406303181991866325e-06
4.408168114644617219e-06
4.409264670934831543e-06
4.410229916151919838e-06
4.411078616040065015e-06
4.412343275417285327e-06
4.412821305477265810e-06
4.412603039627427393e-06
4.413151446613916562e-06
4.413136658221183950e-06
4.413413383419495517e-06
4.412921297380911767e-06
4.413101722944290373e-06
4.412858728541912967e-06
4.412930499575473675e-06
4.412898356953576240e-06
4.412956350452468257e-06
4.413318225537921080e-06
4.413376371248389773e-06
4.413011430948188263e-06
4.413031787109389370e-06
4.413058022012528170e-06
4.412685649768377516e-06
4.413306516015680359e-06
4.412597715663935105e-06
4.411857266628516072e-06
4.413013287685174646e-06
4.411686755356747369e-06
4.410139370913945811e-06
4.409712948461042004e-06
4.407998404620805388e-06
4.406048599969736301e-06
4.403579309641969530e-06
4.400816278060659670e-06
4.396586471333563395e-06
4.392019305132777163e-06
4.386405050293973318e-06
4.379285643674180051e-06
4.370218547267157305e-06
4.358842075613544864e-06
4.345017073581480815e-06
4.327803932113738483e-06
4.305841081575501050e-06
4.279090068615154507e-06
4.246006333752383455e-06
4.204677861441297182e-06
4.151770997884440817e-06
4.085531605024783630e-06
4.002130617908328247e-06
3.895681499388459201e-06
3.760309236655601239e-06
3.585397111205423926e-06
3.360267389340698685e-06
3.069048803761020849e-06
2.691225025275301164e-06
2.202645982385398327e-06
1.580615700103038535e-06
8.062159352340003693e-07
9.602668926689261752e-08
1.017642108247507338e-06
1.609113423395314157e-06
1.119370578894773871e-06
1.655943338452203761e-06
7.542966093954106555e-06
1.471993674484473047e-05
1.798117598073023515e-05
1.416725075786828825e-05
6.919906411995135898e-06
1.301206265180709920e-06
1.209551294234501029e-06
1.560322891003274037e-06
9.194188279604276204e-07
8.881784197001252323e-16
