0.000000000000000000e+00
1.058259035957576089e-10
4.584220780756709246e-10
1.063759968999988814e-09
1.914419178739024119e-09
2.968015944126989325e-09
4.194381619804232741e-09
5.603442487789322968e-09
7.199636331556291680e-09
8.924326833081863697e-09
1.073125910355798851e-08
1.260643245348802566e-08
1.453516740301807886e-08
1.646113634290458094e-08
1.838734375869677251e-08
2.024899947716818360e-08
2.205102578312079231e-08
2.371275842349973573e-08
2.529576348386797235e-08
2.667280230017610165e-08
2.783340480316809362e-08
2.882360483624779590e-08
2.962347844803758790e-08
3.019678462834463062e-08
3.048702768015942866e-08
3.054720187911641460e-08
3.039711349295259879e-08
2.993693037911526744e-08
2.926245257217630069e-08
2.840895574340862595e-08
2.732371850999726348e-08
2.599538329040029794e-08
2.451090830302149470e-08
2.289563905133462640e-08
2.121177766767345929e-08
1.937856153322314867e-08
1.744308575357678137e-08
1.550764860969167103e-08
1.357760071041269612e-08
1.165741514430607140e-08
9.812869961045578293e-09
8.052116862167224554e-09
6.416809306131199264e-09
4.911853368483320992e-09
3.568459860936457062e-09
2.431035373007262024e-09
1.484201761492442984e-09
7.725593498264515802e-10
2.957903921796400937e-10
4.286093702177140585e-11
2.515376795741985916e-11
2.572689838942210372e-10
7.331589779724367872e-10
1.466222809831663199e-09
2.424113132448724173e-09
3.563155326347100527e-09
4.879440074212482159e-09
6.386470130514965149e-09
8.049525379583144513e-09
9.825318447731490323e-09
1.166359775428560397e-08
1.357088230680147944e-08
1.549965356062443789e-08
1.741654409581627760e-08
1.932439441798550206e-08
2.116777497729316337e-08
2.289996292592633154e-08
2.451103409129018473e-08
2.602529836082112524e-08
2.727709758065799406e-08
2.835060219918972280e-08
2.923614805805385686e-08
2.995462877741772445e-08
3.036812901147101229e-08
3.054579844619098594e-08
3.048200936106582049e-08
3.019465444342728233e-08
2.962120915217525408e-08
2.886251426748032145e-08
2.790158226684269493e-08
2.666586618182975599e-08
2.526735642938149340e-08
2.370970297871366483e-08
2.205453297765558318e-08
2.030093204652416716e-08
1.842256891482207948e-08
1.646852054726366532e-08
1.453746845125891696e-08
1.260640936084911345e-08
1.072821265157841708e-08
8.923324634757534568e-09
7.216079955796317336e-09
5.641914158083238817e-09
4.212335258380051073e-09
2.966229817324972373e-09
1.922416337230004046e-09
1.089439205514963760e-09
5.009581638404370096e-10
1.388517079092821405e-10
0.000000000000000000e+00
