0.000000000000000000e+00
3.204607688600535909e-05
3.629543288563574777e-05
3.718422621790118399e-05
3.742449540411474374e-05
3.749344243475505323e-05
3.750911530664424731e-05
3.750585838280251494e-05
3.749704617461713241e-05
3.748667521197290853e-05
3.747658757535798912e-05
3.746690118777706857e-05
3.745852465719679003e-05
3.745124554044299003e-05
3.744470299971158767e-05
3.743889413243550734e-05
3.743396611710636535e-05
3.742946386053880303e-05
3.742550579000081257e-05
3.742198265543894564e-05
3.741877181329122948e-05
3.741617655239615203e-05
3.741353402886282709e-05
3.741120729938707257e-05
3.740926636530694793e-05
3.740741921753887311e-05
3.740569513732694418e-05
3.740419820807971973e-05
3.740289728459966767e-05
3.740165348775637000e-05
3.740053114054120442e-05
3.739954857606697658e-05
3.739862277218897191e-05
3.739768204813476160e-05
3.739690696880071386e-05
3.739632125121516992e-05
3.739576601935468148e-05
3.739501167332459630e-05
3.739462892160538843e-05
3.739418063775090673e-05
3.739378758338407494e-05
3.739332999797007062e-05
3.739316617901167206e-05
3.739292133908556082e-05
3.739272510350222234e-05
3.739254944701286831e-05
3.739242745592896711e-05
3.739226675825157997e-05
3.739232998500874317e-05
3.739232744270903908e-05
3.739243904909983485e-05
3.739232426225314043e-05
3.739264109225981514e-05
3.739270810065864481e-05
3.739287534310076211e-05
3.739311225248176385e-05
3.739351035125793032e-05
3.739371994315732195e-05
3.739408616199035862e-05
3.739443642247763933e-05
3.739504412392236077e-05
3.739567419913658597e-05
3.739611462172387490e-05
3.739695503091056139e-05
3.739761484777837097e-05
3.739844121708468805e-05
3.739940758962223555e-05
3.740036472377195054e-05
3.740148889130878729e-05
3.740271414964801977e-05
3.740408621211166462e-05
3.740559153875278042e-05
3.740715555122786640e-05
3.740889093084565076e-05
3.741109121957464367e-05
3.741317237526686768e-05
3.741572302695672647e-05
3.741832246739740242e-05
3.742141162854650815e-05
3.742486033830871861e-05
3.742888424851376072e-05
3.743321709348546023e-05
3.743810657841351031e-05
3.744380908043964951e-05
3.745022515733165136e-05
3.745750252126534008e-05
3.746573853546930621e-05
3.747501670392505702e-05
3.748488762900237248e-05
3.749537428854310406e-05
3.750469652974430801e-05
3.750896273790882418e-05
3.749820822329663628e-05
3.744155862206444141e-05
3.724194514675982504e-05
3.651909156687782598e-05
3.323554618805957261e-05
9.989646274854990793e-06
2.231872477135299349e-04
1.110223024625156540e-15
