0.000000000000000000e+00
2.033743390361664183e-07
3.153817021983584823e-07
3.814181308570141482e-07
4.301643075077521416e-07
4.692765787073227557e-07
5.058057457318909655e-07
5.386983403798950576e-07
5.711200005142913483e-07
6.014010388577517574e-07
6.297162613577711454e-07
6.563308649898402791e-07
6.819250499834339507e-07
7.053885346941513035e-07
7.266666441907432272e-07
7.476034036280054806e-07
7.665409770263309497e-07
7.831999061513883476e-07
7.997060978981451740e-07
8.145836702944109220e-07
8.285366763782775479e-07
8.412551634195963857e-07
8.523001391314011244e-07
8.624984720873030142e-07
8.721888407059452675e-07
8.816715061366053874e-07
8.911089622865020488e-07
8.978827696903834976e-07
9.047506065451571544e-07
9.117832706628803408e-07
9.173457656830308338e-07
9.228665547311720729e-07
9.273709500323690236e-07
9.316298452688442921e-07
9.351670973156700484e-07
9.382096461951761057e-07
9.408158291313029054e-07
9.432137720866151653e-07
9.456310301469983415e-07
9.470987238913153305e-07
9.482424354612106754e-07
9.493162232976359860e-07
9.496639818973307001e-07
9.495058532760225489e-07
9.489209022994771203e-07
9.476882963932453663e-07
9.462534295012758889e-07
9.446615355512832934e-07
9.429199707700064437e-07
9.406635999020807049e-07
9.381936955099590136e-07
9.348303228184917657e-07
9.314694130457823462e-07
9.268668783590783278e-07
9.218266558974619329e-07
9.173483885849265107e-07
9.112889280959990401e-07
9.035303861759658162e-07
8.965106651492860124e-07
8.891183935766377999e-07
8.810322572605500113e-07
8.715913513146489322e-07
8.623314263767056786e-07
8.515613832971169472e-07
8.399055273500266594e-07
8.271132108106371561e-07
8.136740456965441126e-07
7.975826803452434888e-07
7.807282521588021496e-07
7.645803057343414366e-07
7.448192693715327550e-07
7.255239882208996960e-07
7.028147847032428785e-07
6.791643585302153951e-07
6.534126640866944058e-07
6.271419016323775963e-07
5.980581294640074930e-07
5.674262547605835039e-07
5.355776618864993566e-07
5.015409760833478003e-07
4.642856741288170497e-07
4.239117614712739623e-07
3.731606875723159078e-07
3.031030757494335148e-07
1.890611091015514944e-07
3.428845918307388274e-08
4.850284122115411378e-07
1.424610419964444930e-06
3.302112967284998035e-06
6.768764763021017927e-06
1.198673520041992901e-05
1.747955622155572541e-05
1.977776671369113615e-05
1.702711798856615388e-05
1.141052490483129844e-05
6.320800314263408382e-06
3.051786116037291663e-06
1.290808222198513988e-06
4.197481937584512934e-07
3.330669073875469621e-15
