0.000000000000000000e+00
5.290169600713490183e-06
1.010722358230076168e-05
1.461512994549440947e-05
1.830027304028369883e-05
2.210564061932984714e-05
2.528844714144717898e-05
2.852748214721145814e-05
3.093448562074829766e-05
3.347128911923569206e-05
3.570378345740810033e-05
3.772311938421424315e-05
3.956026909635035338e-05
4.130439911143035658e-05
4.278489074471814035e-05
4.416803457485407591e-05
4.538339958204407054e-05
4.651849591530421435e-05
4.755766605368805244e-05
4.850700245573325020e-05
4.941713063355557267e-05
5.019593561184088060e-05
5.089155047521831676e-05
5.150322116331818023e-05
5.202842259477424847e-05
5.251368619518803627e-05
5.295304224584018726e-05
5.332799719981462516e-05
5.366333080247809306e-05
5.391711565461143607e-05
5.414853567176081128e-05
5.429940722234682937e-05
5.445728982000908047e-05
5.453016067291649449e-05
5.455626034633898058e-05
5.449640168464497947e-05
5.442917927445112269e-05
5.434304592166760983e-05
5.413985218294392610e-05
5.394583570683675333e-05
5.365289464553946175e-05
5.335322833444067214e-05
5.298707358780685439e-05
5.258230603399915992e-05
5.209070033274088019e-05
5.155872919493376116e-05
5.096891846023687833e-05
5.029845318571535273e-05
4.953165772514367404e-05
4.861423943347542576e-05
4.769277186289500037e-05
4.669674950008584347e-05
4.554979598347941305e-05
4.433343327625571817e-05
4.294600625920352854e-05
4.145736080751749597e-05
3.979615299642969006e-05
3.796802718247782593e-05
3.595413042878359278e-05
3.378997602077049578e-05
3.133018262524434050e-05
2.887213171609559481e-05
2.571723067479325664e-05
2.251117511498090806e-05
1.905266235691094323e-05
1.503876604291853880e-05
1.078472230897631334e-05
6.039629059539919353e-06
8.433104599081531205e-07
5.057945710040812060e-06
1.099554517169920587e-05
1.790472418483624040e-05
2.471178490126568761e-05
3.289755741386901633e-05
4.074952101296158702e-05
4.926846593722444823e-05
5.771354030326136808e-05
6.655167413827101086e-05
7.460351073229620766e-05
8.291602255361407714e-05
8.917689892162794507e-05
9.445247107331411485e-05
9.863377296392972227e-05
1.001364319610509312e-04
1.008237936246381139e-04
9.898223466131561565e-05
9.526969673046004061e-05
8.991062058782972599e-05
8.325984183232826297e-05
7.581784388577261780e-05
6.771909452218949355e-05
5.867187346997315700e-05
5.028660352357494645e-05
4.173298596810148808e-05
3.386260634641313771e-05
2.560626313108382845e-05
1.880257496633674918e-05
1.175924100405012496e-05
5.486771408769186564e-06
0.000000000000000000e+00
