0.000000000000000000e+00
1.576389127122546086e-06
2.381587355215764035e-06
2.871955942507220527e-06
3.224051041361697401e-06
3.522122377530578774e-06
3.788943470750538722e-06
4.035978309890886351e-06
4.269671333045899075e-06
4.495157138850736089e-06
4.693605797578825900e-06
4.892126870048585374e-06
5.086803955722807302e-06
5.256631974703829258e-06
5.418816482971600124e-06
5.566527384814889956e-06
5.706797765236970577e-06
5.831645958243036887e-06
5.951737742981855206e-06
6.064023219454206526e-06
6.166577825372776545e-06
6.259906681016502716e-06
6.351844441865317492e-06
6.430110381816511733e-06
6.501156793015105961e-06
6.569479454987536826e-06
6.631536977774743491e-06
6.686360100593979894e-06
6.731487818489867436e-06
6.784642042512167848e-06
6.828505345946034311e-06
6.866797085725018235e-06
6.900577147583852877e-06
6.923497087529817406e-06
6.952786040126390787e-06
6.979349916003130261e-06
6.982683424028301999e-06
7.017739471759654180e-06
7.034092078472831133e-06
7.046660510323654592e-06
7.056546826311738130e-06
7.061381135486932692e-06
7.049990026097852081e-06
7.047667235915433537e-06
7.031784175492994393e-06
7.026405654642076115e-06
7.017611645898647055e-06
7.016910691715061432e-06
7.002942412959178853e-06
6.987644824318905989e-06
6.977560759069412200e-06
6.955353877069470059e-06
6.921048630981196936e-06
6.893859314405226257e-06
6.858660521413817435e-06
6.819809617808481050e-06
6.774692637545598473e-06
6.732069444681521020e-06
6.675584713122795222e-06
6.621573424125948293e-06
6.562899886319861764e-06
6.496638780939534286e-06
6.420993421962783998e-06
6.338841006758855201e-06
6.253762978580823528e-06
6.156151139302679098e-06
6.053453330046032477e-06
5.940440094942545102e-06
5.823915573910376509e-06
5.696782916397857832e-06
5.557342231399253762e-06
5.409568952674526088e-06
5.245443960633089375e-06
5.076919204149987763e-06
4.888060311847297612e-06
4.688767480498512441e-06
4.467164726684735854e-06
4.246180082989603477e-06
4.011631095424128546e-06
3.763557970604125558e-06
3.491988095905007583e-06
3.193999286610349486e-06
2.831111375445338751e-06
2.311209989724893887e-06
1.459384037283406599e-06
1.794510097186119424e-07
3.513310370850675213e-06
1.039540794034454763e-05
2.426228727769874638e-05
4.976962308611554420e-05
8.836984510673939752e-05
1.290674318401574538e-04
1.463858000385620528e-04
1.257896986810447260e-04
8.434844837390542693e-05
4.674077088073769204e-05
2.261682387649788240e-05
9.510986356819906007e-06
3.082102936091679624e-06
2.109423746787797427e-15
