0.000000000000000000e+00
4.535890905099648762e-07
8.395976549557815360e-07
1.150123413617976098e-06
1.392641334807542819e-06
1.580616367902187847e-06
1.725537101870955325e-06
1.837630213108454313e-06
1.924878177184119465e-06
1.992328878097637812e-06
2.045110827020302224e-06
2.087181947940663918e-06
2.120110953796050524e-06
2.146499267108303854e-06
2.167383534201761108e-06
2.184271999938758313e-06
2.197461675068623776e-06
2.208286562055405966e-06
2.217032865625689908e-06
2.223787357036322021e-06
2.229441740886350942e-06
2.233618849545315754e-06
2.237522604198183274e-06
2.240383392804190521e-06
2.242820477338369756e-06
2.244752727365018075e-06
2.246112883019790729e-06
2.247463779747604917e-06
2.248774795821084638e-06
2.249213409521999552e-06
2.249615771332535985e-06
2.250916848578476959e-06
2.250164789718844816e-06
2.250502674105980816e-06
2.250992887642411233e-06
2.250991346208763844e-06
2.250672542003506749e-06
2.250844039486388226e-06
2.250799886471810396e-06
2.250730761987895789e-06
2.251048717760717466e-06
2.250921037449948869e-06
2.250938402892366241e-06
2.250959009297837099e-06
2.251154389676379708e-06
2.250622742505647977e-06
2.250568190143020786e-06
2.250773612377798827e-06
2.251064002423142085e-06
2.250918491042419589e-06
2.250891072086425027e-06
2.250843406326197282e-06
2.250798428415912156e-06
2.250558939542735004e-06
2.249730770342850406e-06
2.249977109292089494e-06
2.249506705909176674e-06
2.248155995143719110e-06
2.247529735877051849e-06
2.246418917550840888e-06
2.244767329462327154e-06
2.242936362750747037e-06
2.240629701666385643e-06
2.237867562371320673e-06
2.233987563160511058e-06
2.229288528776685041e-06
2.224011772189449232e-06
2.216867370674613369e-06
2.207930195563534426e-06
2.196722578062804132e-06
2.182982515530618173e-06
2.166064944630896605e-06
2.144942902515545313e-06
2.118249910809666403e-06
2.084192629814296538e-06
2.041966525756500062e-06
1.987357986399373999e-06
1.917868977741044034e-06
1.828625767030800375e-06
1.714159176269269835e-06
1.565379475265693543e-06
1.372957770251481691e-06
1.123967894534061429e-06
8.068951269368795920e-07
4.121703162107692719e-07
4.760295524430802061e-08
5.175699572257386194e-07
8.180211470421028253e-07
5.724046626687240291e-07
8.454653142031531843e-07
3.848970448139255041e-06
7.524524326618653447e-06
9.169651089768748875e-06
7.221983410188315133e-06
3.533630479002347613e-06
6.653326830585726270e-07
6.138006879430335516e-07
7.977466641717612106e-07
4.706205497528870296e-07
1.776356839400250465e-15
