0.000000000000000000e+00
6.694202976387231274e-07
1.074377276921723023e-06
1.376209940007200316e-06
1.612896288527565503e-06
1.796307710022482240e-06
1.937836480392363114e-06
2.047956501938230645e-06
2.133801935699786156e-06
2.201511901223085488e-06
2.255058926592390378e-06
2.297700192999130309e-06
2.331736258631700309e-06
2.359078099756217739e-06
2.381265291839795850e-06
2.399321855528491199e-06
2.414250833582265443e-06
2.426255765408669163e-06
2.436080021039899179e-06
2.444218924035901352e-06
2.450954791566317681e-06
2.456582354648517708e-06
2.461487445759580339e-06
2.465284162589398420e-06
2.468633170993328463e-06
2.471471375220524180e-06
2.473719152074060901e-06
2.475444002780768926e-06
2.477296206948587098e-06
2.478755100843166304e-06
2.479773519303840601e-06
2.480628247036875678e-06
2.481281650479338907e-06
2.482011652649163125e-06
2.482633335243455974e-06
2.483059880376004003e-06
2.483535253117175046e-06
2.483858508872671678e-06
2.484190524176810300e-06
2.484234279398478407e-06
2.484503633271017975e-06
2.484439279748507090e-06
2.484570342797809417e-06
2.484658349843904546e-06
2.484627588006382837e-06
2.484505262634328915e-06
2.484212855979883727e-06
2.484105298350414159e-06
2.483738801184465217e-06
2.483564841448959726e-06
2.483017996102176994e-06
2.482578852491812427e-06
2.482039539453140264e-06
2.481436548018578492e-06
2.480680639793675368e-06
2.479802196253544366e-06
2.478696613850139840e-06
2.477178076665254025e-06
2.475279972213861868e-06
2.473367389788094783e-06
2.471261227321441822e-06
2.468360349006104570e-06
2.465146672459006538e-06
2.461081454185887196e-06
2.456118894156311683e-06
2.450569877465724744e-06
2.443345274993902194e-06
2.435066307704403243e-06
2.425078353684995136e-06
2.413015263491580242e-06
2.397785928476281470e-06
2.379476823577419964e-06
2.356745549492167413e-06
2.329025246661231563e-06
2.294280306625040566e-06
2.250601575770616591e-06
2.196039228019586176e-06
2.126733807394920461e-06
2.038983153096474155e-06
1.926203536006809713e-06
1.780145920005082871e-06
1.593080355077880483e-06
1.350640883690523708e-06
1.041993257899775926e-06
6.512778362166571355e-07
7.411595935868930951e-07
3.308831149073654387e-07
6.830446093175623901e-07
6.391642778380557388e-07
3.423578963657192276e-07
2.645984803040235533e-06
5.555678057600488273e-06
6.875753661872430200e-06
5.308683946436687506e-06
2.375926520192805924e-06
1.945590090146609441e-07
6.745772100913427494e-07
6.574905863088176261e-07
2.986258595960578077e-07
4.824699667560494731e-16
