0.000000000000000000e+00
4.537280854366443350e-07
6.490049690999200038e-07
6.433144459361272993e-07
5.220387637727696983e-07
3.068613294576749695e-07
5.846467010517386598e-08
2.176029928468992125e-07
4.930009092074527643e-07
7.952435647773370420e-07
1.075965565755510056e-06
1.339715591019974283e-06
1.594292115325579573e-06
1.804936690996683524e-06
2.033193438943925457e-06
2.193194950983468061e-06
2.360383698163381894e-06
2.510088935370191621e-06
2.645125078415411224e-06
2.753124161869457964e-06
2.836556547425317376e-06
2.911443771291821747e-06
3.003618435748478532e-06
3.080255730814052129e-06
3.135858194669438603e-06
3.182413016999952049e-06
3.214416550489929136e-06
3.250402309529221156e-06
3.260652002401442928e-06
3.301395275379093164e-06
3.313332059384777040e-06
3.329559608911125679e-06
3.324182363595440393e-06
3.323308584435302748e-06
3.335252949043798765e-06
3.340776490112773445e-06
3.341179148685924361e-06
3.332752832929664066e-06
3.319648655408791171e-06
3.293253035163701270e-06
3.257763782738010150e-06
3.236022916408565209e-06
3.218474324939712972e-06
3.179398701425029117e-06
3.129107348898152452e-06
3.099464843558941141e-06
3.029898193784852367e-06
2.946659691027697647e-06
2.855012467883888405e-06
2.753751941142468240e-06
2.644807091334300253e-06
2.530181462678804394e-06
2.401888601344381868e-06
2.213405298046033920e-06
2.051345499354262358e-06
1.840941243003157979e-06
1.605434785223458505e-06
1.348342238083333200e-06
1.118890017859364150e-06
8.345715364344030718e-07
5.303795918010223431e-07
2.479275769129429818e-07
2.499226714469671151e-08
2.903870122139551313e-07
5.233852584662912477e-07
6.417610074471724602e-07
6.555321708789918489e-07
5.058813441483067663e-07
1.131873449411457955e-07
6.250067136059911377e-07
1.801660376665736862e-06
3.544372875197154826e-06
5.931661712699209943e-06
9.189452765845373960e-06
1.343065008696520124e-05
1.868120520287508413e-05
2.494198551850068668e-05
3.215010321833133844e-05
4.002453973916964003e-05
4.814507638606357887e-05
5.595455313200936587e-05
6.257005359089351515e-05
6.774440355505895184e-05
7.044882392315265918e-05
7.069198144737942613e-05
6.816873718817895167e-05
6.343886609139204324e-05
5.689542821174509157e-05
4.923164181769301706e-05
4.113193393728842295e-05
3.324298106521794693e-05
2.588841291428778391e-05
1.956497375343868583e-05
1.418182427781466970e-05
9.836026895859717456e-06
6.464131289685148829e-06
3.854249928547659465e-06
2.029155131810789214e-06
7.898479172929739889e-07
0.000000000000000000e+00
