0.000000000000000000e+00
8.193391062283339465e-07
9.945266935540431064e-07
1.089853955082986658e-06
1.184487476657558602e-06
1.277092253282319234e-06
1.366799578295108120e-06
1.450420111792638522e-06
1.529478490081004338e-06
1.602899329045115451e-06
1.670520169305689251e-06
1.732423892120138476e-06
1.789378202499136705e-06
1.841508745936693003e-06
1.888350335432775751e-06
1.931564550528008795e-06
1.970063746026262663e-06
2.005520592596177210e-06
2.036731931998048140e-06
2.064753393371532297e-06
2.090119291198178075e-06
2.113102242851105927e-06
2.133454214403585070e-06
2.152109628283938036e-06
2.168303981031627359e-06
2.182117466387190063e-06
2.193576530640228839e-06
2.203910247411400292e-06
2.212371390530876170e-06
2.219874357223261541e-06
2.226096461943605220e-06
2.230817414350383388e-06
2.234194613204287805e-06
2.235923539428696927e-06
2.236627288043635531e-06
2.236624535134623670e-06
2.234350793384187739e-06
2.231548786535419993e-06
2.227092135154151720e-06
2.220394087926180759e-06
2.213742968271148470e-06
2.204949655193466640e-06
2.195577501806766918e-06
2.183196342042670324e-06
2.169661107886966533e-06
2.154031011558643627e-06
2.136050288203961145e-06
2.116015771713719573e-06
2.093897897958996168e-06
2.068790033837863973e-06
2.041116132112108517e-06
2.009855893270184879e-06
1.975045052615698182e-06
1.936745960939845190e-06
1.894945448777107799e-06
1.848242035196179245e-06
1.796829862343862771e-06
1.740765545710232232e-06
1.678886017875136361e-06
1.612637053338694670e-06
1.540083121476243377e-06
1.461538456259958707e-06
1.377302993543771947e-06
1.288761263928961398e-06
1.196397917624381080e-06
1.101961876637247428e-06
1.006629017363813716e-06
1.042000242090779238e-06
1.767560071364027152e-06
1.032373644016537639e-06
6.976407165293352364e-07
6.682999816876034060e-07
6.739771276631500996e-07
7.260313648060900960e-07
8.305590368795634504e-07
9.973029969634339409e-07
1.229500551369611117e-06
1.524157746235488275e-06
1.870242531620824877e-06
2.242810679398132834e-06
2.615087074997468619e-06
2.947251499074710068e-06
3.199128238762227738e-06
3.339189702855627218e-06
3.347630492811504155e-06
3.221726972202354489e-06
2.982499262893512082e-06
2.658058457005729736e-06
2.288084475998708456e-06
1.913993313396034068e-06
1.562095589990875055e-06
1.260805193137315428e-06
1.021431010439499687e-06
8.466524090700033867e-07
7.348179115185260457e-07
6.761910411601235182e-07
6.660616682641062880e-07
6.923061337538172211e-07
6.466987167996762764e-07
1.476973362840236503e-09
