0.000000000000000000e+00
2.334354421207329722e-06
2.819126507569436058e-06
3.089426848568166406e-06
3.357767022094115816e-06
3.620359643297099694e-06
3.874739882836486515e-06
4.111860988365023672e-06
4.336046911412871907e-06
4.544246950177743827e-06
4.736000060456824201e-06
4.911541121033202728e-06
5.073047265491403834e-06
5.220874647937634450e-06
5.353703744437332546e-06
5.476246900504300186e-06
5.585419313391959406e-06
5.685964751034333631e-06
5.774470710817602992e-06
5.853931082988594881e-06
5.925861045530389504e-06
5.991033861230121715e-06
6.048745955777867778e-06
6.101647206602223150e-06
6.147569574843636531e-06
6.186740388436362537e-06
6.219234484405866681e-06
6.248537904984807767e-06
6.272531084872134954e-06
6.293807159218900438e-06
6.311451324680916741e-06
6.324838732529869390e-06
6.334415749376098859e-06
6.339318705528285136e-06
6.341314461866254248e-06
6.341307299373433182e-06
6.334859785406266042e-06
6.326914769205771449e-06
6.314277520069744298e-06
6.295284058599470711e-06
6.276424396434165942e-06
6.251489824804501438e-06
6.224914240848811176e-06
6.189805953016325191e-06
6.151425051004189015e-06
6.107103867503127503e-06
6.056116902741770502e-06
5.999306330717324443e-06
5.936588168942158461e-06
5.865391383808038483e-06
5.786918232941751228e-06
5.698275133969588069e-06
5.599563832947573871e-06
5.490961102361247015e-06
5.372430084471524481e-06
5.239995639061412191e-06
5.094208871070371458e-06
4.935230810354518383e-06
4.759762662343014483e-06
4.571905704353618205e-06
4.366170336167485289e-06
4.143447978832703882e-06
3.904590874848068438e-06
3.653525829649950651e-06
3.391629145310659510e-06
3.123861596843191535e-06
2.853560349902473092e-06
2.860574527696613245e-06
5.249627596751182956e-06
3.021309116890691371e-06
1.977683143916664221e-06
1.894635891175333597e-06
1.910933611570797552e-06
2.058788519554433094e-06
2.355490239414059772e-06
2.828652758246619214e-06
3.487438121396735369e-06
4.323323136601331385e-06
5.304997652277876341e-06
6.361691890499621138e-06
7.417470760162636623e-06
8.359399742974282788e-06
9.073608837062430155e-06
9.470714238291044751e-06
9.494591303282895467e-06
9.137519676016836456e-06
8.459100584112810850e-06
7.539000881018331768e-06
6.489719824975814788e-06
5.428691133513297018e-06
4.430533954935533814e-06
3.575850993198237404e-06
2.896738626190220600e-06
2.400819065884185477e-06
2.083428274901599764e-06
1.916961555048501964e-06
1.888066796573717454e-06
1.962358450957601974e-06
1.848432103934705140e-06
4.624536302294188217e-09
