0.000000000000000000e+00
1.285526320105034870e-05
2.240641258821618464e-05
2.967922566909919624e-05
3.528859049628518818e-05
3.972994025236431526e-05
4.323721356702669993e-05
4.599897708090772142e-05
4.832870051507676123e-05
5.024636174555396906e-05
5.182261012426359059e-05
5.312264574863778677e-05
5.424991380120758322e-05
5.522936749802198619e-05
5.603218421801337001e-05
5.676833955348126182e-05
5.738987880310464362e-05
5.791599549564985239e-05
5.839431372300918355e-05
5.883347002733074760e-05
5.920707776163602887e-05
5.953902125299670445e-05
5.983473759363366895e-05
6.009876739732078477e-05
6.031666554118242374e-05
6.054641926001025354e-05
6.072035367643557890e-05
6.090592560648033782e-05
6.105822840607455504e-05
6.119458009767875240e-05
6.128387186143946508e-05
6.140775866192438315e-05
6.152141396409405161e-05
6.160652997422300103e-05
6.168114815385816740e-05
6.173105509965637339e-05
6.176969968052503646e-05
6.183130054837615575e-05
6.189127816391692960e-05
6.190468451550135143e-05
6.192706907981460063e-05
6.195854882473650349e-05
6.194892277577856987e-05
6.196533125524261720e-05
6.195747354897918058e-05
6.194205357479276586e-05
6.191894896401262116e-05
6.188797491224473646e-05
6.184407969433980412e-05
6.179653783799921030e-05
6.174015745596950211e-05
6.165742787267447511e-05
6.159886858836394197e-05
6.149765904495119173e-05
6.139792467485527538e-05
6.130538692661335887e-05
6.118220991369049955e-05
6.104440142362665966e-05
6.089049151891678946e-05
6.071876458590974579e-05
6.049335082369822203e-05
6.029521154526928939e-05
6.007481916348034190e-05
5.978920177707180983e-05
5.950897305617708355e-05
5.915652416388361701e-05
5.879539407027678521e-05
5.836858050733972902e-05
5.786429464937903333e-05
5.731598314917540904e-05
5.670442442684553441e-05
5.598067070755607944e-05
5.514400703821031868e-05
5.417065476265303658e-05
5.303029898506839146e-05
5.166167790859876874e-05
5.005304717997649533e-05
4.812829213918234927e-05
4.581175656381830663e-05
4.293534265931153726e-05
3.935222049855635618e-05
3.483567604967152675e-05
2.900635879488078217e-05
2.164156915240855739e-05
1.174337529974422978e-05
1.433248467908043722e-06
1.929363987207555198e-05
4.320976317284674906e-05
7.474426171227843696e-05
1.140690034809876963e-04
1.570995627657723048e-04
1.930280515880511416e-04
2.064156783456727595e-04
1.902569398798403810e-04
1.530738239214901597e-04
1.100518169608877272e-04
7.137556869241112878e-05
4.060779654069257560e-05
1.733640120527013551e-05
4.440892098500626162e-16
