0.000000000000000000e+00
5.574011086029173612e-08
1.029679862485366471e-07
1.410080315844552956e-07
1.706793157918440329e-07
1.936601617957833810e-07
2.114315480472583886e-07
2.251581808776492721e-07
2.357950514841888889e-07
2.440995903185694260e-07
2.505895019266901613e-07
2.557014263659951325e-07
2.597370659662701087e-07
2.629535094111901117e-07
2.654998676465680774e-07
2.675327410717187604e-07
2.691776047614169443e-07
2.705000095026832696e-07
2.715480685866467070e-07
2.724017877930862142e-07
2.730724028010556026e-07
2.736337491038298708e-07
2.741062790079240585e-07
2.744194281811829228e-07
2.747044699491496544e-07
2.749308966043528812e-07
2.751190674166181793e-07
2.752910547298981214e-07
2.754023008533224015e-07
2.754654021552838117e-07
2.755463440751171333e-07
2.756293779881957562e-07
2.756405118597982096e-07
2.756689598815142972e-07
2.756736700026962694e-07
2.756956450911118850e-07
2.756991980268352904e-07
2.757108401585384172e-07
2.757099543115870688e-07
2.756696108052736349e-07
2.757026306143828265e-07
2.756818980875763714e-07
2.757385940688195092e-07
2.757372561390525334e-07
2.757192688607190689e-07
2.757152718357858134e-07
2.757235184613904266e-07
2.756965922223741927e-07
2.756987301788527134e-07
2.756924333269239469e-07
2.756779887702620613e-07
2.756623979083272502e-07
2.756812527149321568e-07
2.756311096030472640e-07
2.756104396928193978e-07
2.755304667756419690e-07
2.755095802609019984e-07
2.754237029556350080e-07
2.752496958136063654e-07
2.751054638538974473e-07
2.749557918013678659e-07
2.747149937532000763e-07
2.743950543449003021e-07
2.740354944075207300e-07
2.736092551414159857e-07
2.730566602826556277e-07
2.723140003491053562e-07
2.714895024347185881e-07
2.704029496980453473e-07
2.690315101805396125e-07
2.673599767133438831e-07
2.653100367178140573e-07
2.627086093109909370e-07
2.594211866435713887e-07
2.553033534580251285e-07
2.500271709671153531e-07
2.434066320722294563e-07
2.349525901612636858e-07
2.240361565153392576e-07
2.099866240889980418e-07
1.918107203069396860e-07
1.682457955176630549e-07
1.378668882390243766e-07
9.898968900134974547e-08
5.079311771183370183e-08
5.463027696883671069e-09
6.251787831867972045e-08
9.885300300549459962e-08
6.797726637142176287e-08
1.055984714115609790e-07
4.731017317904928632e-07
9.206936690819844671e-07
1.120804357213067703e-06
8.811111850137720580e-07
4.294230894208439508e-07
8.001167062232639182e-08
7.597435003336983073e-08
9.777464338167618507e-08
5.762997334901598379e-08
9.992007221626408864e-16
