0.000000000000000000e+00
2.624564621189762192e-08
1.039400239211119015e-07
2.341101319469629516e-07
4.142761751424473005e-07
6.376582124545393526e-07
9.047793210203991521e-07
1.209210520158876534e-06
1.547739574059292522e-06
1.913975325340544487e-06
2.301813587624046420e-06
2.705369103628285643e-06
3.120187759386716664e-06
3.536736113640692736e-06
3.949487779375537855e-06
4.349214059229389306e-06
4.734203788880897434e-06
5.093975618875035138e-06
5.425987696261458382e-06
5.720672205389298881e-06
5.982311108931881449e-06
6.195716610646329059e-06
6.358645566750809053e-06
6.479608542053760800e-06
6.542292918076952901e-06
6.555295993027066004e-06
6.512765097776984646e-06
6.425778583563079849e-06
6.286957217049859992e-06
6.096212956441249275e-06
5.855979171465186539e-06
5.579961721680071207e-06
5.264599770238298504e-06
4.916971758861521380e-06
4.548194198261690246e-06
4.151349184300379136e-06
3.745329538507036204e-06
3.328299883809116011e-06
2.912534184384973912e-06
2.503728879221789327e-06
2.106818804969989856e-06
1.728450352622701303e-06
1.374436585099836350e-06
1.051121707895674717e-06
7.649731644798762886e-07
5.203254590524508671e-07
3.169855069540261638e-07
1.610560398379590197e-07
5.485476384237131242e-08
4.262808772637072252e-09
6.021451559590218494e-09
5.799833058262038321e-08
1.614386004877843561e-07
3.159030431687526175e-07
5.171852972551960193e-07
7.646590974852429667e-07
1.052232760589966176e-06
1.374908547679964954e-06
1.727566452336404268e-06
2.104558301629921857e-06
2.501242308605711173e-06
2.911167968577821341e-06
3.328397650159686805e-06
3.744466441579774596e-06
4.151512645322874562e-06
4.541814864977844479e-06
4.914683615075965406e-06
5.261367878928169262e-06
5.578175142462171721e-06
5.854177035691243702e-06
6.089248944185499113e-06
6.280999637287010273e-06
6.422447700549227534e-06
6.515161696252214085e-06
6.558473655049468221e-06
6.540090906059781162e-06
6.478965843936812519e-06
6.355422111914421635e-06
6.194495878020234159e-06
5.978806562279004311e-06
5.722688336873282822e-06
5.427206254404737251e-06
5.095486379946834177e-06
4.735907354835866556e-06
4.349142694204388704e-06
3.949958143678600209e-06
3.538450576323626251e-06
3.122967363600182011e-06
2.707744841012882375e-06
2.303467999897890195e-06
1.914840010330820519e-06
1.548677795559783021e-06
1.209279360536719139e-06
9.045012214770054015e-07
6.379610187901008089e-07
4.117469187825406607e-07
2.335975309852855730e-07
1.048205604536889268e-07
2.684614064385471011e-08
0.000000000000000000e+00
