0.000000000000000000e+00
1.633006589951691012e-07
2.497027511427774016e-07
3.020971687250906257e-07
3.398690703315665473e-07
3.714699661205855818e-07
4.001908701090073350e-07
4.264192366987273886e-07
4.511237988724658976e-07
4.743576574872676588e-07
4.969445438485209365e-07
5.180236324342502030e-07
5.378906433595176395e-07
5.564594008911072365e-07
5.736151457158555900e-07
5.896915280523273850e-07
6.042475299006255796e-07
6.181343797928562367e-07
6.303993093093041011e-07
6.426649360458114302e-07
6.536048630101376489e-07
6.636451027608458730e-07
6.726692388658861432e-07
6.815743187615908028e-07
6.889660496556260227e-07
6.960430937175132726e-07
7.030582046541056229e-07
7.082060998753192393e-07
7.142479089283781946e-07
7.187499377891981567e-07
7.240413811837598246e-07
7.280812107657297361e-07
7.315254026973860846e-07
7.348866070122639371e-07
7.376790747137818016e-07
7.398443182538017027e-07
7.421152796727170653e-07
7.428983682666867594e-07
7.444994584160369300e-07
7.466321627624949997e-07
7.478339560940128194e-07
7.485543327412358394e-07
7.488794599996850820e-07
7.470747257487531101e-07
7.467787638271161654e-07
7.460222209987321662e-07
7.469749144783932593e-07
7.456055317600629451e-07
7.423776777759627521e-07
7.418520353574820092e-07
7.389829715931384158e-07
7.366305795342142915e-07
7.346573688282731496e-07
7.307136979939343746e-07
7.269902911888337371e-07
7.233703526177137633e-07
7.180277248330924067e-07
7.134792275875767587e-07
7.079886196192930470e-07
7.016868932563369299e-07
6.955162542565673789e-07
6.883454556350088183e-07
6.807629738814213738e-07
6.718098252145310312e-07
6.625007978877661685e-07
6.521966925410183080e-07
6.415826804273550010e-07
6.295248793364294215e-07
6.167412485158507707e-07
6.032124019172968588e-07
5.882303633075736116e-07
5.722971616606287171e-07
5.551314063989565284e-07
5.363826097726231978e-07
5.156439556452951933e-07
4.952867583840614429e-07
4.717562728240309866e-07
4.487347179393808005e-07
4.232468463483129995e-07
3.977804392540917888e-07
3.699230991527358015e-07
3.375650163839338802e-07
2.981407880575659419e-07
2.427641275781766694e-07
1.505523216094317718e-07
2.346111815931806177e-08
3.765525135035474591e-07
1.114983072425523858e-06
2.591262164175489602e-06
5.293304523368291825e-06
9.405123913674984237e-06
1.373403886872903712e-05
1.558530227330212625e-05
1.337920126032177137e-05
8.988323296765798887e-06
4.973680646891409651e-06
2.407770795187502699e-06
1.021736880546519899e-06
3.303574952484567007e-07
4.440892098500626162e-16
