0.000000000000000000e+00
3.014097393150283466e-05
3.257120464339458010e-05
3.312971202573677942e-05
3.330460378314636927e-05
3.336933191033786272e-05
3.339555003079031081e-05
3.340630842774139353e-05
3.341039619819685669e-05
3.341136801404687162e-05
3.341099168119310292e-05
3.340991680500504657e-05
3.340855277189636041e-05
3.340707605870019137e-05
3.340565646592352778e-05
3.340429057352434228e-05
3.340303262255872596e-05
3.340190657352692938e-05
3.340088428183118907e-05
3.339994076412278190e-05
3.339904084442846255e-05
3.339824669390534240e-05
3.339745601649291018e-05
3.339676820734993612e-05
3.339614590058825883e-05
3.339562436466270157e-05
3.339512715794246134e-05
3.339466760388098976e-05
3.339423259729468185e-05
3.339386578371517089e-05
3.339354598741461899e-05
3.339320561834835388e-05
3.339293738890969365e-05
3.339262920309948868e-05
3.339243568412086915e-05
3.339219594633568988e-05
3.339199685981064647e-05
3.339181430439541742e-05
3.339165043103609065e-05
3.339150951087166419e-05
3.339138463509527810e-05
3.339129854962319399e-05
3.339117473066810504e-05
3.339112000355637377e-05
3.339102433985718932e-05
3.339097996513107347e-05
3.339097306642724305e-05
3.339093283416527669e-05
3.339089532272687677e-05
3.339092905141338719e-05
3.339094583387769433e-05
3.339092829413026209e-05
3.339095846144335411e-05
3.339100005939066307e-05
3.339112292388701775e-05
3.339120298706532708e-05
3.339128377644051682e-05
3.339134415758504559e-05
3.339151045811394880e-05
3.339160585325018360e-05
3.339180776695815922e-05
3.339195549456608347e-05
3.339219017539640788e-05
3.339239294752882614e-05
3.339263429491534652e-05
3.339290527870630854e-05
3.339317934381025310e-05
3.339349273645542127e-05
3.339384553024959956e-05
3.339416823144869539e-05
3.339459330786720415e-05
3.339503936927723515e-05
3.339553948789042437e-05
3.339608976116181793e-05
3.339671022573043047e-05
3.339740921626255243e-05
3.339814148384245840e-05
3.339892579679037965e-05
3.339981339101072422e-05
3.340077790481288389e-05
3.340178180766262273e-05
3.340290350739572034e-05
3.340410170271645995e-05
3.340543616570101904e-05
3.340693239339831422e-05
3.340835995568891548e-05
3.340976095900227705e-05
3.341086312935725999e-05
3.341144290602837685e-05
3.341086215102873069e-05
3.340731169931832056e-05
3.339801607293857444e-05
3.337508423839619098e-05
3.331875911638526588e-05
3.316997361524354204e-05
3.270884067096968550e-05
3.080717445080871641e-05
2.560464874895584941e-05
9.239941018279740348e-05
2.419939248987645897e-16
