0.000000000000000000e+00
4.888405527037065212e-07
8.605443919673660957e-07
1.141939301563255071e-06
1.358382571536864702e-06
1.528914795767555290e-06
1.663810705099244558e-06
1.772406225231115684e-06
1.860910895712386548e-06
1.933858398084353780e-06
1.994816689609990590e-06
2.045869826994284324e-06
2.087990447319221232e-06
2.126113808120777549e-06
2.157128759394666417e-06
2.185435988399930807e-06
2.209447406142928116e-06
2.229452092716854850e-06
2.248833445017694999e-06
2.265094139697332309e-06
2.279248786374310498e-06
2.292293473149520366e-06
2.303693908300985527e-06
2.313872983883413781e-06
2.322977599833464524e-06
2.330309084697113065e-06
2.337627259318963979e-06
2.345000949643960553e-06
2.350873222756177938e-06
2.356130539560297166e-06
2.360045174620850617e-06
2.365015695615646507e-06
2.368507646455242366e-06
2.371790432276199567e-06
2.374349945655218619e-06
2.377389731966772501e-06
2.379530431917409317e-06
2.381110275617714933e-06
2.382587938720703846e-06
2.383442301745475334e-06
2.384836865765294078e-06
2.385403538029962078e-06
2.385148609396203767e-06
2.385444571983974527e-06
2.385362068757501675e-06
2.384767385343877777e-06
2.383123160809574870e-06
2.382681817625353915e-06
2.380952457858853677e-06
2.378581812068070178e-06
2.377166987699297351e-06
2.374633709334439402e-06
2.371494940978102761e-06
2.368396974317121817e-06
2.364636865870295424e-06
2.360402967083174985e-06
2.355425331668214994e-06
2.350340093437708333e-06
2.343831740359014759e-06
2.336962589999380668e-06
2.330391242311158351e-06
2.322151221312296343e-06
2.312949703098254872e-06
2.301800466120162980e-06
2.290504361401879407e-06
2.277550068208178402e-06
2.263626329046530827e-06
2.247173200964347473e-06
2.228262564352156971e-06
2.207297610135050547e-06
2.182216172541551202e-06
2.155073222320780246e-06
2.122534782267315734e-06
2.084146364933481266e-06
2.041047542089557965e-06
1.989470619356836778e-06
1.927466652285048099e-06
1.851645781258959289e-06
1.762989477960275053e-06
1.652182739064755879e-06
1.514370844168944075e-06
1.340427515317266227e-06
1.117952383999920585e-06
8.296676514696343929e-07
4.469876350166046564e-07
5.938714797704136572e-08
7.455178736570644560e-07
1.660482386589556825e-06
2.873750514664763500e-06
4.373546063973776654e-06
6.022467932464969920e-06
7.375293064604271365e-06
7.887801973582853066e-06
7.273501520077552129e-06
5.864879869199590701e-06
4.221650528601905705e-06
2.742962133650550527e-06
1.560830891089715067e-06
6.608505125349495302e-07
2.220446049250313081e-16
