0.000000000000000000e+00
2.840610793808373558e-06
4.940799276709206822e-06
6.570883233525393052e-06
7.812563802334082652e-06
8.787654768194208543e-06
9.560685411358349484e-06
1.018337612535002989e-05
1.069161776845461986e-05
1.110965504180772001e-05
1.145771954202956522e-05
1.175039361489549350e-05
1.199469652157780786e-05
1.220415939529040372e-05
1.239224612492595412e-05
1.254102300274340109e-05
1.268713012103628301e-05
1.280400785952373610e-05
1.290760189198714158e-05
1.300084249133970360e-05
1.308834617519405441e-05
1.315864137696465264e-05
1.321920702102019618e-05
1.328052455651373975e-05
1.333735542230485294e-05
1.338404982442753521e-05
1.342590137920485205e-05
1.346342160313263037e-05
1.349704686914865448e-05
1.352370864426966079e-05
1.355063782781940063e-05
1.357463648998802341e-05
1.360026716612505737e-05
1.361905626351411769e-05
1.363552797939426853e-05
1.364982928342417523e-05
1.366029547023028812e-05
1.366637025035366548e-05
1.367907415006364147e-05
1.368752540331641399e-05
1.369246291949011152e-05
1.369570698939170939e-05
1.369728333133757303e-05
1.369720440880239920e-05
1.369546958962519767e-05
1.369028923525750230e-05
1.368696413872605433e-05
1.367411054031819617e-05
1.367149452236038343e-05
1.366099983879376367e-05
1.364855407748333249e-05
1.363405127019490237e-05
1.361736503857624569e-05
1.359834610725751958e-05
1.357499292353736564e-05
1.354819743970558932e-05
1.352538871102204610e-05
1.349399416517016448e-05
1.346001407809271910e-05
1.342210026833434711e-05
1.337980974758234964e-05
1.333262309888283426e-05
1.327992930921784165e-05
1.322100684864047082e-05
1.315200354412571215e-05
1.307595975996722615e-05
1.299242607832873375e-05
1.290321725178067425e-05
1.279639856277547949e-05
1.267155452466806054e-05
1.253022465275144270e-05
1.237023792355351759e-05
1.218529000346357805e-05
1.197633723204472034e-05
1.172454303666192743e-05
1.142313996682631227e-05
1.107302846503621652e-05
1.064739366674061216e-05
1.012938515909667103e-05
9.486962749827299035e-06
8.709917846294601418e-06
7.706733136658705519e-06
6.425412788502171679e-06
4.774346556213338033e-06
2.587709149293182520e-06
3.170388048756578314e-07
4.261739827371435752e-06
9.531691767428185358e-06
1.650610504300153991e-05
2.522857974751602228e-05
3.470034194563709207e-05
4.264692458200158853e-05
4.564198081191683798e-05
4.210225306822135138e-05
3.381937996493888932e-05
2.431179187012411091e-05
1.576451748785956397e-05
8.964710120462626719e-06
3.815686953401176140e-06
6.661338147750939243e-16
