0.000000000000000000e+00
1.559581591203951234e-06
3.286200813468198589e-06
5.115469240757342106e-06
6.956808826452665073e-06
8.763393338107050567e-06
1.051779239802375088e-05
1.217967466471403526e-05
1.374107264928703387e-05
1.519466565913507594e-05
1.654176649779071084e-05
1.777571593142290851e-05
1.891251222008172306e-05
1.994718395748051876e-05
2.088002803302124732e-05
2.174157252055053391e-05
2.250881068166510346e-05
2.320065327943154898e-05
2.383292724672525509e-05
2.439625544736756524e-05
2.489714822950794826e-05
2.533478159316704392e-05
2.573835501507026891e-05
2.610740320263538194e-05
2.641475720521757609e-05
2.668485539536469275e-05
2.692330159037581438e-05
2.712939590021612446e-05
2.729979641091784259e-05
2.743548618910907066e-05
2.756975307349751603e-05
2.765709755248035862e-05
2.771276817870038656e-05
2.775958793477251163e-05
2.776608030907734559e-05
2.776039133767227440e-05
2.772275998774720307e-05
2.766383268115735206e-05
2.757677469400476866e-05
2.746330562275467457e-05
2.732473253508338473e-05
2.716092268595371451e-05
2.696484776854024545e-05
2.672126376990213714e-05
2.644532376416819375e-05
2.613750539270931483e-05
2.578063764746563180e-05
2.538380569916398599e-05
2.494994884860712858e-05
2.445390020278104259e-05
2.390394725004796328e-05
2.327987333272663051e-05
2.259351506828100042e-05
2.184145103090173734e-05
2.099478697137335814e-05
2.006900368445307947e-05
1.904887429504675822e-05
1.792149398771591962e-05
1.669749817767574029e-05
1.536691624381969490e-05
1.393067602517561454e-05
1.238436960737665515e-05
1.073427041242691615e-05
8.992656066020288108e-06
7.188779321709581893e-06
5.347922692799933486e-06
3.517837026900672015e-06
1.776114694762576107e-06
1.868609194044523747e-07
1.115436345511255922e-06
2.004598701144111317e-06
2.297046416632753107e-06
1.803235299302485828e-06
3.138123518819924129e-07
2.379151463394180155e-06
6.414026719081533656e-06
1.187952149606097407e-05
1.868309433961101718e-05
2.659733539944753034e-05
3.506280462439725909e-05
4.347457248865538304e-05
5.092516406413061247e-05
5.658885901627108694e-05
5.972113586505400917e-05
5.982435687890141907e-05
5.707555927880747504e-05
5.173108928280267804e-05
4.447287470998873005e-05
3.611723173291281341e-05
2.762671840927932720e-05
1.961937863947937899e-05
1.264398378109099497e-05
7.031610610330751854e-06
2.795377566089385368e-06
4.801297359691147904e-08
1.662316048034462312e-06
2.303287991667346546e-06
2.095659549672390654e-06
1.269587672769745268e-06
5.551115123125782702e-16
