0.000000000000000000e+00
5.699609340048539252e-09
1.210411981755754596e-08
1.877809707728772537e-08
2.553389455428600741e-08
3.217093791363367927e-08
3.861820196959797613e-08
4.471160675034724363e-08
5.044298556633464159e-08
5.578026707198091572e-08
6.071057923051625949e-08
6.526013884844417134e-08
6.941655950054581581e-08
7.318580563797638661e-08
7.664899037695960260e-08
7.979460714402364374e-08
8.261607276072169270e-08
8.513513138908024303e-08
8.741067769602040016e-08
8.948111840378913939e-08
9.134748424344252271e-08
9.296395220292907879e-08
9.448339466366917350e-08
9.575961990027082038e-08
9.691288949120746565e-08
9.790018828947921747e-08
9.884156670914023834e-08
9.953391710837422579e-08
1.002179861320229293e-07
1.007248524587112115e-07
1.011386325799890074e-07
1.014846653379919417e-07
1.016842701151432493e-07
1.018604499636310834e-07
1.019169331151204005e-07
1.018756943249599090e-07
1.016957119626127337e-07
1.015254156300215982e-07
1.011911462400760797e-07
1.008028727156329296e-07
1.002408470673898933e-07
9.961910585332134360e-08
9.887509166972563435e-08
9.803997813584430787e-08
9.705368275714221227e-08
9.593516692163461812e-08
9.464749728405053020e-08
9.319507843219554388e-08
9.156348235173084049e-08
8.972709553134450289e-08
8.768127290892380188e-08
8.542007967626830123e-08
8.293681785787043736e-08
8.016468455718239738e-08
7.706720361877472669e-08
7.367027621274502280e-08
6.987518252898894389e-08
6.579112288296329325e-08
6.131685359456184869e-08
5.642250189286102113e-08
5.113711876170157211e-08
4.546208853817290674e-08
3.940606507768507072e-08
3.300232442882133910e-08
2.641854224272321972e-08
1.963056295295473319e-08
1.293056561824101891e-08
6.510452177366232718e-09
6.851104128458018749e-10
4.089559357822736274e-09
7.349056807548492998e-09
8.437126108873371777e-09
6.608809610675336899e-09
1.077457678633209071e-09
8.780843385736147866e-09
2.363107709513201371e-08
4.362394345758247027e-08
6.864998280953216181e-08
9.756426111451332872e-08
1.285771533687807278e-07
1.593809102473642270e-07
1.866216120527397493e-07
2.073673783797858050e-07
2.187186360913528915e-07
2.193418765505938950e-07
2.092116115903763784e-07
1.895331359635932245e-07
1.628529966435365850e-07
1.323424462240652133e-07
1.012136746636471685e-07
7.186892325705684925e-08
4.636507688893232171e-08
2.571320067978888346e-08
1.023655715748361672e-08
2.093561990434977815e-10
6.206977043454742216e-09
8.435425913333460812e-09
7.650683864213192464e-09
4.669966857662188886e-09
0.000000000000000000e+00
