0.000000000000000000e+00
1.968167850918689510e-10
7.900778919989193128e-10
1.760653622895347326e-09
3.103316270625100515e-09
4.787580443199601632e-09
6.799374729915541593e-09
9.093706343499263767e-09
1.164092122696303022e-08
1.440067920466248097e-08
1.732495225059693666e-08
2.036610047273512691e-08
2.347159611115756661e-08
2.660325282288766857e-08
2.969234513816587651e-08
3.272201043458267122e-08
3.559071892755838462e-08
3.831644024288038963e-08
4.079945470358836701e-08
4.300599754092360172e-08
4.497169137085421653e-08
4.657089047732654308e-08
4.781318851954097227e-08
4.869965153364574917e-08
4.920299356836466131e-08
4.929567321010352998e-08
4.898781513773542429e-08
4.829140165529821616e-08
4.725012536788142370e-08
4.582786572449037976e-08
4.403056219626222401e-08
4.195297920173146622e-08
3.960747407827369670e-08
3.698607031754619356e-08
3.420606087267685780e-08
3.123806191496214524e-08
2.817589350723181951e-08
2.506532381651993546e-08
2.194260340093734385e-08
1.886183320642942363e-08
1.587465880970029275e-08
1.302159169380701087e-08
1.037186847518967170e-08
7.946979407869037004e-09
5.791530477416984013e-09
3.947303039986138629e-09
2.420372124944947245e-09
1.260732629404515137e-09
4.707217948762831838e-10
7.800571300009551123e-11
8.473033386025008440e-11
4.771063544239950716e-10
1.249570114048026426e-09
2.412111621552526231e-09
3.925457625619799273e-09
5.786820689301919174e-09
7.949116143102230581e-09
1.037289931726803616e-08
1.302509577971733279e-08
1.586415587784273384e-08
1.884943390262350249e-08
2.191458714495553295e-08
2.505778995409713161e-08
2.818431310558366931e-08
3.121914882164844585e-08
3.416929927890777208e-08
3.697488659692993451e-08
3.957382854746782641e-08
4.193107661087935867e-08
4.401598374670356861e-08
4.578311496583609141e-08
4.721780200167557950e-08
4.831036071184513503e-08
4.897260730274410889e-08
4.927687757838583593e-08
4.916122819942359001e-08
4.867855918355701306e-08
4.779912454733192817e-08
4.654189589281543249e-08
4.493894112389540396e-08
4.300310196825307685e-08
4.077787263412346874e-08
3.828587691323548370e-08
3.558236272294124092e-08
3.269238268988061691e-08
2.970706347582563467e-08
2.660569442536342422e-08
2.346475291847838207e-08
2.035229551555772787e-08
1.732092214101754735e-08
1.439522046009500400e-08
1.164330998282281371e-08
9.099697551029350961e-09
6.807115315865530647e-09
4.789412533234838065e-09
3.095579681478000111e-09
1.753659439884813764e-09
7.824721981464222154e-10
1.944991945279639367e-10
3.330669073875469621e-16
