0.000000000000000000e+00
4.858136115615252493e-10
2.118785258353739209e-09
4.933886188496217073e-09
8.880525759202839708e-09
1.376109948214576661e-08
1.945570626826764737e-08
2.599502624267557849e-08
3.340323961875668601e-08
4.140949283470973796e-08
4.979144407890601087e-08
5.848557871335202663e-08
6.743623526261899315e-08
7.639179167018284033e-08
8.533891215911637573e-08
9.395470756956569858e-08
1.023117440768217534e-07
1.100299200640364461e-07
1.173868621195950368e-07
1.237551854327278988e-07
1.291177295081880061e-07
1.337479605956204409e-07
1.374443840962413788e-07
1.401034492864994263e-07
1.414396154642005854e-07
1.417606472209342883e-07
1.410841660165473854e-07
1.389015072961186092e-07
1.357730216033914417e-07
1.318360588475897544e-07
1.268134326437575510e-07
1.206199691239362437e-07
1.137160219322197463e-07
1.062604289003843405e-07
9.845786452800098232e-08
8.991655264800613168e-08
8.094572578887238024e-08
7.199061635709824714e-08
6.304496336095866127e-08
5.409814585188854608e-08
4.552620302966658983e-08
3.737563725181303198e-08
2.980455171552875981e-08
2.283215383425130085e-08
1.659284387667270266e-08
1.133275129294730732e-08
6.943239427847913703e-09
3.638695122987201103e-09
1.413310024567238088e-09
2.310271973726685246e-10
1.509780078734479503e-10
1.237767999207051162e-09
3.441343321419765289e-09
6.833884014234570259e-09
1.128194426769368874e-08
1.657247250541615813e-08
2.266867471512057364e-08
2.966038592511210936e-08
3.737112297397260363e-08
4.560046673596218625e-08
5.413962789191373304e-08
6.299124610809059277e-08
7.192525997012921835e-08
8.079022506546351678e-08
8.965743281130755804e-08
9.822791990909962578e-08
1.062486925107464231e-07
1.137203545775733460e-07
1.207314758167044033e-07
1.265764083546727647e-07
1.315496528375703633e-07
1.356362065996208344e-07
1.389829102915740577e-07
1.408995280449687471e-07
1.417258373992424936e-07
1.413826644647286912e-07
1.400653394378892358e-07
1.374353310046316778e-07
1.338955094576377292e-07
1.294212904623393001e-07
1.236942769322624258e-07
1.172377273039870715e-07
1.099939174187269941e-07
1.022930050664783153e-07
9.417975921355292712e-08
8.548440433298054586e-08
7.639285437566201153e-08
6.741808078469802012e-08
5.847688011595408852e-08
4.980147783051336319e-08
4.141241038979615041e-08
3.348105637179799032e-08
2.616264282995217627e-08
1.953264239240581901e-08
1.374613023408244317e-08
8.896410386149966598e-09
5.028477301216582873e-09
2.309821778290199745e-09
6.368923166633067012e-10
0.000000000000000000e+00
