0.000000000000000000e+00
1.078766339812631259e-06
1.236201058629760041e-06
1.354642957918095192e-06
1.471939336195049464e-06
1.586841659628746015e-06
1.698163796137741599e-06
1.802292113883829927e-06
1.900528649234622947e-06
1.991591746852705569e-06
2.074936314544473248e-06
2.152252059017811803e-06
2.222832295561971705e-06
2.287371701048535044e-06
2.346044930545687635e-06
2.398948698800751345e-06
2.447183581999468061e-06
2.490767011531502817e-06
2.529694641761892626e-06
2.564720391617925088e-06
2.595947453776226155e-06
2.624082918289971644e-06
2.649645521546339921e-06
2.671736324399986984e-06
2.691410851185516151e-06
2.708687889874106247e-06
2.724288854505374502e-06
2.737185767265337688e-06
2.747801381652870134e-06
2.756824308725036587e-06
2.764679432276651028e-06
2.770621099879022609e-06
2.774336658628584473e-06
2.776851552477310747e-06
2.777878985171788884e-06
2.777349403570994468e-06
2.774762783097628471e-06
2.771002328927352210e-06
2.765575406904474676e-06
2.757922250462563341e-06
2.749187398842778407e-06
2.738965582671504251e-06
2.725963950678256253e-06
2.710598313138135040e-06
2.694219742971348808e-06
2.674822799475506940e-06
2.652363354171960452e-06
2.627677851640974893e-06
2.599523030721861971e-06
2.569076208880360923e-06
2.534420053157404595e-06
2.495809029556816938e-06
2.453179603456590030e-06
2.405727691945358515e-06
2.353377295483127796e-06
2.295360247761557559e-06
2.231545087827413454e-06
2.161486508223120495e-06
2.086185655336691980e-06
2.003053250931863261e-06
1.913114495044609953e-06
1.815978609154278445e-06
1.712809025500305893e-06
1.602542436418552541e-06
1.487996664883972642e-06
1.371019830664899075e-06
1.252836849596761226e-06
1.120876627958011795e-06
2.304267822605954308e-06
9.667252864886677344e-07
8.701032373492623151e-07
8.335620054200632012e-07
8.409570039225044980e-07
9.039701591717630436e-07
1.036163844836401893e-06
1.243174026832605250e-06
1.530329975629740602e-06
1.896102369003394017e-06
2.323523010883121742e-06
2.788022906541343104e-06
3.248827474156001927e-06
3.663576650048128158e-06
3.968651437147308059e-06
4.144037194730998408e-06
4.155087561574788424e-06
3.997071347683345266e-06
3.706040833550972025e-06
3.299634937725670625e-06
2.841250708707221406e-06
2.375944806454199920e-06
1.940168314007451045e-06
1.566717824807994930e-06
1.270136085418371863e-06
1.053309461207518893e-06
9.123970523550184453e-07
8.417746981681517582e-07
8.284605962360913622e-07
8.609244750434896787e-07
8.761277923152732683e-07
2.321469926881702950e-09
