0.000000000000000000e+00
8.446719323984552830e-09
9.313762983076401269e-09
1.020654227801287561e-08
1.109311242863952884e-08
1.196527299462957217e-08
1.279883077298649141e-08
1.359166945658074610e-08
1.432596308248434980e-08
1.501346813537196567e-08
1.564517071450666208e-08
1.622555156899352369e-08
1.675842997705956350e-08
1.724731080177122067e-08
1.768679214197987903e-08
1.808801908254054069e-08
1.845025943136846536e-08
1.877828104124290576e-08
1.907545921220332730e-08
1.933720050750764585e-08
1.957231487992316943e-08
1.978757835363609274e-08
1.997516818619260448e-08
2.014859035170957213e-08
2.029649448509474041e-08
2.042324198647804678e-08
2.054307424170787044e-08
2.064140114388379743e-08
2.071765525801794183e-08
2.078607153066514002e-08
2.084501637966695853e-08
2.088835759916918278e-08
2.092072537429601198e-08
2.093650164347593545e-08
2.094731943458327805e-08
2.093753259657660237e-08
2.092355355642894210e-08
2.089500528157373083e-08
2.085141892482766934e-08
2.079572436475274344e-08
2.072712135259280331e-08
2.065272275419971493e-08
2.055775250031643964e-08
2.044106073295637316e-08
2.031521306733452548e-08
2.016729516718385185e-08
1.999947230046927871e-08
1.981334341039087121e-08
1.960087769870000329e-08
1.937116933525828699e-08
1.910956581863132442e-08
1.881839439832333483e-08
1.849708575196729043e-08
1.813875694089972512e-08
1.774374069896111905e-08
1.730596943527729081e-08
1.682543149250648185e-08
1.629990487028720736e-08
1.571962893187617283e-08
1.509620151107782249e-08
1.441709118754630481e-08
1.368797497569573807e-08
1.290604290105079599e-08
1.207585542672973133e-08
1.120726511594227759e-08
1.032336915951503897e-08
9.429630631885288494e-09
8.558570963046463476e-09
1.301022750643809900e-08
7.061842999256384701e-09
6.540712638170020909e-09
6.263615515145204427e-09
6.316787870552786899e-09
6.803883234596241891e-09
7.793162670743924991e-09
9.359194530489389763e-09
1.152387762992646003e-08
1.427956741739677682e-08
1.751349387735245955e-08
2.101321916470055839e-08
2.449554226124917022e-08
2.759419603926005493e-08
2.994254921784289536e-08
3.125926850700011528e-08
3.133127957077874726e-08
3.015793792471299639e-08
2.792723752254033798e-08
2.488598671579467236e-08
2.143102573182176229e-08
1.791944148621382737e-08
1.463574272886347671e-08
1.180999809058391747e-08
9.568932979320265986e-09
7.928920853217391596e-09
6.872210134289957750e-09
6.331078883370366839e-09
6.238276117898067241e-09
6.480141090392521619e-09
6.972372124103287661e-09
9.638557313396134418e-16
