0.000000000000000000e+00
2.498774631654043787e-08
2.609238625161935943e-08
2.795217313167341899e-08
3.044953100772573862e-08
3.363624268004627993e-08
3.741991305705738569e-08
4.171113410222915263e-08
4.651390184129411409e-08
5.167450711773824423e-08
5.711791206675087551e-08
6.284691689284471749e-08
6.869101720763381991e-08
7.453546280178358074e-08
8.035423293417665036e-08
8.601717649270312904e-08
9.141319146088733305e-08
9.649346821571924693e-08
1.011898401737099107e-07
1.053520269911345508e-07
1.090077360599295275e-07
1.120272338228645026e-07
1.143528852720621103e-07
1.160669966804306341e-07
1.169429053593518120e-07
1.171848278413989419e-07
1.165987704165871719e-07
1.153185313906845977e-07
1.132532024827881401e-07
1.106464894151670819e-07
1.072618097675004378e-07
1.033601444433429606e-07
9.888788987666430330e-08
9.403782430528195846e-08
8.879245694259907395e-08
8.327186373779937867e-08
7.749266595080683828e-08
7.166093163313291825e-08
6.577409550345691969e-08
6.001843078085045136e-08
5.445258133285335589e-08
4.910788320433567833e-08
4.413363374755618906e-08
3.958356120659090038e-08
3.545978821684059312e-08
3.197266340571047749e-08
2.915054286845020215e-08
2.697338319368469683e-08
2.545469057757543396e-08
2.643549146252865967e-08
2.657393805005625609e-08
2.548242805655576149e-08
2.696385936751255485e-08
2.913970775786367540e-08
3.198380638114173280e-08
3.550595562007430317e-08
3.952443705657060491e-08
4.409784348791134789e-08
4.908349515719834244e-08
5.438634009813370085e-08
5.998149255059814777e-08
6.578945177526662746e-08
7.163191151349224128e-08
7.747634012122972536e-08
8.322837263818883002e-08
8.877571922027982509e-08
9.399251232888872210e-08
9.892021746171764107e-08
1.033687448970255218e-07
1.072476671915012503e-07
1.106327115474314837e-07
1.132603496545314670e-07
1.153186209856826849e-07
1.165933859459400423e-07
1.171462548077428778e-07
1.169705828862888097e-07
1.160522558052434761e-07
1.143538075343286664e-07
1.120359115480695777e-07
1.090163938011201594e-07
1.053889286950493442e-07
1.011677619455753074e-07
9.651054633241784586e-08
9.141840673354550972e-08
8.604374857057450754e-08
8.036621845786129370e-08
7.456249118131808018e-08
6.869478275106644105e-08
6.284603293327251095e-08
5.717192619325572878e-08
5.171281014515471952e-08
4.654391705383176259e-08
4.177162649110499615e-08
3.742918019966623433e-08
3.359171607542066340e-08
3.045962793102319210e-08
2.795757003681842434e-08
2.609371752004818745e-08
2.496145368180435753e-08
0.000000000000000000e+00
