0.000000000000000000e+00
7.079999653214485988e-08
7.393290180068845530e-08
7.920749722778452906e-08
8.629032988149987204e-08
9.532825728797433840e-08
1.060592315083042081e-07
1.182296823776241013e-07
1.318509349479413117e-07
1.464870612588597965e-07
1.619252061324516490e-07
1.781733603989366088e-07
1.947479376651628513e-07
2.113234596201607474e-07
2.278261600485720351e-07
2.438869133314369719e-07
2.591906209659100568e-07
2.735988411384226993e-07
2.869182489373400813e-07
2.987226516149021904e-07
3.090906450786690129e-07
3.176542475724630776e-07
3.242500359323940984e-07
3.291114378800585882e-07
3.315956053073776388e-07
3.322817221373952634e-07
3.306196070251843366e-07
3.269887230983314907e-07
3.211312409323596739e-07
3.137383418616579434e-07
3.041390337354954454e-07
2.930734951389624143e-07
2.803897122261034269e-07
2.666344081081462036e-07
2.517579753558152333e-07
2.361009584506135184e-07
2.197105003487465069e-07
2.031710303329603562e-07
1.864752756652876542e-07
1.701515185414947950e-07
1.543660999026030822e-07
1.392078774475891123e-07
1.251002929025801791e-07
1.121957061700484815e-07
1.005001523113335793e-07
9.061021566392213344e-08
8.260632200496331734e-08
7.643161181736246590e-08
7.212440733539438042e-08
7.454171091492156620e-08
7.474744145863354561e-08
7.220308062549918304e-08
7.640460797375681068e-08
8.257559869218056292e-08
9.064183581486418007e-08
1.006310961226830614e-07
1.120280306299292761e-07
1.249987818807696272e-07
1.391387012272815582e-07
1.541782261860191738e-07
1.700467646692516155e-07
1.865188289373875818e-07
2.030887271686765416e-07
2.196641973872814901e-07
2.359776025695481394e-07
2.517105137656017178e-07
2.665058981277113048e-07
2.804814043244618915e-07
2.930978983961551876e-07
3.040989287050877010e-07
3.136992723362652669e-07
3.211515136047893293e-07
3.269889871093667466e-07
3.306043410145065309e-07
3.321723217597494227e-07
3.316741008507761990e-07
3.290696373170476363e-07
3.242526539493084670e-07
3.176788685443909799e-07
3.091151897782751234e-07
2.988273193338386591e-07
2.868556361335095062e-07
2.736472684006230338e-07
2.592054099137541812e-07
2.439622703853672192e-07
2.278601508587385638e-07
2.114001128594722445e-07
1.947586105721654803e-07
1.781708728332276337e-07
1.620784028100175078e-07
1.465956844803883996e-07
1.319360675156033835e-07
1.184012470289985686e-07
1.060855199241927949e-07
9.520196431189731356e-08
8.631897085997763952e-08
7.922280542693727057e-08
7.393666812127719368e-08
7.072541874375559701e-08
0.000000000000000000e+00
