0.000000000000000000e+00
1.752044276326358840e-08
6.623212200906891667e-08
1.492638124211964623e-07
2.658479627548615554e-07
4.118330035884909535e-07
5.855222410255933596e-07
7.819921904461679674e-07
1.002613482459224770e-06
1.244491688812132679e-06
1.492555897764091810e-06
1.753408308324821974e-06
2.022099107934494100e-06
2.294044113670956619e-06
2.563306793601505262e-06
2.819299886547277367e-06
3.068730970778865697e-06
3.298134732765412025e-06
3.509390614109264561e-06
3.705103060802628079e-06
3.874916436719111346e-06
4.010720115354970972e-06
4.128321676510893212e-06
4.219198491917097726e-06
4.266708199307522875e-06
4.276377764789174307e-06
4.249840652059688750e-06
4.177850487230294618e-06
4.071824742379881457e-06
3.946814494337758106e-06
3.794110720933829839e-06
3.611609341813704077e-06
3.405023712099719546e-06
3.186909479646615750e-06
2.947958863908084481e-06
2.693198190351075993e-06
2.430361465632913109e-06
2.159420664060718309e-06
1.888538043504084385e-06
1.624015566026315582e-06
1.369246144911073770e-06
1.123289311788511213e-06
8.905725794594587796e-07
6.833222927493665111e-07
4.971945304355074313e-07
3.373126225003630907e-07
2.054782811677924315e-07
1.049586242363176325e-07
3.946365290108388990e-08
5.729609675597657770e-09
4.813959897376207664e-09
3.879730914313483936e-08
1.074480290297330498e-07
2.089955498663087496e-07
3.402739676694466198e-07
4.976574896620178379e-07
6.829545167175155029e-07
8.922201959471465216e-07
1.119630704149443545e-06
1.369463528355652215e-06
1.632117588523662732e-06
1.898050683846186359e-06
2.164827680450898129e-06
2.427192781540021826e-06
2.694131638003582907e-06
2.953884715051202647e-06
3.189832660566160882e-06
3.412409047109932203e-06
3.610485968086329933e-06
3.791637636196831807e-06
3.942779647880811922e-06
4.062539277982502028e-06
4.161369430821793003e-06
4.217100338266277504e-06
4.240700946955833217e-06
4.231065338200501458e-06
4.194336400087372851e-06
4.115843340146696505e-06
4.006783218435394645e-06
3.871751183215366154e-06
3.703187202885871443e-06
3.512487374401906948e-06
3.302640395053124678e-06
3.071347042249428227e-06
2.822890291409585473e-06
2.560755209102261176e-06
2.293647401230280991e-06
2.028752127625210733e-06
1.762908646951721892e-06
1.498347930950494344e-06
1.240403508906418040e-06
1.001855541526985860e-06
7.834353246138903160e-07
5.859299349042501603e-07
4.138644598139507025e-07
2.696915357702778238e-07
1.527223192354654202e-07
6.800346441515614515e-08
1.637179747326911183e-08
0.000000000000000000e+00
