0.000000000000000000e+00
3.268757708951852692e-09
1.235692270729060738e-08
2.784839414626816279e-08
4.960002741860591868e-08
7.683710057104775615e-08
1.092430371718577931e-07
1.458991666369868767e-07
1.870612861276654826e-07
2.321893554091403189e-07
2.784712828107771543e-07
3.271390821568687102e-07
3.772692175330050190e-07
4.280063724548810455e-07
4.782428956184858748e-07
5.260035441656540911e-07
5.725398759537370097e-07
6.153395314401066685e-07
6.547532337419781356e-07
6.912670177383617443e-07
7.229489057403171159e-07
7.482855206575322882e-07
7.702262685427285760e-07
7.871811479320811600e-07
7.960449881494469082e-07
7.978488807403039118e-07
7.928978073001857751e-07
7.794664008686780221e-07
7.596850045699099496e-07
7.363618174105468484e-07
7.078718760045177305e-07
6.738226311364670096e-07
6.352800073772257861e-07
5.945865061418587061e-07
5.500054406359922154e-07
5.024745898252191978e-07
4.534368746034189712e-07
4.028870118633065545e-07
3.523478649958278197e-07
3.029952814204150968e-07
2.554622612338519616e-07
2.095732551943285671e-07
1.661543457265324264e-07
1.274868686174102095e-07
9.276021195603334490e-08
6.293031684645455925e-08
3.833335937564186224e-08
1.957899453675082668e-08
7.359505227455542808e-09
1.065746935147160457e-09
8.950687968578563414e-10
7.235764876156736136e-09
2.004463450777649314e-08
3.899125067263753408e-08
6.348485448448570878e-08
9.284890245542243292e-08
1.274209655566238553e-07
1.664649077470770067e-07
2.088940439515241110e-07
2.555066125342619898e-07
3.045112010324757534e-07
3.541272191043276507e-07
4.039004254385858417e-07
4.528502595135819320e-07
5.026533748120343148e-07
5.511156985216203452e-07
5.951364487888355370e-07
6.366624379916530074e-07
6.736173031596237593e-07
7.074144549035210616e-07
7.356127788016308955e-07
7.579560740156310317e-07
7.763946386907250030e-07
7.867921700821511877e-07
7.911953505690405564e-07
7.893977107542582416e-07
7.825453997023501529e-07
7.679012598016399238e-07
7.475542563861736767e-07
7.223617242146929129e-07
6.909131247123667663e-07
6.553347382531882204e-07
6.161839430918192306e-07
5.730317227392589530e-07
5.266772126200081061e-07
4.777705494563022626e-07
4.279360052983349760e-07
3.785141291512417183e-07
3.289151536689516320e-07
2.795551639067639371e-07
2.314293713334691915e-07
1.869224526274138043e-07
1.461707345162821525e-07
1.093210807434630283e-07
7.721783734648823838e-08
5.031863181681472952e-08
2.849484048716988127e-08
1.268813420995940078e-08
3.054716146699831825e-09
0.000000000000000000e+00
