0.000000000000000000e+00
1.123873944042230733e-05
1.261840248822920785e-05
1.293485595010857025e-05
1.303361414461967627e-05
1.307040480236221214e-05
1.308521011000873813e-05
1.309129166371381103e-05
1.309364218071706887e-05
1.309418511175053368e-05
1.309393537085590253e-05
1.309332232313220601e-05
1.309254124226555405e-05
1.309169367358364866e-05
1.309091100287762544e-05
1.309011245742564000e-05
1.308942742750396349e-05
1.308876167493977505e-05
1.308820858514359031e-05
1.308765369500974884e-05
1.308714703140978486e-05
1.308667021171494582e-05
1.308627724139199699e-05
1.308588766757434740e-05
1.308550537493236021e-05
1.308521730070122402e-05
1.308489686746572289e-05
1.308465403548897399e-05
1.308440624125939422e-05
1.308421645551671730e-05
1.308402077959680554e-05
1.308385324072514067e-05
1.308368897678935383e-05
1.308352146844882213e-05
1.308340362016213732e-05
1.308327970650502436e-05
1.308316811221565956e-05
1.308304567193552259e-05
1.308295261814862442e-05
1.308286262424740443e-05
1.308280271994366473e-05
1.308273925393343973e-05
1.308268316735361481e-05
1.308266212118880389e-05
1.308262679045046895e-05
1.308259896759533802e-05
1.308257266696699617e-05
1.308256527254858526e-05
1.308255825060999911e-05
1.308253921905588868e-05
1.308255481013986810e-05
1.308257764132125800e-05
1.308256799414930782e-05
1.308262153243422432e-05
1.308262803811910402e-05
1.308266915212019654e-05
1.308274570555045813e-05
1.308278163492104795e-05
1.308287370405114558e-05
1.308296191870894631e-05
1.308302987124143613e-05
1.308312108261322493e-05
1.308326271243220873e-05
1.308337261318737177e-05
1.308348867901099055e-05
1.308366668173466252e-05
1.308379713571561354e-05
1.308398690602619041e-05
1.308418830470170491e-05
1.308440522274079143e-05
1.308461665339155644e-05
1.308485720730168111e-05
1.308514266284976912e-05
1.308547038125773554e-05
1.308581807502040562e-05
1.308618822692952932e-05
1.308661882348793881e-05
1.308709025438226092e-05
1.308757799345361406e-05
1.308810937705739974e-05
1.308867348848163914e-05
1.308932044497002067e-05
1.309002315108553915e-05
1.309079996747453123e-05
1.309160519713525872e-05
1.309240378655207593e-05
1.309321571640875703e-05
1.309385923786710038e-05
1.309419571871028865e-05
1.309381606584558710e-05
1.309184327402679315e-05
1.308652976239610410e-05
1.307359612534586546e-05
1.304160833048850776e-05
1.295702850390156868e-05
1.269528272396236446e-05
1.161862594412088612e-05
6.058643507833583186e-06
4.768997143311803910e-05
1.512678871051775786e-15
