0.000000000000000000e+00
9.386120942378450849e-05
1.153483490927698085e-04
1.371059054696699420e-04
1.541471183973408543e-04
1.673067064816846639e-04
1.775304710566194544e-04
1.854721571309392303e-04
1.916391482541524027e-04
1.964965566898513316e-04
2.003548099127616666e-04
2.034144402505155824e-04
2.058630213065404391e-04
2.078402786819255610e-04
2.094317342435925156e-04
2.107542365495929104e-04
2.118091592926418798e-04
2.126638684734061258e-04
2.133732374040020474e-04
2.139715423635779601e-04
2.144602891706037795e-04
2.148717383544385129e-04
2.152079027778475151e-04
2.154964388044744439e-04
2.157384549950069896e-04
2.159363492640897775e-04
2.160989775888966236e-04
2.162387374959884312e-04
2.163497851007667450e-04
2.164550664928155399e-04
2.165399173991167103e-04
2.166099281838418378e-04
2.166565152766919411e-04
2.167009990864388058e-04
2.167369751880920958e-04
2.167635645079490914e-04
2.168001879477854388e-04
2.168293715020253032e-04
2.168512921957299611e-04
2.168619311408992445e-04
2.168752217946989802e-04
2.168797731049165733e-04
2.168769934273173661e-04
2.168818145673601094e-04
2.168818163200691984e-04
2.168778253246461674e-04
2.168638668831324168e-04
2.168439537619804014e-04
2.168244596374435673e-04
2.167955238026042508e-04
2.167715029246508607e-04
2.167369370048577437e-04
2.166906008330693467e-04
2.166511130750059522e-04
2.166011973778747546e-04
2.165316090025903861e-04
2.164500981290951032e-04
2.163439642387521289e-04
2.162331924364657709e-04
2.160915220140724458e-04
2.159237163017468930e-04
2.157135530441722793e-04
2.154696085746587997e-04
2.151819191456016966e-04
2.148434217330574825e-04
2.144312043953489066e-04
2.139205081302941736e-04
2.133206470739112959e-04
2.126141710286910680e-04
2.117403641711534945e-04
2.106464180282596743e-04
2.093040508833743374e-04
2.076705388421862253e-04
2.056554691139966806e-04
2.031495466456867405e-04
2.000172015421686211e-04
1.960749773025627363e-04
1.910971464372801520e-04
1.847780717765257208e-04
1.766425135707461180e-04
1.661605998646287219e-04
1.526237193695267891e-04
1.351737362517146934e-04
1.115561813568310967e-04
1.392549848536206447e-04
1.379511643631314843e-04
7.275676121221152926e-05
1.181766709301701468e-05
9.002201613816929182e-06
6.218630971932537221e-05
2.288933618223021327e-04
4.397825388463560969e-04
5.357199991620209545e-04
4.234196993467831405e-04
2.115926941893553348e-04
5.284697540086646939e-05
1.003500096163900679e-05
9.331597980666295200e-06
3.063284910942432049e-05
2.333710758277082742e-08
