0.000000000000000000e+00
6.503161194659767830e-06
8.679885346474236485e-06
1.031111436666787284e-05
1.159185357968439689e-05
1.258054320918411406e-05
1.334861084179017610e-05
1.394519914121872262e-05
1.440841466715525598e-05
1.477323713361400337e-05
1.506300434561680390e-05
1.529278628553676356e-05
1.547669106094495817e-05
1.562516271358393993e-05
1.574468352960600726e-05
1.584399156184801427e-05
1.592322078680652453e-05
1.598740746744375940e-05
1.604067974680933872e-05
1.608561127919294620e-05
1.612232502334887130e-05
1.615321641112998918e-05
1.617846347601314960e-05
1.620013343428539088e-05
1.621831008402629948e-05
1.623317345744723639e-05
1.624539659006440928e-05
1.625588628928475998e-05
1.626423554967892926e-05
1.627213606447686089e-05
1.627849768759404014e-05
1.628375680862159669e-05
1.628726980396066892e-05
1.629059945651434305e-05
1.629331239527687103e-05
1.629532263547339710e-05
1.629806378533604772e-05
1.630025574017590628e-05
1.630190220225369302e-05
1.630269736219158716e-05
1.630369962901667691e-05
1.630403602226326853e-05
1.630382658146523056e-05
1.630418099407560106e-05
1.630419288123352572e-05
1.630389208306937121e-05
1.630284705922413480e-05
1.630134585339781950e-05
1.629987998974513630e-05
1.629770745026348777e-05
1.629589884666327038e-05
1.629328832741805400e-05
1.628981781187643918e-05
1.628684991461515352e-05
1.628309800372207405e-05
1.627785674762627366e-05
1.627173191143249653e-05
1.626376783048222308e-05
1.625543394478956571e-05
1.624478686801378302e-05
1.623219592006286405e-05
1.621640845250738039e-05
1.619808361230656857e-05
1.617647316609627239e-05
1.615103535357320652e-05
1.612008355877936339e-05
1.608170538980324693e-05
1.603666662353120387e-05
1.598361416899063414e-05
1.591798348599127166e-05
1.583579006791957511e-05
1.573495117979106794e-05
1.561226041468799508e-05
1.546090362869456669e-05
1.527271334922364332e-05
1.503738165942181126e-05
1.474128199696611574e-05
1.436732530835094224e-05
1.389257091721773918e-05
1.328126745425706190e-05
1.249368645206416772e-05
1.147614181884470952e-05
1.016419968880022395e-05
8.503954080252285053e-06
8.997288693302074591e-06
9.464317924992582398e-06
4.436126077145274849e-06
9.084974963435854534e-07
7.187675936659587705e-07
4.575084926905503835e-06
1.705608326996177482e-05
3.283387783148405958e-05
4.001983791712682148e-05
3.166946142196813696e-05
1.583901311041913118e-05
3.947092890532744036e-06
7.688495315960608423e-07
6.946051636091965520e-07
1.507267375799870024e-06
4.627227715575665812e-10
