0.000000000000000000e+00
1.228023593058402696e-05
2.272406336734089649e-05
3.108957808894974306e-05
3.765686052303873765e-05
4.271013537093804047e-05
4.661422747043175718e-05
4.964686015995756208e-05
5.199516245901758538e-05
5.382217230087693594e-05
5.525393275906953505e-05
5.638628691273517290e-05
5.728361820678262717e-05
5.799156518981885000e-05
5.855248965591641763e-05
5.900800538449768595e-05
5.936172912623938203e-05
5.965629159832008810e-05
5.990025998037218358e-05
6.008300416715517400e-05
6.023423831047480803e-05
6.034569656099275647e-05
6.045768457829669984e-05
6.053666002114876932e-05
6.060123342321865891e-05
6.064505779324047552e-05
6.067910580254132213e-05
6.071859348899533160e-05
6.073520564320311621e-05
6.076217648753878819e-05
6.077903969559095287e-05
6.078259874053859591e-05
6.079780445811255873e-05
6.080441239142420073e-05
6.080338911584881600e-05
6.080707809608121295e-05
6.080430136989889434e-05
6.081378199651599203e-05
6.080812651221290110e-05
6.080650635686968286e-05
6.080713411071858587e-05
6.080962465082606627e-05
6.080928094420734453e-05
6.080767685123777966e-05
6.081081125197673742e-05
6.081359145637676988e-05
6.080895177973388854e-05
6.081117934686464110e-05
6.081190587903240186e-05
6.080448693912554603e-05
6.080728589330508527e-05
6.080395019736339890e-05
6.080956111631508065e-05
6.080539131292361787e-05
6.079064460762229061e-05
6.078594503255985160e-05
6.076361076112757331e-05
6.074134723010882198e-05
6.071616216574149405e-05
6.068218810317826950e-05
6.064123011595423662e-05
6.058965740551869317e-05
6.052776766563017219e-05
6.044336339827705018e-05
6.034096673601663241e-05
6.021644498011013980e-05
6.006347274001289094e-05
5.987497988235723767e-05
5.963440227563232554e-05
5.933549023107165254e-05
5.896381198866595952e-05
5.851165094450383464e-05
5.793989313584990697e-05
5.721436506744836947e-05
5.630087677233053256e-05
5.514359880942620862e-05
5.368995406029863915e-05
5.180786687297711524e-05
4.940135747577567571e-05
4.629744865924934061e-05
4.226699451348459036e-05
3.706828782223947627e-05
3.035383327731899783e-05
2.175641045887299896e-05
1.110517174274239238e-05
1.387031820287987216e-06
1.404161734497311187e-05
2.212063266326946831e-05
1.532286850058905969e-05
2.302923568986425806e-05
1.043837899261657043e-04
2.039330425717134077e-04
2.487824126485849163e-04
1.960690735298697973e-04
9.623588845186770158e-05
1.850226682076350215e-05
1.637375008256558573e-05
2.138738509527282616e-05
1.264282875934608086e-05
8.881784197001252323e-16
