0.000000000000000000e+00
3.618058952437053222e-08
1.453883600177618973e-07
3.260663693493981441e-07
5.747918883081126751e-07
8.860871014704230220e-07
1.256954377581998017e-06
1.681432934663718015e-06
2.152789251641529233e-06
2.662803709196914781e-06
3.204243308796428380e-06
3.765969747937525369e-06
4.341228898807614200e-06
4.919674013947883395e-06
5.492583715849264081e-06
6.052052424432297073e-06
6.585517283830277790e-06
7.084498402476491208e-06
7.544078012622357221e-06
7.956219659766006203e-06
8.322395630755430318e-06
8.631131013570048083e-06
8.851138219134746521e-06
9.005789592619883877e-06
9.099343250773550551e-06
9.118394069251856138e-06
9.064850826523418448e-06
8.935474924531838781e-06
8.742151989094004705e-06
8.479090357726981608e-06
8.147160296179123407e-06
7.762231596264435041e-06
7.329038885006688986e-06
6.845070335770309100e-06
6.329003536365007676e-06
5.779858543442095709e-06
5.214259518715458341e-06
4.638536513223989743e-06
4.060850799847415260e-06
3.491340046402058306e-06
2.938699004695344286e-06
2.411296768034532079e-06
1.920944158517734479e-06
1.472933128687792248e-06
1.074068052830945419e-06
7.329319350324325910e-07
4.509286591902750274e-07
2.368619350656686606e-07
9.088483088337540039e-08
1.804616089895461073e-08
1.919872605338213134e-08
9.153409008533230917e-08
2.345860802277499602e-07
4.491890599478409740e-07
7.292660650914939424e-07
1.073132553819355905e-06
1.473084198067020623e-06
1.921225397549797265e-06
2.411221841525090781e-06
2.936223935323667433e-06
3.487822031966736347e-06
4.057065363993750395e-06
4.635121132801067745e-06
5.213671048776014061e-06
5.778497116470937556e-06
6.327753742541020188e-06
6.850151866855114235e-06
7.327473196538925038e-06
7.761378110648919915e-06
8.143203112154218104e-06
8.470954031780664195e-06
8.731766881653335588e-06
8.935365048645671493e-06
9.056532498386005159e-06
9.115543965876327093e-06
9.097686239245561524e-06
9.005055017441421228e-06
8.840351629846310288e-06
8.611952623360785708e-06
8.311563481244732543e-06
7.953161869300728881e-06
7.543459851988565390e-06
7.080750532573176770e-06
6.579902376513402373e-06
6.045051712644244901e-06
5.492928183636891504e-06
4.919852686025016908e-06
4.338626102939890927e-06
3.762717156852168898e-06
3.201887519010959693e-06
2.661146565663408126e-06
2.152071463257243522e-06
1.681381817442151316e-06
1.257166429402545305e-06
8.836310170234895622e-07
5.717137515626191657e-07
3.247745529177947788e-07
1.441149094505433936e-07
3.579909546580495316e-08
1.110223024625156540e-16
