0.000000000000000000e+00
6.751442072072677547e-09
2.713009839006019774e-08
6.084539272421807254e-08
1.072585332773101641e-07
1.653472074814033022e-07
2.345519960478270605e-07
3.137604152048112383e-07
4.017157975155782879e-07
4.968842259867045641e-07
5.979159477531581501e-07
7.027324178121574505e-07
8.100733022153860929e-07
9.180079363346749233e-07
1.024909019653463815e-06
1.129301408719918243e-06
1.228840910361128635e-06
1.321945449772599090e-06
1.407697626465420626e-06
1.484597926149078262e-06
1.552921329639467274e-06
1.610526663031741634e-06
1.651576230998763606e-06
1.680431330419729363e-06
1.697886359397493550e-06
1.701440343171434222e-06
1.691449551532997475e-06
1.667309444508546790e-06
1.631237799171181280e-06
1.582153862034196834e-06
1.520219866879557458e-06
1.448396719450073533e-06
1.367567738941311006e-06
1.277264172205860859e-06
1.180970754299792702e-06
1.078504602292085224e-06
9.729675861658293456e-07
8.655408074709214361e-07
7.577471139441627201e-07
6.514781443200945432e-07
5.483563321195816798e-07
4.499433978732980677e-07
3.584433707626288879e-07
2.748437807342796191e-07
2.004145505107857161e-07
1.367574712363150979e-07
8.413460184097942829e-08
4.418886068169314285e-08
1.694894458115214775e-08
3.357017552829688611e-09
3.572247386784965784e-09
1.707060814926109060e-08
4.376502016345540369e-08
8.381112071020879739e-08
1.360748154155544398e-07
2.002416783497551478e-07
2.748738779922987874e-07
3.584980099446966051e-07
4.499319669060142246e-07
5.478973116312957359e-07
6.508248681091899357e-07
7.570443318893893547e-07
8.649073782729388427e-07
9.728619707605190570e-07
1.078254999065109132e-06
1.180742295825432109e-06
1.278217326761144079e-06
1.367280683672866815e-06
1.448242519130893413e-06
1.519486545809023426e-06
1.580640727749660357e-06
1.629304976047407649e-06
1.667293723195406585e-06
1.689902017543154500e-06
1.700912716673386171e-06
1.697580861104164285e-06
1.680297380235451499e-06
1.649566213179909369e-06
1.606950280397256847e-06
1.550901876257171352e-06
1.484028869347397972e-06
1.407583522405886356e-06
1.321247177554774055e-06
1.227794097280465735e-06
1.127995861605057826e-06
1.024974062069361480e-06
9.180419975329812132e-07
8.095881838254825880e-07
7.021259647022048966e-07
5.974767367522559880e-07
4.965753617192092406e-07
4.015820844749384833e-07
3.137510832251777515e-07
2.345918068691332792e-07
1.648891240213501419e-07
1.066843433594755197e-07
6.060452806266880543e-08
2.689262112998136445e-08
6.680324071695054045e-09
0.000000000000000000e+00
