0.000000000000000000e+00
2.380547092784013330e-09
9.566042402653351928e-09
2.145403732445316791e-08
3.781930313362380502e-08
5.830142191243226080e-08
8.270313622826819255e-08
1.106322303767726112e-07
1.416456331115867329e-07
1.752025117207622884e-07
2.108269450129540701e-07
2.477860693295141914e-07
2.856354783808967568e-07
3.236944081663750694e-07
3.613890535714148200e-07
3.981992469093142972e-07
4.332983966071068949e-07
4.661286006069076393e-07
4.963663231549730881e-07
5.234828016620340918e-07
5.475749527139583961e-07
5.678877499359913372e-07
5.823626170187168327e-07
5.925374441106967538e-07
5.986923649059505692e-07
5.999454487648492318e-07
5.964222988819045668e-07
5.879097889627260543e-07
5.751899351258416004e-07
5.578816811846465384e-07
5.360422657973984428e-07
5.107157907691117771e-07
4.822137591453667937e-07
4.503709204461969762e-07
4.164160875008704465e-07
3.802847957645738575e-07
3.430708327423204196e-07
3.051906776185830950e-07
2.671813162935521291e-07
2.297097629888611436e-07
1.933481036386908158e-07
1.586469774439436264e-07
1.263835146536607112e-07
9.690590174749047492e-08
7.066189333659878002e-08
4.821623866835267336e-08
2.966132106596575113e-08
1.557641970961753941e-08
5.971608429966579479e-09
1.179100039827574165e-09
1.254986448095962714e-09
6.014510778307169403e-09
1.542697514178570373e-08
2.954727518211797133e-08
4.797554864488517978e-08
7.060095053024184608e-08
9.691652802512606968e-08
1.264027897907027409e-07
1.586429485556095642e-07
1.931862644299897624e-07
2.294794444468450934e-07
2.669335381622062187e-07
3.049673511501538314e-07
3.430336066312378307e-07
3.801968170291658566e-07
4.163355715736116736e-07
4.507070664461210185e-07
4.821125837439765860e-07
5.106614563432643195e-07
5.357837123964870329e-07
5.573481489662412969e-07
5.745084165065250659e-07
5.879042735967843214e-07
5.958766446934049554e-07
5.997594303419617745e-07
5.985846808220784965e-07
5.924902543030796664e-07
5.816538600766918421e-07
5.666266553738807943e-07
5.468628757610005664e-07
5.232821677081389566e-07
4.963261182044931275e-07
4.658824085401747084e-07
4.329293006311019099e-07
3.977389227971528385e-07
3.614119976624863284e-07
3.237064185590554644e-07
2.854644350902546535e-07
2.475722388206591518e-07
2.106720874417433720e-07
1.750936019506710295e-07
1.415984988151208768e-07
1.106289452268427453e-07
8.271717022445557177e-08
5.813989911729322557e-08
3.761685218872656833e-08
2.136910903782762716e-08
9.482312601782894035e-09
2.355481476534748708e-09
0.000000000000000000e+00
