0.000000000000000000e+00
2.715947911013927296e-09
1.091386181428788404e-08
2.447682334594247777e-08
4.314787582782031450e-08
6.651577033611744127e-08
9.435545866853800590e-08
1.262194286866247239e-07
1.616021337857986850e-07
1.998865203356459119e-07
2.405296147811597507e-07
2.826952585355257952e-07
3.258764452729323580e-07
3.692965032664474734e-07
4.123008222611801443e-07
4.542959555209336031e-07
4.943388587363983788e-07
5.317930927839498167e-07
5.662895989910765593e-07
5.972251353458801759e-07
6.247103321310731872e-07
6.478837890622202167e-07
6.643970258402021045e-07
6.760046141751629989e-07
6.830261135570836473e-07
6.844554572005279169e-07
6.804359491408007443e-07
6.707243922488004273e-07
6.562129616360934392e-07
6.364669078440243766e-07
6.115515066573706804e-07
5.826578598489007277e-07
5.501413272712696312e-07
5.138133677418110778e-07
4.750757939264715901e-07
4.338550706473043306e-07
3.913990286319446454e-07
3.481828166895795107e-07
3.048190503340819646e-07
2.620687094001539208e-07
2.205844830127645650e-07
1.809945859854167338e-07
1.441856596340329588e-07
1.105549652935522431e-07
8.061337508635801896e-08
5.500526356616575185e-08
3.383603075501895319e-08
1.776661495700437854e-08
6.808522856616150420e-09
1.340789035353395775e-09
1.427414630938983464e-09
6.857623913170129981e-09
1.759636836240474622e-08
3.370626211474103684e-08
5.473108599662879215e-08
8.054436106963436259e-08
1.105676693535784239e-07
1.442083121805382007e-07
1.809907554939371721e-07
2.204006952499781846e-07
2.618069122606314636e-07
3.045374467047778921e-07
3.479291988961463744e-07
3.913578275893669911e-07
4.337560389755523715e-07
4.749853751429000681e-07
5.141983783207848546e-07
5.500274408154481875e-07
5.825974073170314682e-07
6.112580694939140358e-07
6.358597511857411178e-07
6.554369446076790950e-07
6.707195491229001050e-07
6.798148264319792133e-07
6.842445040566857983e-07
6.829043838196824368e-07
6.759517229282252515e-07
6.635892380035812721e-07
6.464457057431260978e-07
6.238984798789815045e-07
5.969966982988239579e-07
5.662441179277166725e-07
5.315125427562961136e-07
4.939180501262185885e-07
4.537710246443893425e-07
4.123272326905791374e-07
3.693104220214848965e-07
3.256814744556635333e-07
2.824514458987792409e-07
2.403530567907097293e-07
1.997623745308985121e-07
1.615484305217407268e-07
1.262157424131160610e-07
9.437154269154035546e-08
6.633155913426946881e-08
4.291695920866089864e-08
2.437998625204329528e-08
1.081837608385427529e-08
2.687374545118359492e-09
0.000000000000000000e+00
