0.000000000000000000e+00
1.174322861174914578e-09
4.578908474606180334e-09
1.017696571459225652e-08
1.791102033354974310e-08
2.764815321132374493e-08
3.933642711562157501e-08
5.263562052881809450e-08
6.735912205790839380e-08
8.330892309338366886e-08
1.001921564602881176e-07
1.177437687349680573e-07
1.357354596498439037e-07
1.539392653349125339e-07
1.717973050485710473e-07
1.892235157452404337e-07
2.058578073560468624e-07
2.216525324394424956e-07
2.360044021321172636e-07
2.487720692778694342e-07
2.601044718497647068e-07
2.693459724145697010e-07
2.766345511551193681e-07
2.817602974269917127e-07
2.845893486425055130e-07
2.851666257575047325e-07
2.833468195628796593e-07
2.794122251348341024e-07
2.733140692656732540e-07
2.650898917044841596e-07
2.547103757910562649e-07
2.426550097522905958e-07
2.290084130107672422e-07
2.139012725832500905e-07
1.977431521860140151e-07
1.806559710715305300e-07
1.629510578693427192e-07
1.448775087675713280e-07
1.268050757730065925e-07
1.089874941406776543e-07
9.170514969625287449e-08
7.518296463171481037e-08
5.987331719303767841e-08
4.585004098611733525e-08
3.338948495468230249e-08
2.267547649648093966e-08
1.382874059707717151e-08
7.116768951931362608e-09
2.566903467560166519e-09
3.080021793167020405e-10
3.386456670639859112e-10
2.624750083946025825e-09
7.128439061254709941e-09
1.381297209945842042e-08
2.256652387178093022e-08
3.329628295301034768e-08
4.583669088731312513e-08
5.984150608373539626e-08
7.522631706446958333e-08
9.166253112091737876e-08
1.089463712578009336e-07
1.266972959879097971e-07
1.448679126658802829e-07
1.629422083926357345e-07
1.805679218369604655e-07
1.977050062551555243e-07
2.139001604728463235e-07
2.290174683228229924e-07
2.426010050626814518e-07
2.546427283478536197e-07
2.649474940552565272e-07
2.732449434494910179e-07
2.794724117682889641e-07
2.834354130287763951e-07
2.851847962226372601e-07
2.845709943244401074e-07
2.816716359044235674e-07
2.766185702718360062e-07
2.693918317309140775e-07
2.601144100111696389e-07
2.488941388545384825e-07
2.360123335654051857e-07
2.215428643870254177e-07
2.059408065191448145e-07
1.892276655368618776e-07
1.718652016258204185e-07
1.539090419555577682e-07
1.358170119702961642e-07
1.178282752478665429e-07
1.002412846062838980e-07
8.327813139086259753e-08
6.736004032337206127e-08
5.264385571912555406e-08
3.938166825978584029e-08
2.778041818807253094e-08
1.798128945740273821e-08
1.017347606158125473e-08
4.524963403973458753e-09
1.119044856778828034e-09
0.000000000000000000e+00
