0.000000000000000000e+00
7.863854012413185046e-11
1.093199974988579015e-10
1.091394752350538511e-10
8.729972300614008418e-11
5.038514050426101676e-11
7.495448706151819351e-12
4.452638258101160318e-11
9.408984702474754158e-11
1.455676690298446374e-10
1.950442030107524261e-10
2.403068855016954330e-10
2.829403378257211443e-10
3.228572964530940226e-10
3.550996163781405812e-10
3.869337072970324698e-10
4.177103107849688968e-10
4.472516801357073746e-10
4.658275987168281063e-10
4.869211700508913054e-10
4.999570757391325060e-10
5.167175576303861817e-10
5.307303485579950575e-10
5.452605034150792562e-10
5.542856174045596163e-10
5.584750439879826445e-10
5.659381852041178718e-10
5.694604787720436434e-10
5.745195430506555567e-10
5.795554036680528043e-10
5.846315653812439450e-10
5.876881203903394635e-10
5.876504838298046707e-10
5.890875565128794733e-10
5.880242959221959609e-10
5.876832354090311128e-10
5.868581176571296965e-10
5.877415221178239335e-10
5.840402605983285866e-10
5.794288382432455364e-10
5.768749922197002888e-10
5.735601993350769590e-10
5.701529248725023535e-10
5.594680274612073845e-10
5.554787740891242720e-10
5.425051519125645427e-10
5.313758322245121235e-10
5.190268215216065073e-10
5.039771933113001978e-10
4.891200777734638905e-10
4.720532853497161341e-10
4.500979589039388884e-10
4.238902562292423681e-10
3.919885527281508075e-10
3.618162436325178533e-10
3.296696249321939831e-10
2.869823267914739517e-10
2.464431991811011358e-10
2.002658039401694623e-10
1.518447589887728100e-10
1.001283500556837680e-10
4.706679490595888637e-11
1.422195694544825528e-13
4.563949218550078513e-11
8.288569830483538681e-11
1.063937826728533764e-10
1.079862865793757010e-10
8.397771367185669078e-11
1.133049210011449759e-11
1.143206640463745316e-10
3.221583000367900240e-10
6.180218559137529155e-10
1.042906205839244649e-09
1.606982991120275983e-09
2.334422655181356276e-09
3.245605229018622140e-09
4.327576630380747247e-09
5.572858174929251618e-09
6.934402940750317157e-09
8.333707279817303970e-09
9.674905543377576578e-09
1.085394141231432741e-08
1.170483510115616355e-08
1.218942058400784845e-08
1.221691003916447471e-08
1.178766417808674305e-08
1.096570056979828678e-08
9.823995950064556837e-09
8.493307612766898274e-09
7.105094290693614312e-09
5.729218655048384790e-09
4.467892278370300119e-09
3.363505252096388176e-09
2.431427059690349779e-09
1.681875305692415168e-09
1.100315838442611494e-09
6.637213001425834591e-10
3.452935715131388861e-10
1.350837219860068217e-10
7.771561172376095783e-16
