0.000000000000000000e+00
1.134760510923538135e-05
1.289372687152123831e-05
1.343068626147303490e-05
1.415141950955600691e-05
1.507295073033265709e-05
1.616451511765593096e-05
1.740372726433125905e-05
1.879598784504388220e-05
2.029124173341667614e-05
2.186611260190929329e-05
2.352003715300199360e-05
2.520117053783632599e-05
2.689476950423763668e-05
2.857776516529408894e-05
3.022557333676179070e-05
3.177409899490779566e-05
3.325363538397851926e-05
3.460421733503249442e-05
3.583119445316196305e-05
3.687822949560715102e-05
3.773352031655186067e-05
3.841497651313474648e-05
3.890638444670191376e-05
3.917929373731254827e-05
3.923023426433136507e-05
3.907715630868668910e-05
3.869050731608592031e-05
3.810437133655586450e-05
3.733656294591103375e-05
3.636568214371305174e-05
3.523350018574955556e-05
3.394231838538264157e-05
3.253750375009634155e-05
3.102486098727208486e-05
2.942596949850884158e-05
2.775311562874804849e-05
2.606042138153519261e-05
2.436340447131701836e-05
2.269799452669918338e-05
2.108731814254305448e-05
1.954316435626157755e-05
1.810461382079076031e-05
1.678963511786424334e-05
1.559846088650118645e-05
1.459104338419336955e-05
1.377529840851376974e-05
1.314649883721319412e-05
1.236691615058571614e-05
2.885922433509824359e-05
2.887831679243557659e-05
1.240152062376154163e-05
1.314486201631215323e-05
1.377382089551293376e-05
1.459443220042100364e-05
1.561158980445398470e-05
1.677318853443576785e-05
1.809454543966193540e-05
1.954027707917749268e-05
2.107537437523454571e-05
2.269336423610379683e-05
2.436795360616361705e-05
2.605284229784121663e-05
2.774740261501928984e-05
2.941705295500529616e-05
3.101360529067509475e-05
3.253338083164525329e-05
3.394727060301860888e-05
3.524527452325454391e-05
3.637816932500204103e-05
3.733429502827956270e-05
3.810527973591160134e-05
3.868271385953914177e-05
3.907628866983703375e-05
3.922083596252790016e-05
3.919185591227947185e-05
3.890712387388806093e-05
3.842257131370097056e-05
3.774789244681553413e-05
3.687231710269855967e-05
3.582252850609091155e-05
3.460352050521642298e-05
3.325165735057478145e-05
3.178528116831724759e-05
3.023049434214275522e-05
2.858598651134247604e-05
2.690229756829864982e-05
2.520767724445427405e-05
2.351839967429381062e-05
2.187546115783867151e-05
2.029674593817532013e-05
1.880291096534314477e-05
1.742332105936217346e-05
1.616818195093738808e-05
1.506006351692512624e-05
1.415505983826115255e-05
1.343162518041562947e-05
1.289334760345983710e-05
1.136410004531906992e-05
0.000000000000000000e+00
