0.000000000000000000e+00
2.075045929306185144e-06
2.407073962262806788e-06
2.507287391262380538e-06
2.641797685498659121e-06
2.813781109001212144e-06
3.017494881518700822e-06
3.248759930407629781e-06
3.508583084288474652e-06
3.787621268624974391e-06
4.081511165043849587e-06
4.390146538302275303e-06
4.703852700016497579e-06
5.019877861389687723e-06
5.333917734384741038e-06
5.641385100729756630e-06
5.930319837643693859e-06
6.206377260453699307e-06
6.458369096740135262e-06
6.687294391904963220e-06
6.882643356576068072e-06
7.042215454999833923e-06
7.169353383629228915e-06
7.261033104999370380e-06
7.311947339161406489e-06
7.321450290809217165e-06
7.292889608767616494e-06
7.220751227943189576e-06
7.111394659142789010e-06
6.968142476582173117e-06
6.787000984220803446e-06
6.575761981486571983e-06
6.334853315470567736e-06
6.072738896079066251e-06
5.790500122393460458e-06
5.492161531783779083e-06
5.180014329253523897e-06
4.864158798190132416e-06
4.547489641071322808e-06
4.236711749205923638e-06
3.936140897553563889e-06
3.647978204401880475e-06
3.379516854917774538e-06
3.134111985159115932e-06
2.911808284711270289e-06
2.723795643033710689e-06
2.571552960128897780e-06
2.454198573254018356e-06
2.420528906199592711e-06
4.833693734496158356e-06
4.783921106699118297e-06
2.373484122797364648e-06
2.453891003284525141e-06
2.571274231644160579e-06
2.724424484568110927e-06
2.914253970698332807e-06
3.131037171089090521e-06
3.377631528023172791e-06
3.647431972897408059e-06
3.933904260566833955e-06
4.235838876653907903e-06
4.548329112341598091e-06
4.862734589661243945e-06
5.178937744876321858e-06
5.490486630677082758e-06
5.788388515948206248e-06
6.071958935649490741e-06
6.335768124587914940e-06
6.577950571684532122e-06
6.789323137135205855e-06
6.967712634975420372e-06
7.111557680850033591e-06
7.219291097815272451e-06
7.292720889395809536e-06
7.319690771168119170e-06
7.314286141424375387e-06
7.261166024674636787e-06
7.170765157438196979e-06
7.044892198382335380e-06
6.881536310121560973e-06
6.685674680761977129e-06
6.458237362672036852e-06
6.206007848286176909e-06
5.932407574738007838e-06
5.642305172526285162e-06
5.335453545973756206e-06
5.021284386730329174e-06
4.705068527455225080e-06
4.389842817364986161e-06
4.083257082898583690e-06
3.788649654556941471e-06
3.509876219554008969e-06
3.252417535182239305e-06
3.018179796421271988e-06
2.811376499600726220e-06
2.642477380465635406e-06
2.507463084500116679e-06
2.407003273363628182e-06
2.039274938359092459e-06
0.000000000000000000e+00
