0.000000000000000000e+00
6.270633334803932257e-08
7.582803884798039462e-08
8.625084391145065865e-08
9.443271342668424495e-08
1.007644119255246551e-07
1.056582495939650812e-07
1.094559208825174323e-07
1.124138414576592027e-07
1.147571959680959708e-07
1.166080743075781356e-07
1.180788449239855709e-07
1.192501418723068696e-07
1.201966948194410634e-07
1.209632556342654652e-07
1.215873458582095168e-07
1.220926189038351595e-07
1.225085740630404985e-07
1.228511089523820488e-07
1.231272735990884826e-07
1.233693068813934701e-07
1.235578090952316188e-07
1.237205419224451930e-07
1.238667353131717164e-07
1.239741537206739963e-07
1.240684549541626325e-07
1.241473052138175603e-07
1.242132967593789772e-07
1.242746566765262628e-07
1.243247509385980720e-07
1.243660409100399988e-07
1.243929341754324014e-07
1.244185147131204872e-07
1.244377935138984981e-07
1.244602206851297410e-07
1.244768956798480986e-07
1.244932820165800536e-07
1.245041527653256708e-07
1.245082118517260028e-07
1.245107338343487413e-07
1.245174536812498900e-07
1.245215327516646653e-07
1.245287297724217979e-07
1.245286682660662336e-07
1.245276315398058387e-07
1.245147577266791927e-07
1.245107241754084271e-07
1.245045756492757505e-07
1.244973488745415580e-07
1.244917162690484247e-07
1.244776138831227286e-07
1.244599467931095660e-07
1.244355830598564694e-07
1.244112088905069413e-07
1.243927101324260320e-07
1.243641215564750269e-07
1.243261525951666613e-07
1.242723043359816870e-07
1.242064795459185689e-07
1.241475610092024340e-07
1.240694412762977095e-07
1.239723276258430928e-07
1.238520731527970042e-07
1.237124709341230755e-07
1.235474151872750781e-07
1.233475381834381324e-07
1.231143026414471819e-07
1.228258107444091252e-07
1.224764655249899192e-07
1.220620114983361759e-07
1.215354118455636012e-07
1.209060572771036846e-07
1.201254270499774179e-07
1.191629229735369222e-07
1.179647733939859222e-07
1.164575791356980972e-07
1.145765021748346157e-07
1.121963570938078192e-07
1.091578475387322555e-07
1.052666199763407917e-07
1.002569344210613167e-07
9.377100129714932564e-08
8.540131823941976563e-08
7.474963070741580395e-08
6.136361385689070858e-08
8.231386611212698767e-08
2.850845537416546449e-08
1.533166904543747933e-08
1.686688955171433690e-08
5.085088117251501671e-08
1.303764286531006178e-07
2.304598976099470065e-07
2.759140153019146169e-07
2.217340878685192251e-07
1.209516778954977667e-07
4.554115884403131531e-08
1.552387696168722186e-08
1.605160604434274774e-08
2.999345927179319915e-08
1.024718655198361694e-10
