0.000000000000000000e+00
4.876647060170213877e-06
7.408023592891943565e-06
8.998214533262327564e-06
1.020940192919539413e-05
1.115419226649372320e-05
1.199591089906526520e-05
1.274819026475526584e-05
1.349818613061160022e-05
1.420361583925888738e-05
1.483674217628294656e-05
1.544620220883530237e-05
1.602529016375697779e-05
1.658786573899284633e-05
1.709568613061929199e-05
1.753019516725906612e-05
1.797041609585825483e-05
1.837297373741275663e-05
1.875563663888968335e-05
1.909665653399006402e-05
1.942175111901978113e-05
1.972258077354016592e-05
1.997025567013199776e-05
2.021741137414601042e-05
2.044409813928282915e-05
2.067378391701346629e-05
2.085439596688498654e-05
2.100343094324497173e-05
2.118585602262079703e-05
2.132744793159613295e-05
2.144931311698350385e-05
2.157627433452269372e-05
2.168754162479302749e-05
2.177134011405179592e-05
2.184148260697682531e-05
2.195304865115765836e-05
2.199377306277838784e-05
2.204605794653424766e-05
2.208863525643423031e-05
2.212677477864133380e-05
2.215685536155476143e-05
2.218729779102091015e-05
2.219085052546088122e-05
2.219246793655482719e-05
2.217193768982994584e-05
2.216409254585105515e-05
2.214049698001652189e-05
2.208836413297721180e-05
2.203850566961929047e-05
2.198470934433593982e-05
2.192503728193351265e-05
2.186713735918832668e-05
2.177845803275069159e-05
2.169810094310165027e-05
2.156334060154918575e-05
2.143939697285546231e-05
2.129929309280242933e-05
2.116051000111696112e-05
2.100795836557090013e-05
2.082961661575843948e-05
2.063228451798515550e-05
2.041482514802961390e-05
2.021247581274199234e-05
1.993431906666121023e-05
1.967721072415606898e-05
1.939687935859080170e-05
1.907465871142655089e-05
1.872324614571319046e-05
1.834863399796660133e-05
1.794621781681104977e-05
1.751703611319044285e-05
1.701724947744676086e-05
1.651021612381065040e-05
1.596126619274329528e-05
1.540977826297584841e-05
1.479656135572327003e-05
1.411878863355475744e-05
1.341534895105134240e-05
1.270426805788371638e-05
1.191164438985037322e-05
1.109281861522148915e-05
1.014635942286901127e-05
8.997243553077183265e-06
7.398092685018120562e-06
4.616701431259251365e-06
5.668322335949937951e-07
1.098032027468942573e-05
3.270551588918646502e-05
7.659417173422333747e-05
1.554988095121556668e-04
2.766745529348968446e-04
4.037435143882106559e-04
4.583670722921873164e-04
3.948138905418563382e-04
2.647287217799609849e-04
1.474575622507634520e-04
7.126789924782883645e-05
3.034863816198107855e-05
9.833837065875705719e-06
3.330669073875469621e-16
