0.000000000000000000e+00
9.243484031529192180e-07
1.407412591469814345e-06
1.709412957739964156e-06
1.939051422983339990e-06
2.117863429518251905e-06
2.276604373796509151e-06
2.418225142464258681e-06
2.559060936269119679e-06
2.691368601426269436e-06
2.810032576960885820e-06
2.924156964678736870e-06
3.032522254753367008e-06
3.137741128700355375e-06
3.232695116928141488e-06
3.313925455938893094e-06
3.396208056005711740e-06
3.471432191815004842e-06
3.542916249599237233e-06
3.606630333496951835e-06
3.667354187442128932e-06
3.723534702682052000e-06
3.769801441344533544e-06
3.815961311270932299e-06
3.858294010172791388e-06
3.901176923948312947e-06
3.934911073311120333e-06
3.962765182885519266e-06
3.996800462036098622e-06
4.023237527905898503e-06
4.046007462399359156e-06
4.069694459096773187e-06
4.090490946739855360e-06
4.106105639167800803e-06
4.119211363673436210e-06
4.140049653322819267e-06
4.147664994902378055e-06
4.157426302886513270e-06
4.165375277032090651e-06
4.172494936338644322e-06
4.178110008523638896e-06
4.183766102117125740e-06
4.184445744570552961e-06
4.184747608770855720e-06
4.180926941987905820e-06
4.179450985075661151e-06
4.175020302032983466e-06
4.165300461989041025e-06
4.155993162391347084e-06
4.145950145639787365e-06
4.134809266753691759e-06
4.123987932036499160e-06
4.107442183376441847e-06
4.092428370183753827e-06
4.067306376920321043e-06
4.044166236005786175e-06
4.018008975092968171e-06
3.992087523552179107e-06
3.963579578769582668e-06
3.930279900532518411e-06
3.893433481949593045e-06
3.852834052131548503e-06
3.815035255816390247e-06
3.763105262288846120e-06
3.715082552702142493e-06
3.662709872620517615e-06
3.602524303425447272e-06
3.536876005516553789e-06
3.466883480185423139e-06
3.391684972098296669e-06
3.311475101241967423e-06
3.218053644227225618e-06
3.123236356761260879e-06
3.020560103705882682e-06
2.917335457541803123e-06
2.802506323673625843e-06
2.675504233828895906e-06
2.543551346101402544e-06
2.409966302074906253e-06
2.260754003668985490e-06
2.106187685591009995e-06
1.927062701967408032e-06
1.707243137527569843e-06
1.402661317206899128e-06
8.740074379787188263e-07
1.098305485447426122e-07
2.077310367165630112e-06
6.164720956713942712e-06
1.438015235655232260e-05
2.914274652987547398e-05
5.175186229766648438e-05
7.541172960501274503e-05
8.554596154508598005e-05
7.373225483242595857e-05
4.952613390118987269e-05
2.763149948192822336e-05
1.339563867286397425e-05
5.718951339384048538e-06
1.857915677194732496e-06
3.330669073875469621e-16
