0.000000000000000000e+00
8.452623490029509412e-09
3.403376103161548372e-08
7.670122514902288913e-08
1.350216358719791288e-07
2.086853572169644622e-07
2.969039684108665256e-07
3.970897556326846711e-07
5.082543004242268125e-07
6.284860252225854538e-07
7.561973532910215567e-07
8.886530800111813733e-07
1.024670760796375646e-06
1.161943588900982149e-06
1.297291525537147550e-06
1.427694248934407995e-06
1.554019411820206642e-06
1.672314416722997521e-06
1.781597163130754780e-06
1.878362274165823465e-06
1.963013561701032472e-06
2.033965786241154206e-06
2.087910537018622392e-06
2.126808965718929301e-06
2.148689088543598302e-06
2.152905801744431358e-06
2.138965755071886576e-06
2.110343117145419001e-06
2.062252999701641443e-06
2.000651148637011545e-06
1.923241207402170971e-06
1.833060206068992670e-06
1.730577469882810249e-06
1.617846856927229737e-06
1.494463216955566054e-06
1.364730197517260990e-06
1.231325026607166251e-06
1.094677985924441543e-06
9.581565787453172334e-07
8.237112825160153307e-07
6.934352836385215824e-07
5.694381155496586189e-07
4.537150261052502742e-07
3.478779788679275953e-07
2.534164503797953216e-07
1.722051530261836660e-07
1.060614591708031185e-07
5.537510472386486526e-08
2.159059997453027790e-08
4.509330797652921774e-09
4.234812056580494755e-09
2.143805333254533707e-08
5.591100415980321259e-08
1.064682308982156655e-07
1.730677507971734030e-07
2.536366191518979463e-07
3.478398322709352897e-07
4.536460969095656992e-07
5.694555921254007558e-07
6.940122641019286220e-07
8.245375890947315156e-07
9.590443326157327419e-07
1.095482571100703240e-06
1.231457661066137632e-06
1.365043010181921090e-06
1.494745051733303853e-06
1.616633630630026630e-06
1.730938936406190010e-06
1.833254574590270636e-06
1.924172346567942782e-06
2.002573634807269798e-06
2.064703810256141026e-06
2.110366658092388548e-06
2.140926879223847834e-06
2.153573060770241909e-06
2.149070041035372469e-06
2.126974937621817219e-06
2.090455048731065801e-06
2.038497754375256932e-06
1.965580102569752796e-06
1.879085021250226362e-06
1.781738812378641512e-06
1.673195413998129766e-06
1.555344960380011798e-06
1.429349376302901931e-06
1.297213657602824810e-06
1.161902478008514095e-06
1.025283640876395452e-06
8.894197519593305401e-07
7.567529523022642479e-07
6.288776077667534992e-07
5.084262935106664827e-07
3.971043914807736996e-07
2.968544942083539695e-07
2.092656825603000925e-07
1.357477477093027574e-07
7.700391202458689577e-08
3.433370832084392532e-08
8.543198370958293708e-09
0.000000000000000000e+00
