0.000000000000000000e+00
3.979000906539909010e-09
7.692558479099886881e-09
1.103988889195051115e-08
1.408685301740320028e-08
1.685803696638288329e-08
1.934222659816242640e-08
2.163303181035303169e-08
2.371538809775586287e-08
2.560864309497645763e-08
2.733044079938906634e-08
2.889675709827344008e-08
3.030057871278302173e-08
3.164911543951376416e-08
3.277919324862210715e-08
3.390292113714110656e-08
3.483149946248431661e-08
3.572024953601982133e-08
3.649938107308514645e-08
3.725953579003515870e-08
3.794049241445662801e-08
3.852085017630457742e-08
3.903263945392865253e-08
3.956021066287007670e-08
4.001746922721594046e-08
4.037223999553418707e-08
4.073349979538676280e-08
4.102405515293838789e-08
4.127237607232103755e-08
4.145405219091458093e-08
4.158003685805766736e-08
4.177908730085277966e-08
4.180393198272014388e-08
4.192880853626235194e-08
4.190668245751538734e-08
4.193314906419942645e-08
4.185508195586606917e-08
4.172378853528613263e-08
4.162369460214421224e-08
4.150239207856287749e-08
4.129942288155774577e-08
4.105605921900234989e-08
4.072732551207991492e-08
4.044133006253503027e-08
4.006578024906559676e-08
3.964140027346019224e-08
3.912051504961766568e-08
3.858859576322259954e-08
3.801560355398692082e-08
3.734264730770320284e-08
3.666590375761558107e-08
3.584038532622457751e-08
3.496216538501073501e-08
3.399604098230923910e-08
3.296343231706799770e-08
3.174590756938044933e-08
3.051472452497705490e-08
2.910610419348813593e-08
2.747205241071526416e-08
2.580072222535534365e-08
2.398543585968582192e-08
2.192760462094156537e-08
1.960293360969700416e-08
1.717328168560072754e-08
1.439651231560645783e-08
1.138271121803313690e-08
8.111038618530130861e-09
4.479073667518207458e-09
5.016704829330365101e-10
3.841739704135704869e-09
8.697459086270953321e-09
1.367898405657541616e-08
1.926684733977168662e-08
2.507858909428506422e-08
3.134623072220676931e-08
3.768826872807551354e-08
4.420268129301518911e-08
5.062278585210577830e-08
5.686374915381264827e-08
6.257435258838484060e-08
6.763963444900156219e-08
7.174165039813829026e-08
7.472772967087593088e-08
7.641920096723708866e-08
7.629149845200799973e-08
7.491450937369137364e-08
7.223088438479408069e-08
6.818770825756104159e-08
6.329408985816797895e-08
5.758666676847212784e-08
5.144503467668926078e-08
4.504703865482184710e-08
3.846674301311026056e-08
3.194377817816729248e-08
2.574980628722300935e-08
1.985760600398123188e-08
1.431863005940670064e-08
9.244652265927300050e-09
4.433282074778333026e-09
0.000000000000000000e+00
