0.000000000000000000e+00
3.315320340480099048e-07
6.139902561930199454e-07
8.397956907657544434e-07
1.017374929190850708e-06
1.154502396905066064e-06
1.260536956371183237e-06
1.342565971174103368e-06
1.406088582900366646e-06
1.455539817341033881e-06
1.494324099571286979e-06
1.524774134509243595e-06
1.548913183713196418e-06
1.568161285048219611e-06
1.583379742542412316e-06
1.595635882201129618e-06
1.605164118068103107e-06
1.613256806365370721e-06
1.619414260578544429e-06
1.624571404956753895e-06
1.628757721028328831e-06
1.631747588159981888e-06
1.634597329935871812e-06
1.636719314301871009e-06
1.638467977072011195e-06
1.639874298797749930e-06
1.640952281389829182e-06
1.641612825120652985e-06
1.642342264851492928e-06
1.643454341060390789e-06
1.643564804809649615e-06
1.644492368946259830e-06
1.644572883430228671e-06
1.644144586254725482e-06
1.644115019461267480e-06
1.644263587952110584e-06
1.644389274302326953e-06
1.644521874011317664e-06
1.644199071892948893e-06
1.644447088833267401e-06
1.644484751261998667e-06
1.644595306271590118e-06
1.644588957683268404e-06
1.644491058439001563e-06
1.644512767740025083e-06
1.644605404083065991e-06
1.644492843011491345e-06
1.644373153530942488e-06
1.644258265987019740e-06
1.644391810384782104e-06
1.644328763816815808e-06
1.644161306879610152e-06
1.644339269413208626e-06
1.644111237486534094e-06
1.643895282565921434e-06
1.643630196279666222e-06
1.643343489288184855e-06
1.642652003086553236e-06
1.641900326143641564e-06
1.641058408274886915e-06
1.639884340098873849e-06
1.638588064567514380e-06
1.636942937199847847e-06
1.634726731314373183e-06
1.632077418323163442e-06
1.628963000710470510e-06
1.624441067660242766e-06
1.619375732175853955e-06
1.612933959949103269e-06
1.604912247543666126e-06
1.594890596923193016e-06
1.582443355907514615e-06
1.566934035523992463e-06
1.547500799836676322e-06
1.522707804735290438e-06
1.491543888509916371e-06
1.452240440014129774e-06
1.401444190585188210e-06
1.336635636839389463e-06
1.252872547374828116e-06
1.144517204676454014e-06
1.004017617933783413e-06
8.231456686269567058e-07
5.905862602295641750e-07
3.035239052318061681e-07
3.269785298076754998e-08
3.743202926509425765e-07
5.929804112181358278e-07
4.107779568718328278e-07
6.226748111570756805e-07
2.811513375000629367e-06
5.489469882657971311e-06
6.694953636587896995e-06
5.271334637235725040e-06
2.577385803337328696e-06
4.817173879789748980e-07
4.509880523473341896e-07
5.822550562806227958e-07
3.435402009532850798e-07
1.554312234475219157e-15
