0.000000000000000000e+00
1.629301604744171073e-08
3.175013207901145051e-08
4.572584411111080271e-08
5.803046598806815837e-08
6.952005870974886648e-08
7.996499251650135420e-08
8.974176557430268986e-08
9.808882717177169752e-08
1.062010059893481184e-07
1.133293066057916576e-07
1.198138791513869705e-07
1.256266233262692822e-07
1.310842190349603698e-07
1.358862814493377869e-07
1.404187200959583492e-07
1.442375350269031742e-07
1.481421247895298166e-07
1.514824037318618366e-07
1.545119776569237047e-07
1.571748873274714242e-07
1.597315200108084809e-07
1.619612055581143295e-07
1.639601636682641583e-07
1.657428335688493348e-07
1.671183701423828438e-07
1.685062211986831926e-07
1.698350926560010521e-07
1.709401130645105127e-07
1.718004899453617895e-07
1.724225442423232835e-07
1.729628857916054585e-07
1.732272995047523523e-07
1.733860234276463075e-07
1.735456243157074141e-07
1.736767493154545150e-07
1.731877107280510586e-07
1.730931153964831992e-07
1.725715903511115812e-07
1.718927474803066957e-07
1.710521437825462954e-07
1.700442284757741618e-07
1.688622663920114064e-07
1.674982796906476779e-07
1.659428982003774422e-07
1.641072716607183679e-07
1.620043387218217390e-07
1.599327922319204731e-07
1.575656199959141190e-07
1.547755356101632174e-07
1.517808476680926333e-07
1.485603423612147367e-07
1.449245635720686209e-07
1.409248467920676262e-07
1.362928221393389094e-07
1.314556506981645612e-07
1.263859478184414797e-07
1.205518816993489395e-07
1.141404479820806728e-07
1.070927778679120479e-07
9.934353828455755320e-08
9.072397966214396092e-08
8.105411075653989883e-08
7.082709418959609593e-08
5.978190864563970308e-08
4.730437863642578122e-08
3.359498501609436971e-08
1.819507466915837313e-08
2.077880867368264717e-09
1.591078457874317564e-08
3.552141547569220847e-08
5.683427573011101686e-08
7.991730543999153724e-08
1.037020180838510441e-07
1.292259703689069283e-07
1.557070357094403334e-07
1.828375925105873989e-07
2.094770495952857914e-07
2.359429940312907092e-07
2.592527625910889810e-07
2.802366816379020520e-07
2.979195814489798977e-07
3.092947138405577334e-07
3.164207699191123879e-07
3.160789131539942787e-07
3.103743977383999209e-07
2.996465999771658062e-07
2.831806504843825678e-07
2.619481882515373172e-07
2.383140067507838467e-07
2.128222662545198318e-07
1.859111107282984676e-07
1.590899187942085291e-07
1.323619819304511225e-07
1.067032273649459739e-07
8.229475223497928482e-08
5.934969316001570405e-08
3.810810944582243565e-08
1.829979434653239423e-08
1.332267629550187849e-15
