0.000000000000000000e+00
5.742012310072652781e-09
2.166812740345136490e-08
4.914103823860926923e-08
8.757006486614926644e-08
1.355739589481430585e-07
1.915972992483361281e-07
2.554866440629410818e-07
3.275530342516930205e-07
4.063631550144108928e-07
4.877901573774323651e-07
5.731267710418208594e-07
6.604396115550414947e-07
7.482061061825362458e-07
8.357580394413588465e-07
9.207054918469737004e-07
1.002449165343755055e-06
1.079162486150586631e-06
1.149483466078571325e-06
1.212869818134620914e-06
1.267107387903365634e-06
1.310786988950596310e-06
1.345339326386252310e-06
1.371536874628098701e-06
1.384842519547291317e-06
1.388061450668942598e-06
1.380331068112639059e-06
1.359893307850690292e-06
1.328824338342471378e-06
1.290669912390463026e-06
1.241350009228980866e-06
1.182398175592069833e-06
1.114112054834137666e-06
1.041254269473768090e-06
9.627243109378014196e-07
8.785379295161988011e-07
7.918212767688004305e-07
7.042837983917138445e-07
6.170423302309657743e-07
5.304503896130796647e-07
4.470041922166601012e-07
3.663597418768205216e-07
2.906448164363695241e-07
2.229468780701182595e-07
1.633248719601354537e-07
1.110473012433388362e-07
6.772537797239408519e-08
3.436169715431702798e-08
1.276346672796080384e-08
1.764640766843683650e-09
1.472880595265735337e-09
1.242033631498884461e-08
3.451646224394977480e-08
6.742371405632496817e-08
1.100930530073540581e-07
1.616482722122114524e-07
2.223054118566381021e-07
2.906925011814109894e-07
3.650277876632301854e-07
4.456877563674410681e-07
5.297255812886092485e-07
6.167430368630988369e-07
7.043996307354305486e-07
7.916169409982742877e-07
8.790261358804229985e-07
9.614480463993047010e-07
1.040663510920580848e-06
1.113113358153228205e-06
1.180891044838539017e-06
1.239203102465502582e-06
1.289809187121626621e-06
1.330707649405127313e-06
1.361213608164213440e-06
1.377663890966829285e-06
1.384694018335963506e-06
1.382242418856982624e-06
1.371140343930932204e-06
1.347260696560326210e-06
1.310950443533798193e-06
1.265475201961407947e-06
1.211379980547988566e-06
1.147984485694308887e-06
1.076846566805400585e-06
1.001212164841724928e-06
9.203404442992280110e-07
8.361684704638605581e-07
7.479606607407873753e-07
6.604013628175309236e-07
5.728364673718289168e-07
4.875263572845511817e-07
4.045358468207638225e-07
3.267493204894833525e-07
2.553027744767177865e-07
1.907500708497877895e-07
1.342740917342766238e-07
8.716792776475301707e-08
4.934367070497103214e-08
2.185695580081414846e-08
5.372172262596563996e-09
0.000000000000000000e+00
