0.000000000000000000e+00
1.227016266369673758e-09
1.258347315236107988e-09
1.310717312463793860e-09
1.381064484995420116e-09
1.470234711753448664e-09
1.577202035640823397e-09
1.698401530525472936e-09
1.833265539374906439e-09
1.978536112723361384e-09
2.131886556178130832e-09
2.292544709625587984e-09
2.457056669236123980e-09
2.621666550517431915e-09
2.785244590519653229e-09
2.944694488249410824e-09
3.096322753748381729e-09
3.239321255676941291e-09
3.371101287008571035e-09
3.488648148142203809e-09
3.591293706861620194e-09
3.676195237112267478e-09
3.741621679154150115e-09
3.789726976677343373e-09
3.814671800661528778e-09
3.821013394578187672e-09
3.804786818939476234e-09
3.768850787011501779e-09
3.710874052487156405e-09
3.637421586155653586e-09
3.542270365919364394e-09
3.432737871733593238e-09
3.307126794638293177e-09
3.170202211855155383e-09
3.022817884890116602e-09
2.867358017688559357e-09
2.705051516116441235e-09
2.540890498003989251e-09
2.375685648203784694e-09
2.213320082766756514e-09
2.056424142082846629e-09
1.906470536994220311e-09
1.766387813795233797e-09
1.638157720584842991e-09
1.523110859658061145e-09
1.424698359286935556e-09
1.345051403589536676e-09
1.283801620566293877e-09
1.241410196861636450e-09
1.220563095039040036e-09
1.220782253064101042e-09
1.241627356485253131e-09
1.283615547187366701e-09
1.344828248761587020e-09
1.424640183600445198e-09
1.523375536827131782e-09
1.637367796902822192e-09
1.765778301354714586e-09
1.905894553289044779e-09
2.055478121043563533e-09
2.212594885087071361e-09
2.375481589211858591e-09
2.540181731625068551e-09
2.704448109902557462e-09
2.866413773006115662e-09
3.022260108842544923e-09
3.169158269145100348e-09
3.307155327370026043e-09
3.432367390310275823e-09
3.541641757642821631e-09
3.636765777415007506e-09
3.710514451249480317e-09
3.768422573990903857e-09
3.804287662667604764e-09
3.819995320064606403e-09
3.814578541927460265e-09
3.789024982658872887e-09
3.741174259275226177e-09
3.675901916189161511e-09
3.590976294098879862e-09
3.488758060221641699e-09
3.370460799345664782e-09
3.239170598412499658e-09
3.096011114145369447e-09
2.944594679199497023e-09
2.785036090635628625e-09
2.621673433900184591e-09
2.456756353907962875e-09
2.292343093124316056e-09
2.132166776469546221e-09
1.978729846641158474e-09
1.833352691882339514e-09
1.698813423267608869e-09
1.577127539675871049e-09
1.469679156151926236e-09
1.381073588824222043e-09
1.310680564081678767e-09
1.258320225794307134e-09
1.226734269721418968e-09
0.000000000000000000e+00
