0.000000000000000000e+00
1.196158239125111322e-08
1.849758346494922989e-08
2.369782770017536677e-08
2.776769947310242515e-08
3.092231826151703444e-08
3.335702203344226291e-08
3.524884606420641830e-08
3.672486503791816403e-08
3.789175440083170088e-08
3.881191168453312912e-08
3.954770377845306939e-08
4.012933052521816535e-08
4.060265812455554624e-08
4.098452754952575106e-08
4.129639208372282155e-08
4.154613675311225052e-08
4.175325529764961630e-08
4.192269376090962396e-08
4.206144321727833812e-08
4.218003502032274810e-08
4.227919447874484149e-08
4.236101924792734508e-08
4.242977302837402931e-08
4.248636065184996369e-08
4.253254348718371602e-08
4.257115426842261741e-08
4.260285557666776413e-08
4.263266617510197420e-08
4.265982367357423755e-08
4.267878150887582933e-08
4.269159503689223811e-08
4.270472986345197342e-08
4.271131115451964888e-08
4.272336362465267712e-08
4.273374865082502083e-08
4.274064102638419627e-08
4.274736098430764741e-08
4.274971698858820446e-08
4.275183285162853508e-08
4.275335752090825281e-08
4.275519827068308132e-08
4.275641418693965079e-08
4.275726062097362501e-08
4.275492493377441861e-08
4.275314369195371000e-08
4.275258214114785460e-08
4.275084053428912512e-08
4.274327869424610071e-08
4.273776266217055309e-08
4.273320786118972592e-08
4.272338660626928686e-08
4.271056841531617465e-08
4.270215758772621939e-08
4.269077302776480565e-08
4.267724584838816781e-08
4.265560549221447673e-08
4.262841557522989433e-08
4.259799479822135027e-08
4.256511743072621812e-08
4.252894458822709112e-08
4.247836415949279854e-08
4.242398798925961501e-08
4.235403883168231687e-08
4.226817496011392450e-08
4.217341764700677231e-08
4.205263182122109811e-08
4.190811786486392521e-08
4.173844780908098073e-08
4.152494326170597105e-08
4.127132735565197663e-08
4.094953798272626955e-08
4.056024149878822982e-08
4.007881360124088133e-08
3.948584692547996156e-08
3.873411846821994686e-08
3.779321033903215721e-08
3.660047442899383441e-08
3.509217805230946396e-08
3.315564467420983874e-08
3.065834830451308335e-08
2.742384075382631181e-08
2.325218118048866245e-08
1.794229720353257562e-08
1.126911508553263275e-08
1.082645878502930259e-08
5.109342726683507863e-09
1.169396013356305275e-08
1.090500079126144328e-08
6.009260200556809650e-09
4.564097921821996806e-08
9.552988422534269830e-08
1.181609388112292436e-07
9.121504374043354346e-08
4.098830785892459971e-08
3.416579352766291322e-09
1.152901951684270898e-08
1.128065840738656789e-08
4.336459746845378049e-09
3.615234890966267933e-11
