0.000000000000000000e+00
1.364684720783770899e-08
2.110370089791757664e-08
2.703660639813421085e-08
3.167987217000955980e-08
3.527893865928888317e-08
3.805666648482031178e-08
4.021502797435516641e-08
4.189900204565333297e-08
4.323028990338428912e-08
4.428008548718054271e-08
4.511954265762341265e-08
4.578311207925622739e-08
4.632312544661232323e-08
4.675879350379830157e-08
4.711460499517983180e-08
4.739952985666207042e-08
4.763583072442401090e-08
4.782914064804799636e-08
4.798743924450121767e-08
4.812273379783960081e-08
4.823586619018271904e-08
4.832922162467667704e-08
4.840765943647795666e-08
4.847221768411458243e-08
4.852490864681868743e-08
4.856895852167752992e-08
4.860512847759679289e-08
4.863913327657343189e-08
4.867012082243604709e-08
4.869174619059890574e-08
4.870637237974762002e-08
4.872135350719730695e-08
4.872886238960205674e-08
4.874261283482894669e-08
4.875446402152761038e-08
4.876232240214051217e-08
4.876998660474640701e-08
4.877268178216098704e-08
4.877509507394961474e-08
4.877683801307597378e-08
4.877893666765942271e-08
4.878032433541790169e-08
4.878128556651262215e-08
4.877862236352115133e-08
4.877659298685443900e-08
4.877594594887568746e-08
4.877396553304436111e-08
4.876533576947394977e-08
4.875904124901353498e-08
4.875384662650361633e-08
4.874264025733765493e-08
4.872801440125584804e-08
4.871841885467631528e-08
4.870543401924720683e-08
4.868999947671426298e-08
4.866531000402574136e-08
4.863428870738317755e-08
4.859957825065208681e-08
4.856207225234498992e-08
4.852080104367217928e-08
4.846309742401189169e-08
4.840106015979728227e-08
4.832125699572031863e-08
4.822329802145475242e-08
4.811518694580740885e-08
4.797738817341468121e-08
4.781251006225062383e-08
4.761893368510072833e-08
4.737535463927855517e-08
4.708600698233311732e-08
4.671887832152776809e-08
4.627473604301712840e-08
4.572547851466879365e-08
4.504897155310771950e-08
4.419133570188193971e-08
4.311786616639778913e-08
4.175708445686154846e-08
4.003628495397038023e-08
3.782691770926049912e-08
3.497777856242834105e-08
3.128756687065248343e-08
2.652816644133082491e-08
2.047017810813400729e-08
1.285681672236194117e-08
1.137558819364059559e-08
5.829197458062651549e-09
1.334151211729306397e-08
1.244136060840617120e-08
6.856024969970064831e-09
5.207140130192300376e-08
1.089887867733452254e-07
1.348080558294384446e-07
1.040660742024357432e-07
4.676324327768099920e-08
3.898062428397963686e-09
1.315328923556791096e-08
1.286997186600302712e-08
4.947418585921070644e-09
3.473314203524674459e-11
