0.000000000000000000e+00
8.214985740551128401e-07
1.740896941493375039e-06
2.702098775508865458e-06
3.672116432151817378e-06
4.630544460981766974e-06
5.556363536940445158e-06
6.432941794809465819e-06
7.253592598788216605e-06
8.018781033181099360e-06
8.731571310538477348e-06
9.384340069473751100e-06
9.984390176631663394e-06
1.052904163767465207e-05
1.102629845783908991e-05
1.147864955064470394e-05
1.188448424771504364e-05
1.225484163014378680e-05
1.258254792879665018e-05
1.288169257307458793e-05
1.314291660570177100e-05
1.338079527202218344e-05
1.359074573814567088e-05
1.377901139765214111e-05
1.394501303697559536e-05
1.409260897489161835e-05
1.421466648132696520e-05
1.432683116653343802e-05
1.443747612817070092e-05
1.449171802925253161e-05
1.455193460431214447e-05
1.459985556817589014e-05
1.463342474883333466e-05
1.465619562845965618e-05
1.466309228970175127e-05
1.465763431585109799e-05
1.463586618455359201e-05
1.460859933533065202e-05
1.456378206809993969e-05
1.449917476548101547e-05
1.443315548388390823e-05
1.433556805852109761e-05
1.423011008894192742e-05
1.411273188178796545e-05
1.396686792320966930e-05
1.380657861194123370e-05
1.362709901830960746e-05
1.341529964882237635e-05
1.318159823171516365e-05
1.292644827111111283e-05
1.262718498695747371e-05
1.229868344676532388e-05
1.194037919527435321e-05
1.153811052301279005e-05
1.109596924420142017e-05
1.060733089830456777e-05
1.006227759925426568e-05
9.476204360980844399e-06
8.826514194759660370e-06
8.124403217180109493e-06
7.366867314839709024e-06
6.544861995916306796e-06
5.675493025547595494e-06
4.758822601425016785e-06
3.799631280942961098e-06
2.829448359498165644e-06
1.863922770128922934e-06
9.449784847959108447e-07
1.047609616833256041e-07
5.840539205603789696e-07
1.055428682117387496e-06
1.204665727616571758e-06
9.463135783871479134e-07
1.503482011111501038e-07
1.272190214285373600e-06
3.406618946710793239e-06
6.282345685781898226e-06
9.882218124368513656e-06
1.404990875009115570e-05
1.852871027674396487e-05
2.294517391021599906e-05
2.687987599447883014e-05
2.984743007772294732e-05
3.149934065849180342e-05
3.159128592711279992e-05
3.013206406310420249e-05
2.728795647355397591e-05
2.344479347349270881e-05
1.906286306652127394e-05
1.456715453262980020e-05
1.034669589194958661e-05
6.665821703943919374e-06
3.697690186044155780e-06
1.470788798751954118e-06
3.018121974562859577e-08
8.961063574508543184e-07
1.213896174800943584e-06
1.100492946548570217e-06
6.651590840345278366e-07
8.881784197001252323e-16
