0.000000000000000000e+00
6.168396249339735959e-08
1.307152590612759013e-07
2.028825849542670312e-07
2.757095085570426818e-07
3.476647723044123950e-07
4.171703067434862078e-07
4.829786790505607996e-07
5.445870430165200560e-07
6.020306908549599711e-07
6.555407836561499835e-07
7.045441823283482563e-07
7.495892142550530934e-07
7.904755047194456097e-07
8.278035660280735897e-07
8.617612754502346206e-07
8.922253975640614954e-07
9.200265147502051377e-07
9.446267379420447696e-07
9.670818283957771655e-07
9.866912794587179292e-07
1.004547758975959937e-06
1.020307748511584123e-06
1.034439841118839354e-06
1.046900091727920312e-06
1.057979250096430235e-06
1.067144436484035452e-06
1.075564044716870171e-06
1.083865904805136893e-06
1.087940457722424981e-06
1.092461165419500446e-06
1.096058211080830347e-06
1.098574124336337832e-06
1.100282974175748052e-06
1.100804435383295754e-06
1.100393728248327818e-06
1.098759472739629928e-06
1.096708450498695697e-06
1.093343724223316826e-06
1.088498007506544241e-06
1.083537136237211485e-06
1.076215730311247398e-06
1.068298818074353562e-06
1.059481935739015057e-06
1.048536982795056360e-06
1.036499372553123521e-06
1.023029726932023209e-06
1.007125718155421623e-06
9.895815591409728995e-07
9.704314343217390615e-07
9.479657404609653781e-07
9.233045299428255248e-07
8.964006904532695330e-07
8.662065311693112335e-07
8.330087248875628347e-07
7.963248355169483261e-07
7.554100855955425686e-07
7.114058692136993045e-07
6.626344024596164672e-07
6.099174802987050725e-07
5.530430088329651994e-07
4.913419905383520359e-07
4.260683696966083289e-07
3.572447895283659136e-07
2.852237750428088248e-07
2.123774912599074582e-07
1.398753992631895926e-07
7.086782782828038307e-08
7.766767673444974207e-09
4.397284369961340644e-08
7.940712309917330458e-08
9.064542272341213902e-08
7.129471646383223060e-08
1.158969764603057229e-08
9.514753707140499728e-08
2.553202879118643409e-07
4.711330361395482669e-07
7.413583796855860442e-07
1.054069370676202766e-06
1.390257814204431952e-06
1.721615379590701878e-06
2.016956681005765972e-06
2.239581697538461924e-06
2.363618889611451834e-06
2.370541198004616490e-06
2.261084522281464615e-06
2.047674396599141744e-06
1.759328942974036636e-06
1.430518581813089440e-06
1.093156238085590815e-06
7.764237734964041238e-07
5.001740256416198349e-07
2.774104853608960752e-07
1.102777064110327387e-07
2.369116791633985031e-09
6.734903301719441515e-08
9.118314792111448241e-08
8.264924067358236925e-08
4.994997970797498965e-08
2.220446049250313081e-15
