0.000000000000000000e+00
1.439792867263811615e-06
3.039849637676006466e-06
4.728104509910124875e-06
6.425670862952870266e-06
8.099989011189911992e-06
9.722264580069861495e-06
1.125725853112768959e-05
1.270048666535128490e-05
1.403971580782314987e-05
1.528859870780774344e-05
1.643353237368305741e-05
1.748280867475138223e-05
1.843827605196857178e-05
1.930902938174217098e-05
2.009461538865497943e-05
2.080434444640122393e-05
2.145074007930958260e-05
2.203035741166203820e-05
2.254815775282192902e-05
2.301656262815310328e-05
2.342984230130351619e-05
2.380228335752132551e-05
2.412303210241883988e-05
2.441805426356413733e-05
2.466192636652042580e-05
2.488399314015676822e-05
2.507283934449766605e-05
2.523343948579448437e-05
2.536081654269661811e-05
2.547683433884451176e-05
2.556698299793769280e-05
2.561867727624012048e-05
2.565449544988940289e-05
2.566908117362931563e-05
2.566146250670975348e-05
2.562735933875348593e-05
2.557304647277103271e-05
2.549449541777715211e-05
2.539722579297798433e-05
2.525974111045048431e-05
2.510209802419893776e-05
2.491894418243933984e-05
2.469731199938873800e-05
2.444589743966218975e-05
2.416301747965032831e-05
2.383892655344332923e-05
2.347121146917263701e-05
2.306288146358692615e-05
2.260031781131655038e-05
2.209818250753503577e-05
2.152671940236494663e-05
2.088800272259661028e-05
2.018967178296637854e-05
1.941170369745837121e-05
1.855336583611588708e-05
1.761120308430008663e-05
1.657212091710213997e-05
1.543918370761065972e-05
1.420689089037807662e-05
1.288284436529174570e-05
1.145386305745343947e-05
9.925778834629639391e-06
8.316732918456359869e-06
6.656053466391753659e-06
4.947046554848455457e-06
3.257307954362964608e-06
1.634078639511926667e-06
1.767069217617489585e-07
1.029116096784576939e-06
1.849949329613131965e-06
2.126405128977104653e-06
1.676001138428695469e-06
2.805565112451446907e-07
2.200324088041938353e-06
5.940139205962147173e-06
1.099235384804941873e-05
1.730616129591577845e-05
2.458110482550512899e-05
3.241891565453070001e-05
4.018691335527790898e-05
4.707748674770417807e-05
5.228460110284771645e-05
5.515111631704261441e-05
5.534260766937304510e-05
5.275939752658054260e-05
4.781792870456325062e-05
4.107895132321459641e-05
3.339902243826298189e-05
2.554625790585074441e-05
1.813721511323418412e-05
1.171060525917422268e-05
6.512598423880078258e-06
2.611786382611391844e-06
2.224577622111922892e-08
1.543468819864557418e-06
2.112516771846095764e-06
1.917843008181208120e-06
1.175520085605619158e-06
0.000000000000000000e+00
