0.000000000000000000e+00
1.081332799968137692e-07
2.282910904760626636e-07
3.550652674100263084e-07
4.825313346668025360e-07
6.082473859025938623e-07
7.300504406559937820e-07
8.452990913898617009e-07
9.536527835196650926e-07
1.054198899841374271e-06
1.147959081460037112e-06
1.233912978682027983e-06
1.312683332810316017e-06
1.384412783744792819e-06
1.449779339468548756e-06
1.508754530643585667e-06
1.562031553437037701e-06
1.610555441455829850e-06
1.654065962530815170e-06
1.692940949871157841e-06
1.728098894648866235e-06
1.759120225819366112e-06
1.787077577919404803e-06
1.811161303821862134e-06
1.833300189435504990e-06
1.851611173053768766e-06
1.868282621941830257e-06
1.882452911328158507e-06
1.894513311118117826e-06
1.904074617420370430e-06
1.912783012980590058e-06
1.919543969219894564e-06
1.923423869620854987e-06
1.926111810934827417e-06
1.927211413121909800e-06
1.926636051918784176e-06
1.924072787984343336e-06
1.919994821464321433e-06
1.914099658217871536e-06
1.906792281847202730e-06
1.896473200702075701e-06
1.884639821980726992e-06
1.870888364119416281e-06
1.854249968014087813e-06
1.835377862136056137e-06
1.814138741673687605e-06
1.789808208751964003e-06
1.762202355148900779e-06
1.731548122219095376e-06
1.696821732677378236e-06
1.659122828456816023e-06
1.616219351130432358e-06
1.568268540141914968e-06
1.515837995569313534e-06
1.457433110751971128e-06
1.392990283566319931e-06
1.322252943913859724e-06
1.244237511133228224e-06
1.159172597908764146e-06
1.066643253055943319e-06
9.672037760699581099e-07
8.599016494414968292e-07
7.451729964191855515e-07
6.243216861268052753e-07
4.996219875597063265e-07
3.712669166544557697e-07
2.443361252213449575e-07
1.224096228824578247e-07
1.290919726670836098e-08
7.771770527131849349e-08
1.394558821754543487e-07
1.602826071867013979e-07
1.265883722290084279e-07
2.190099357424202253e-08
1.641530761320453280e-07
4.447376817928727633e-07
8.239009580135459032e-07
1.297668148270147981e-06
1.843537277279594377e-06
2.431625726995179093e-06
3.014447343963055914e-06
3.531415550650507384e-06
3.922087180807665163e-06
4.137084428812443093e-06
4.151653955508649574e-06
3.957887229177892152e-06
3.587403180960180293e-06
3.081847295360873318e-06
2.505790532181251251e-06
1.916655670175515525e-06
1.360656327831222256e-06
8.784677059114898157e-07
4.883646890219139891e-07
1.956688189252986376e-07
1.996059539877137468e-09
1.161220144485497485e-07
1.587653938317501456e-07
1.440898167448523282e-07
8.829909481367081980e-08
2.220446049250313081e-16
