0.000000000000000000e+00
2.240991037183448498e-08
2.779286545351311588e-08
3.021155725591029295e-08
3.148270977249012503e-08
3.223348110648061038e-08
3.271320636599739373e-08
3.303745466087804061e-08
3.326870112729807261e-08
3.343735544003578752e-08
3.356546407484728434e-08
3.366501055701576206e-08
3.374436474690156729e-08
3.380927982021830758e-08
3.386191860244025520e-08
3.390585567863979577e-08
3.394256520294902657e-08
3.397401060478699719e-08
3.400046999502137623e-08
3.402381087980188568e-08
3.404329695921859411e-08
3.406130488770031661e-08
3.407627591212047946e-08
3.409018578537370558e-08
3.410224691524632590e-08
3.411294136057563264e-08
3.412244620193405353e-08
3.413102311888849272e-08
3.413863625123525480e-08
3.414550109326341953e-08
3.415168958742498262e-08
3.415721427924012232e-08
3.416231242336920104e-08
3.416663552080478894e-08
3.417075666867219752e-08
3.417448335429895678e-08
3.417799576688196339e-08
3.418064065119352790e-08
3.418345195793648372e-08
3.418582805725378648e-08
3.418815963662780177e-08
3.418965377477434231e-08
3.419136529458910445e-08
3.419259075876368570e-08
3.419373972857187027e-08
3.419478100674666621e-08
3.419527971892932783e-08
3.419587879527341556e-08
3.419589844622095143e-08
3.419595606679592947e-08
3.419574079455145466e-08
3.419543781468803445e-08
3.419469951637665872e-08
3.419396943371566522e-08
3.419266625392936021e-08
3.419136151983082073e-08
3.418978722358190225e-08
3.418803129484615511e-08
3.418633132135084907e-08
3.418399852073150669e-08
3.418103544650108461e-08
3.417843041919610414e-08
3.417494365276496637e-08
3.417138483285953043e-08
3.416730565142245268e-08
3.416292337909965227e-08
3.415803107031933905e-08
3.415243565729753072e-08
3.414654203837130808e-08
3.413961113807317815e-08
3.413216775882688125e-08
3.412383553502706945e-08
3.411451188206626739e-08
3.410374083134826151e-08
3.409222226746777551e-08
3.407888560236216335e-08
3.406319448728822863e-08
3.404595516620645412e-08
3.402685588849152509e-08
3.400343107085035399e-08
3.397815384609259581e-08
3.394748615548337511e-08
3.391169001165650343e-08
3.386847480246757414e-08
3.381752311515384690e-08
3.375504009639485048e-08
3.367877410287434259e-08
3.358241595918798339e-08
3.345882437777447649e-08
3.329658315731620633e-08
3.307618434700287935e-08
3.276920290673501768e-08
3.231881395837632454e-08
3.161943784579790417e-08
3.045177188187864203e-08
2.827400824578774063e-08
2.356548112203427081e-08
7.869542795191364348e-09
8.534439516205694076e-07
4.440892098500626162e-16
