0.000000000000000000e+00
6.561007932281981425e-06
1.138993234206520100e-05
1.510144599448093317e-05
1.796378738028181488e-05
2.018295068895170630e-05
2.197071909670889056e-05
2.339025431419283763e-05
2.455644276344592924e-05
2.552925974363962069e-05
2.631993256441145235e-05
2.698954474156245453e-05
2.753027941837515868e-05
2.803423677999461461e-05
2.843512776773415851e-05
2.881215272920734094e-05
2.911823148421532892e-05
2.938595736257099134e-05
2.964970502539188146e-05
2.985560612700499661e-05
3.004585247667890258e-05
3.020513792062473613e-05
3.035615056967699843e-05
3.048964632035300326e-05
3.060769991325429373e-05
3.071466718052029421e-05
3.080980164660296339e-05
3.089575640413677604e-05
3.098318564909163797e-05
3.104174866797038135e-05
3.109689005209581580e-05
3.116847686090995495e-05
3.121074392353762050e-05
3.125009101667686195e-05
3.128780798267172258e-05
3.133061769522438311e-05
3.134864876941367839e-05
3.136593899233375282e-05
3.138532475455146908e-05
3.141687730834341608e-05
3.142817564627531368e-05
3.142929101862534935e-05
3.143290008378318845e-05
3.143271938443881197e-05
3.142874748529589368e-05
3.142726548976959577e-05
3.140564709314119796e-05
3.139994474699037141e-05
3.137020685883840088e-05
3.134982782415640656e-05
3.132769962654879947e-05
3.129448188865513458e-05
3.124989164415836740e-05
3.120264349709689355e-05
3.116351368570580149e-05
3.110155597307873165e-05
3.103929658543336245e-05
3.096579370287511068e-05
3.088795019279277909e-05
3.080504187225052704e-05
3.071296733048178851e-05
3.060497013662732968e-05
3.048436597286041660e-05
3.034950252911450264e-05
3.019842012363938011e-05
3.001307011318843365e-05
2.984354398882782533e-05
2.961340777529741786e-05
2.936120025309740811e-05
2.910537327871498547e-05
2.878760490598875066e-05
2.841400765773993697e-05
2.798234470025029452e-05
2.750710525600830181e-05
2.693037170853340712e-05
2.624070837031755588e-05
2.543039667057822584e-05
2.444502689857852573e-05
2.327014421266149213e-05
2.181791937283517058e-05
2.001068616319656712e-05
1.770444969395601476e-05
1.478554348866012447e-05
1.098496503537660374e-05
6.019467038487213983e-06
6.687679585670736060e-07
9.732204203305450108e-06
2.193214618362304691e-05
3.811748156357097628e-05
5.810189912947016921e-05
8.026754217138609704e-05
9.858956801844787066e-05
1.057428874786658923e-04
9.719821377585091682e-05
7.820546986470056083e-05
5.602148991101785214e-05
3.633761555832393242e-05
2.056480532086624180e-05
8.762353394420330233e-06
5.924147161717741028e-08
