0.000000000000000000e+00
1.918773473441603983e-09
3.354503119723517557e-09
4.452237578611573099e-09
5.291438398558057088e-09
5.955217652342525980e-09
6.480686987053729808e-09
6.905845673088606418e-09
7.246993782850097432e-09
7.531297141483150881e-09
7.766263410147189461e-09
7.969947479757877318e-09
8.138503648780215372e-09
8.282481589461099247e-09
8.403782003618687213e-09
8.513536764453988326e-09
8.605418266860453969e-09
8.688518238209042011e-09
8.760291603238101743e-09
8.823638153465651612e-09
8.879744384238108523e-09
8.929598060980481478e-09
8.974009313433839452e-09
9.013665702717332806e-09
9.049131888261285894e-09
9.080899476821002736e-09
9.108122922540928812e-09
9.133663714244733001e-09
9.156544522603837777e-09
9.177036131013949216e-09
9.193438677002063741e-09
9.209768392359762856e-09
9.226148844909687341e-09
9.238943388112375033e-09
9.248287802243737588e-09
9.259220168367221504e-09
9.268234846260270388e-09
9.276433954319429631e-09
9.282191681947438155e-09
9.284893187633258549e-09
9.288255276018730910e-09
9.292297042939878793e-09
9.291538205502547498e-09
9.293318226077929012e-09
9.292139280248079558e-09
9.286811541997508357e-09
9.285169522144087750e-09
9.281695745322338098e-09
9.275823886767398108e-09
9.268678269336305675e-09
9.258349975560520306e-09
9.249149557355451634e-09
9.237787979010647632e-09
9.224160102405676298e-09
9.211394869090838711e-09
9.192990813033929953e-09
9.175175175180072529e-09
9.153754976232164609e-09
9.132581135773421011e-09
9.105535658804342347e-09
9.078014562291514267e-09
9.044641258171282061e-09
9.010068358072942374e-09
8.968682685406292876e-09
8.922951155732050665e-09
8.874672441372410958e-09
8.815703389508655619e-09
8.753823443896635581e-09
8.681171448365887500e-09
8.596092171408997729e-09
8.503939552539918623e-09
8.393745698498378260e-09
8.269667062243968303e-09
8.119130368022808852e-09
7.952374758701807878e-09
7.750290187402697484e-09
7.509663557669910006e-09
7.216924280406544767e-09
6.865378820997136700e-09
6.433551358320244162e-09
5.901093613758234824e-09
5.216767462457028159e-09
4.359821281774145518e-09
3.233734280350120116e-09
1.750825262547550665e-09
2.241322683005364524e-10
2.877679317059289588e-09
6.446504885460058176e-09
1.115945769125659126e-08
1.702298890737807824e-08
2.347532801483254161e-08
2.879707827752042704e-08
3.077107968429970697e-08
2.835044032867273245e-08
2.286179412447353343e-08
1.643465386003128970e-08
1.065702026625814369e-08
6.058890056337418173e-09
2.588167569150812142e-09
1.430067175789417888e-11
