0.000000000000000000e+00
2.960898854875715358e-06
3.631332279985244327e-06
3.978948240113133750e-06
4.323850217313740529e-06
4.663389691739183718e-06
4.987696928138163344e-06
5.293251900684303735e-06
5.583227885463948326e-06
5.850542929897173394e-06
6.095802906336267313e-06
6.322150461701703250e-06
6.530206551280670624e-06
6.719598999116449534e-06
6.890923839875107149e-06
7.047087089762094081e-06
7.188404134050863092e-06
7.318017327118120363e-06
7.432509666505104917e-06
7.533711787188757114e-06
7.626781868275145371e-06
7.710108972935891813e-06
7.783152015550243163e-06
7.850535128972602195e-06
7.908216501095743922e-06
7.958854388090408349e-06
8.003591192684567091e-06
8.041484721110769840e-06
8.073307945610785907e-06
8.100115434284127502e-06
8.122021245227095676e-06
8.139093447767642431e-06
8.152167943364929670e-06
8.159747048597232322e-06
8.160270895674059943e-06
8.158785506862109571e-06
8.153694031287628263e-06
8.140845669246665750e-06
8.124751665117280197e-06
8.102451081071215810e-06
8.077080960733340476e-06
8.046651281956584967e-06
8.008879271326208027e-06
7.964609014976531398e-06
7.915086761567380336e-06
7.857583107617749363e-06
7.791982702065602950e-06
7.719215905255261134e-06
7.637954449246642241e-06
7.547322145251555980e-06
7.446658873644373955e-06
7.332691401296109746e-06
7.205430345380570145e-06
7.065768558800478161e-06
6.911784561802747362e-06
6.742369477175103043e-06
6.555256531259878727e-06
6.350262488186153575e-06
6.125237896559276862e-06
5.882185419525676195e-06
5.617258806656089121e-06
5.333372397053892655e-06
5.026681916597830480e-06
4.702376221854542848e-06
4.366428974722502687e-06
4.021926036879008848e-06
3.674773347728255146e-06
3.856075346697629413e-06
6.677933474877328912e-06
4.266312199852073661e-06
2.550013850521892778e-06
2.441716601020438304e-06
2.460309037055630199e-06
2.652730508034828460e-06
3.034178791883057613e-06
3.642648953472438222e-06
4.489856082146026495e-06
5.561895798478211361e-06
6.822920039839530659e-06
8.185133346882977889e-06
9.545372839259158582e-06
1.076253260390291899e-05
1.167888676867345765e-05
1.219239210392686346e-05
1.221648391769303288e-05
1.176019459603327988e-05
1.089595517411723335e-05
9.705082265276665510e-06
8.357838608752388154e-06
6.987218555187801883e-06
5.705453975379803921e-06
4.605075229147104210e-06
3.729955592057798697e-06
3.093217600280695478e-06
2.680239481689383751e-06
2.472667631869818194e-06
2.433743098606555577e-06
2.528473273200049221e-06
2.339924946692661933e-06
0.000000000000000000e+00
