0.000000000000000000e+00
5.239041345195261101e-08
8.034817822188955461e-08
9.717932025754549841e-08
1.096127961730530842e-07
1.196739518594114315e-07
1.288140506483514969e-07
1.371643407743761145e-07
1.453027015374530606e-07
1.530156210627353630e-07
1.603954619122660574e-07
1.670559679478600401e-07
1.733122396707642565e-07
1.794122255205365946e-07
1.849044457546966669e-07
1.900883240812945019e-07
1.947761557596905391e-07
1.992254898830481125e-07
2.032697197229538233e-07
2.072236168215724206e-07
2.105843157629294637e-07
2.137904466792406311e-07
2.166506272160972912e-07
2.193883235079852057e-07
2.217183366903796582e-07
2.242960465137500137e-07
2.263136141822386094e-07
2.282831448319200263e-07
2.300996514437159135e-07
2.317231110327000465e-07
2.330337635081392023e-07
2.344740366311270918e-07
2.356110792023358158e-07
2.366918884222357633e-07
2.375784878827502666e-07
2.383284699591925460e-07
2.390508521132872488e-07
2.395966546275829501e-07
2.401466834278664919e-07
2.405748706912902435e-07
2.408407496767850375e-07
2.410697340637923958e-07
2.412424319198080980e-07
2.411343756891781709e-07
2.410343421521687901e-07
2.408917322282988493e-07
2.404153045532098076e-07
2.400057664830868021e-07
2.395534548504940631e-07
2.389837784333437298e-07
2.383288436602626348e-07
2.375274819055306352e-07
2.366096183425980826e-07
2.354762352885231280e-07
2.342071498961928455e-07
2.328195883860573190e-07
2.312778824009598111e-07
2.295829536480553656e-07
2.278131032706909309e-07
2.259442356544738573e-07
2.238888761052493237e-07
2.216917807107421368e-07
2.191293544395733761e-07
2.163839423197089218e-07
2.135317143103776516e-07
2.102347186339059704e-07
2.066892093033345645e-07
2.029627723665328176e-07
1.987925610791307918e-07
1.940864007288212179e-07
1.896366410569783056e-07
1.844649666349340578e-07
1.787494059435346117e-07
1.726485714392822501e-07
1.665211308843339566e-07
1.594437518681601773e-07
1.522186922064960868e-07
1.444352654145220072e-07
1.363937646159385508e-07
1.277632503127179575e-07
1.185150194649153832e-07
1.081749079201443919e-07
9.539727152674259969e-08
7.766285636812142457e-08
4.811479070720992013e-08
7.434199145173181478e-09
1.206302763234745612e-07
3.586592779436514888e-07
8.331615356516053339e-07
1.705241426286363549e-06
3.025979258830524543e-06
4.417854723937075789e-06
5.005860911011517089e-06
4.305914964031209990e-06
2.886596595308432711e-06
1.600497978482273709e-06
7.739865698352943468e-07
3.272143127563964526e-07
1.059675694969897108e-07
0.000000000000000000e+00
