0.000000000000000000e+00
8.216909495173396749e-05
1.006887258726552048e-04
1.156283436865024328e-04
1.257187917087509987e-04
1.356493333350972108e-04
1.451388545756771009e-04
1.540554674839267335e-04
1.624910391283540534e-04
1.703099878592739813e-04
1.775510983917927277e-04
1.840720494169501009e-04
1.901915181842239733e-04
1.957737109653523433e-04
2.007800978744977982e-04
2.053396143038010990e-04
2.094862660694252199e-04
2.132497051234860663e-04
2.165897909703895508e-04
2.195979842195550091e-04
2.223355536855597947e-04
2.247629048820476427e-04
2.269012917018864428e-04
2.289045614815021779e-04
2.305506938876655809e-04
2.320336303508474529e-04
2.333593615622131523e-04
2.344501624604866663e-04
2.353967712620530506e-04
2.361831574860806526e-04
2.368403126403739734e-04
2.373019942160103923e-04
2.376878182424047026e-04
2.378767794507519184e-04
2.379664707189421691e-04
2.379096429011573477e-04
2.377020340204039073e-04
2.373473930654679265e-04
2.368605604849971513e-04
2.362723449125248010e-04
2.355055912309778066e-04
2.345605753250046277e-04
2.334791450814277525e-04
2.321902168601619465e-04
2.307412260146302074e-04
2.290812387869545219e-04
2.271607310252443668e-04
2.250397240406432076e-04
2.226596392408408676e-04
2.199458669114306986e-04
2.169437754531156060e-04
2.136420321481313778e-04
2.099344471160335956e-04
2.058186662956540403e-04
2.013348146286952911e-04
1.963552978042626407e-04
1.908561349551751718e-04
1.848319111841245643e-04
1.782693039764637888e-04
1.711420877289482334e-04
1.633905159807991225e-04
1.549824283210154974e-04
1.460375269514146979e-04
1.365044111215629741e-04
1.266014523957359472e-04
1.165229874910966856e-04
1.198826131694197272e-04
1.907486417280779278e-04
1.956789158248026239e-04
2.071812789801175114e-04
1.085943955974055797e-04
6.818593703405984030e-05
7.060404641423545513e-05
7.599309779338092596e-05
8.736833854361414353e-05
1.051175016083538694e-04
1.299245082369004933e-04
1.614678559989091156e-04
1.985861168600777660e-04
2.387529112961583877e-04
2.785197127381788818e-04
3.139631033756140610e-04
3.413837965007271436e-04
3.565545492044686071e-04
3.573019700452428893e-04
3.440923942267248847e-04
3.187973871850990903e-04
2.838529894541030885e-04
2.445224825041725225e-04
2.042113684552759878e-04
1.666377026592336108e-04
1.343160739352144972e-04
1.086108736724211710e-04
8.983275134832879871e-05
7.779882692438011560e-05
7.161504999741996613e-05
7.029028141791737738e-05
6.674901426484414202e-05
6.373964343597826598e-05
2.415602440297703879e-16
