0.000000000000000000e+00
1.326113330257783218e-08
1.921416048489277273e-08
1.894639845012591195e-08
1.519755044032677915e-08
8.812192087148673636e-09
1.406408434156958265e-09
6.611959202373896005e-09
1.581923370075344337e-08
2.503515339480344437e-08
3.357865185904529426e-08
4.169559797428945558e-08
4.859112445743107855e-08
5.572317263169423995e-08
6.149037468095031045e-08
6.778725847311761754e-08
7.214039987601950088e-08
7.696732740036793530e-08
8.129735296069640071e-08
8.456231492814936246e-08
8.736235546091819515e-08
8.930868455880869305e-08
9.198184758307803577e-08
9.449114868331776051e-08
9.571092873805753243e-08
9.677659007500949429e-08
9.864507599655070180e-08
9.931846056687732016e-08
9.960768843075840095e-08
1.004776229995840708e-07
1.013275525707513225e-07
1.017301368699818909e-07
1.016554591615204117e-07
1.017697663918681883e-07
1.019283526471070900e-07
1.019634836563199087e-07
1.021384636867850304e-07
1.017411112025357056e-07
1.012049170023843203e-07
1.005242303842024398e-07
9.990547977789532297e-08
9.939363421196389936e-08
9.814294443799553846e-08
9.768886777283825040e-08
9.593337768620813222e-08
9.470436512781787997e-08
9.217653174076190226e-08
8.964803477340410609e-08
8.731866696365386815e-08
8.430660103364573388e-08
8.114952987359203007e-08
7.800974421989792518e-08
7.382192535043685666e-08
6.864762203129259888e-08
6.348153891444496821e-08
5.751184051216995385e-08
5.046365725291934723e-08
4.316143287219631475e-08
3.553380989451682126e-08
2.728245607208634738e-08
1.833159801734041139e-08
9.170086356924400661e-09
7.132749946237026961e-10
7.580113425831314089e-09
1.423437345771105811e-08
1.835193041976879158e-08
1.859360665434905968e-08
1.368244961774678359e-08
1.859540965654105094e-09
2.033241019994136423e-08
5.508479339333405278e-08
1.076284106282798803e-07
1.809170403488380430e-07
2.790674511476964881e-07
4.038777777770619082e-07
5.624229358902610443e-07
7.516508363503149326e-07
9.673343019933611231e-07
1.201994398014605281e-06
1.445413228884362411e-06
1.673691816472810956e-06
1.877214760748202593e-06
2.025886525758302525e-06
2.120549267292659579e-06
2.118852286958627928e-06
2.040337419018101173e-06
1.898766861296863340e-06
1.700076465271926907e-06
1.472167912797139877e-06
1.230869872248518959e-06
9.936521729869696173e-07
7.736321108176014150e-07
5.833030292112795223e-07
4.207903576691762737e-07
2.915000940628686976e-07
1.908821001261884476e-07
1.146320728340199935e-07
6.012512221431620674e-08
2.348200045521053880e-08
3.108624468950438313e-15
