0.000000000000000000e+00
3.466334200674658916e-06
6.411672931583289881e-06
8.774701121150307870e-06
1.062653537220459299e-05
1.205432199979927788e-05
1.316153498354122320e-05
1.401807693024448298e-05
1.468184677033690377e-05
1.519663176874352928e-05
1.560278648893298481e-05
1.591922952337565533e-05
1.617279267462912173e-05
1.637258254927331791e-05
1.653177076998968431e-05
1.665897621994094635e-05
1.675770288445121992e-05
1.684221589304257805e-05
1.690619276861760056e-05
1.696189689304183901e-05
1.700444614316509728e-05
1.703906279659772594e-05
1.706453989269718363e-05
1.708973701364246978e-05
1.710426645140650237e-05
1.712055402947054716e-05
1.713157539307008648e-05
1.713964346361507296e-05
1.714790944240540682e-05
1.715549460012955052e-05
1.715895203158179783e-05
1.716041452115568688e-05
1.716424719899745099e-05
1.716274463259281902e-05
1.716487425440504921e-05
1.716476972857261529e-05
1.716662330886187249e-05
1.716781469962569417e-05
1.716447508159912871e-05
1.716794979522706655e-05
1.716901261994419059e-05
1.716715160349213676e-05
1.716869226475736809e-05
1.716565414178194970e-05
1.716716087429848159e-05
1.716655287531398955e-05
1.716589775480059643e-05
1.716773677939986698e-05
1.716765357306915263e-05
1.716537316798216750e-05
1.716475995461319570e-05
1.716617575131529350e-05
1.716574825716410402e-05
1.716413342600642267e-05
1.716183015421091085e-05
1.715500476884290748e-05
1.715524692735836965e-05
1.714514099671049507e-05
1.713806616310264985e-05
1.713088676247309650e-05
1.711904585333101636e-05
1.710284597433719966e-05
1.708475981332391314e-05
1.706437316773001811e-05
1.703316839896107382e-05
1.699944471567071957e-05
1.695498493126113004e-05
1.690348195759749927e-05
1.683326274526386612e-05
1.674909992244177914e-05
1.664637037335214842e-05
1.651781910416705301e-05
1.635603784788663972e-05
1.615122134390745146e-05
1.589225863762866453e-05
1.556863040330647152e-05
1.515472872304357566e-05
1.462477214497770461e-05
1.394538375676379616e-05
1.307401994787849020e-05
1.194145160865467403e-05
1.047213877447550345e-05
8.580088695975263136e-06
6.161594875098153068e-06
3.158119644131041071e-06
3.433654093276672370e-07
3.899478358104779829e-06
6.192135633575901466e-06
4.254235413947426991e-06
6.541307054575007385e-06
2.944793335801776379e-05
5.739273957539037241e-05
6.997867509284105836e-05
5.502988880978776365e-05
2.682078231019957570e-05
4.991695189304756752e-06
4.725656647885934092e-06
6.082290351927532868e-06
3.595554610824613917e-06
2.775557561562891351e-15
