0.000000000000000000e+00
5.973930572444885456e-07
1.044919874071403854e-06
1.384794957148827166e-06
1.645706456443463139e-06
1.852559364801109609e-06
2.014684077455974887e-06
2.146038170391939559e-06
2.252936231905700026e-06
2.341178056974868582e-06
2.413937158274315209e-06
2.476417748420445264e-06
2.528769689424947842e-06
2.574223348483783980e-06
2.612661151424333639e-06
2.645932193123812226e-06
2.673660833063529196e-06
2.700235862018729449e-06
2.722509815367146757e-06
2.741552011631398500e-06
2.759056879853005739e-06
2.775049384617922499e-06
2.788248619545186102e-06
2.800638276068134758e-06
2.812143583108550615e-06
2.822001039293198232e-06
2.830282931354233256e-06
2.838279885786221257e-06
2.845856101885146927e-06
2.851673103876350979e-06
2.857890987972844243e-06
2.862952460547241174e-06
2.867445602960927431e-06
2.870954083911136934e-06
2.874891134485579869e-06
2.877910966647689861e-06
2.880498766177908010e-06
2.882159404249406975e-06
2.883494910510542297e-06
2.885420112952452598e-06
2.886913499811072370e-06
2.887598523626522251e-06
2.887931389472520038e-06
2.887914724358786600e-06
2.887034678433764157e-06
2.886829511550281779e-06
2.885237400107598660e-06
2.884308350936670706e-06
2.882485787392141674e-06
2.879815792944384611e-06
2.877641696819033257e-06
2.874056552637505035e-06
2.870596770954136900e-06
2.866511935262217037e-06
2.861963294575886607e-06
2.857376294129743144e-06
2.851164809580808424e-06
2.845211620750021098e-06
2.838037908903245921e-06
2.830033836276335535e-06
2.821105927419687021e-06
2.810577405032432807e-06
2.800020843185535568e-06
2.787582496388552045e-06
2.773648984488730207e-06
2.758005155922838014e-06
2.740393259093032441e-06
2.720502705777505525e-06
2.696752410602520911e-06
2.671630716766237867e-06
2.642953925824365058e-06
2.608621397559574007e-06
2.570246136812670557e-06
2.524238963408365066e-06
2.471767666101243321e-06
2.409043170725766458e-06
2.334353257915644519e-06
2.244573672927074881e-06
2.135531927294209709e-06
2.001578316646046574e-06
1.834856585780642035e-06
1.623635454639504871e-06
1.356090912452145858e-06
1.005525602670864771e-06
5.476764134426659325e-07
6.823112785880880438e-08
8.932565038755058140e-07
2.004961795476489783e-06
3.467312784888321175e-06
5.296994687986611439e-06
7.308558538587917042e-06
8.938085909293569387e-06
9.555669298721980454e-06
8.823016280579132342e-06
7.096719242261073646e-06
5.110159896570820592e-06
3.311012273909952341e-06
1.884366977678020305e-06
8.032443126193555827e-07
4.440892098500626162e-16
