0.000000000000000000e+00
8.874342372067189899e-10
1.874409849556002428e-09
2.912837526736211657e-09
3.961849071032474967e-09
4.991170143853196350e-09
5.991767193513908296e-09
6.936682894753687378e-09
7.825304737529847898e-09
8.654460481594128396e-09
9.419553581579975798e-09
1.012384198695315263e-08
1.076610123273979980e-08
1.135853366918126994e-08
1.189062592832357268e-08
1.238011426707430473e-08
1.281814332454445093e-08
1.321303566559350884e-08
1.356216239312146854e-08
1.388520753931032914e-08
1.416982031710034562e-08
1.442346186930620888e-08
1.465303922643101942e-08
1.485660083844209112e-08
1.503273006076000229e-08
1.519144188222298908e-08
1.533001148246171397e-08
1.544605088277251070e-08
1.554848516605034092e-08
1.562679530220378865e-08
1.569219409969235812e-08
1.574058894338037362e-08
1.578281316749752250e-08
1.580456909788807707e-08
1.580933506328818794e-08
1.580724973138103451e-08
1.578558750381375830e-08
1.575147490218142821e-08
1.570189223087936625e-08
1.563999507681046452e-08
1.555290496391137367e-08
1.546324690515632483e-08
1.535221172410672352e-08
1.521306225438223692e-08
1.505929525524862811e-08
1.488034406804672471e-08
1.468498778134375016e-08
1.446042185992979512e-08
1.420706186028297680e-08
1.392765447416621782e-08
1.361270884903120759e-08
1.326039722471250570e-08
1.287086492940403559e-08
1.243853586796461741e-08
1.195968313272288697e-08
1.142616790072992217e-08
1.085260759037254275e-08
1.021031958980955778e-08
9.512904131092625448e-09
8.757496505751305449e-09
7.937831170146125714e-09
7.056770279234569898e-09
6.118052620074365677e-09
5.129520030955347920e-09
4.096423533717086229e-09
3.050126595738333890e-09
2.010529631668589445e-09
1.016284723043270333e-09
1.114212055952634728e-10
6.321602130654468965e-10
1.134143223779915388e-09
1.298866902921247402e-09
1.008743089059294107e-09
1.612801003858521653e-10
1.371957880635932270e-09
3.673638060419648355e-09
6.776201155744843163e-09
1.065885957274304019e-08
1.513892700089058962e-08
1.995227982831693225e-08
2.472881621695677268e-08
2.895195383434412406e-08
3.216940014372227097e-08
3.392063285811985907e-08
3.403849568872630016e-08
3.245309121435724364e-08
2.939297105708504887e-08
2.526625519916336771e-08
2.053160019777067191e-08
1.569996388450789482e-08
1.114996728279749050e-08
7.192741291461857145e-09
3.987013164064023840e-09
1.585918729674062888e-09
2.854050329403889918e-11
9.581024862370668416e-10
1.310011765731644573e-09
1.186987841350628514e-09
7.230553933368355501e-10
1.110223024625156540e-16
