0.000000000000000000e+00
1.352589737879661413e-06
1.768875981578155177e-06
2.099346868345008943e-06
2.358954251935330149e-06
2.559616825936750217e-06
2.715116610096934835e-06
2.835601687900535239e-06
2.929627880177143595e-06
3.003980472926492951e-06
3.062738330728009828e-06
3.109341850882074709e-06
3.146635384032592242e-06
3.176556144013353844e-06
3.200884063137010571e-06
3.220660935943087111e-06
3.236981527265925251e-06
3.250139550825537071e-06
3.260728047127514628e-06
3.269635040270557624e-06
3.277215497088370455e-06
3.283533782538761159e-06
3.288747089658095035e-06
3.293128971515457692e-06
3.296684208509148561e-06
3.299503388398683512e-06
3.301981051029301284e-06
3.304031489181902259e-06
3.306064696673161052e-06
3.307772301952560667e-06
3.308916530331273975e-06
3.309708327736693434e-06
3.310648879595312621e-06
3.311311276288364525e-06
3.311765451874393307e-06
3.312478332628820965e-06
3.312927306819979378e-06
3.313135456539662016e-06
3.313473112553921851e-06
3.313792704906504127e-06
3.313740177146584642e-06
3.313893309542237375e-06
3.314035617374422316e-06
3.314131499454475716e-06
3.314098421691724639e-06
3.313933467197216487e-06
3.313719294961714468e-06
3.313532077720005020e-06
3.313266430882144675e-06
3.312943039901483644e-06
3.312492304230474360e-06
3.311868629785053031e-06
3.311259030081004084e-06
3.310602107564619700e-06
3.309738547230267613e-06
3.308805644364198884e-06
3.307692788667715433e-06
3.305961828070635988e-06
3.304101224954614224e-06
3.301996154836395192e-06
3.299489050534454293e-06
3.296456833057348490e-06
3.292600451509919424e-06
3.288158558212295191e-06
3.282883223487687019e-06
3.276845739752509701e-06
3.268915619525358807e-06
3.260067706789548936e-06
3.248952527568071957e-06
3.235740903329009654e-06
3.219338962190398945e-06
3.199023673738921048e-06
3.174272085959550793e-06
3.143447091402684634e-06
3.105629581945379414e-06
3.057911166948201753e-06
2.998069936310798766e-06
2.921892761520439308e-06
2.825806868944624739e-06
2.702526811004801743e-06
2.543511558816824447e-06
2.337578215660940373e-06
2.072139250741678040e-06
1.733892508459788928e-06
1.309179950781391710e-06
2.176010041432530073e-06
2.687519309318986416e-07
1.515955366793164671e-07
1.028828320315255951e-07
9.748705200873786225e-07
3.495390611951698645e-06
6.685218812751969608e-06
8.127948758485104008e-06
6.404969754014722128e-06
3.203179575028691772e-06
8.073180881584818280e-07
1.444551892548773253e-07
1.284919570743170425e-07
3.143108135983396778e-07
2.657921625848214120e-16
