0.000000000000000000e+00
6.494274007451394937e-10
2.614011895829548848e-09
5.858408980152773893e-09
1.034186358772615222e-08
1.600059407191878336e-08
2.274161359228088486e-08
3.040072138471572316e-08
3.889899202746960327e-08
4.809389064774904909e-08
5.786944623498158080e-08
6.799789586953153275e-08
7.839794069486316630e-08
8.889321290173057832e-08
9.925686128564592536e-08
1.092323481666213070e-07
1.188904029669757278e-07
1.279253570851679456e-07
1.362526980130951415e-07
1.436896119866304389e-07
1.501591245789413165e-07
1.555162068012094778e-07
1.597191264801622879e-07
1.626567780466103841e-07
1.642704519078108660e-07
1.646565250812415115e-07
1.636399534765686781e-07
1.614256215365372782e-07
1.577755242010425718e-07
1.529793591803496611e-07
1.470731590957896628e-07
1.401056258787392039e-07
1.322280177573631477e-07
1.235427917745113291e-07
1.141669079274265641e-07
1.043076207629667351e-07
9.416640356363359388e-08
8.371907966875369311e-08
7.321638628710047669e-08
6.297486110362626732e-08
5.299994054741574701e-08
4.351387861145639135e-08
3.465244990952243143e-08
2.655495734416035702e-08
1.933043514146248754e-08
1.311199415710007088e-08
8.056454059435225190e-09
4.172111323086369339e-09
1.591047071869411411e-09
2.804337873030249284e-10
2.578051105928125253e-10
1.570117036386875498e-09
4.209248061215475900e-09
8.083572922146231576e-09
1.318399545091608616e-08
1.934638005351985157e-08
2.654816289027195353e-08
3.464904885230879472e-08
4.350222282401006169e-08
5.303440409054616111e-08
6.301613586501275677e-08
7.330996498744468681e-08
8.374439297575975161e-08
9.413862844809273156e-08
1.043714448201171763e-07
1.142895376116115358e-07
1.235803371857358002e-07
1.323405278697009635e-07
1.401791738242508245e-07
1.471226656057922355e-07
1.531298763346455871e-07
1.578827539816529679e-07
1.613629834196217416e-07
1.636905875290750600e-07
1.647201854915181229e-07
1.644104870024420961e-07
1.627278276572496907e-07
1.597649195161920943e-07
1.556137689817660430e-07
1.502694624289091507e-07
1.436990949565952747e-07
1.363252339903198163e-07
1.280271216819173219e-07
1.189178461258322272e-07
1.093321813083747429e-07
9.920774135530052718e-08
8.888489921865527776e-08
7.842082672127048681e-08
6.804391639025908489e-08
5.788265688977389800e-08
4.811170672969211637e-08
3.889128785683482192e-08
3.038113649544982309e-08
2.271596588609980927e-08
1.599420296205522618e-08
1.036745966853658274e-08
5.881301556875939696e-09
2.638886664740880406e-09
6.574992772456766943e-10
0.000000000000000000e+00
