0.000000000000000000e+00
1.998186563323400833e-05
2.243614615049516203e-05
2.299851712272982240e-05
2.317420384467805405e-05
2.323957824978961639e-05
2.326592798440607623e-05
2.327675714441923560e-05
2.328082812441678584e-05
2.328186683686617187e-05
2.328142352181483687e-05
2.328028420683914135e-05
2.327891227094092130e-05
2.327743911223478790e-05
2.327605321150727491e-05
2.327464347740004769e-05
2.327337921814720545e-05
2.327224635256808227e-05
2.327121510170560015e-05
2.327024458237403337e-05
2.326937976904197569e-05
2.326856199541538217e-05
2.326780981687370797e-05
2.326706419353286037e-05
2.326649154127391483e-05
2.326590684154083988e-05
2.326537642838300002e-05
2.326492390758438944e-05
2.326453705925324300e-05
2.326411231323710638e-05
2.326379810591028274e-05
2.326350022063827794e-05
2.326320817536142727e-05
2.326291039167482921e-05
2.326266945718025170e-05
2.326244897044027482e-05
2.326226059479186148e-05
2.326206445335543549e-05
2.326189900125896770e-05
2.326175713229794439e-05
2.326161224419642792e-05
2.326154197962448933e-05
2.326140982500390919e-05
2.326133523689044580e-05
2.326127126606181150e-05
2.326126334817324448e-05
2.326118083750827736e-05
2.326115599837752512e-05
2.326116651285570214e-05
2.326114107731314107e-05
2.326120913886953190e-05
2.326117397544180676e-05
2.326125937868184224e-05
2.326131033747458332e-05
2.326132193242180790e-05
2.326140352204575379e-05
2.326154464393770382e-05
2.326159500531943536e-05
2.326175869016289255e-05
2.326190058588029075e-05
2.326203635938384195e-05
2.326225451843022540e-05
2.326239487238090931e-05
2.326263297924846540e-05
2.326290774024020180e-05
2.326315191902850188e-05
2.326345594516610049e-05
2.326377311290261929e-05
2.326405967878475423e-05
2.326442593203470466e-05
2.326485947468093229e-05
2.326528513796333186e-05
2.326579265388151185e-05
2.326635175686764256e-05
2.326702172739114616e-05
2.326767546056984770e-05
2.326844822153617542e-05
2.326920295236956093e-05
2.327008814573261475e-05
2.327104676080882228e-05
2.327210315766770066e-05
2.327322014084032276e-05
2.327448456895808704e-05
2.327585040462487598e-05
2.327722035966317549e-05
2.327872467933200795e-05
2.328009901575445184e-05
2.328129654816102345e-05
2.328183410049700086e-05
2.328114424354765788e-05
2.327765457743602440e-05
2.326820537912333009e-05
2.324524442642861288e-05
2.318835580683575870e-05
2.303793767155504213e-05
2.257268545802215698e-05
2.065678308516005757e-05
1.191253009030779353e-05
8.458087110485568161e-05
2.098148044193948181e-15
