0.000000000000000000e+00
1.382376462810697149e-05
1.566033653510601198e-05
1.604350072503812896e-05
1.614772763358640617e-05
1.617761845973397783e-05
1.618434205097329937e-05
1.618301518957476759e-05
1.617917118579281777e-05
1.617469552306349811e-05
1.617029993972174395e-05
1.616629233458510839e-05
1.616263809689488795e-05
1.615944312616246492e-05
1.615661443010729670e-05
1.615416078337705841e-05
1.615199153204294191e-05
1.615004607002923365e-05
1.614835171714901207e-05
1.614691750173591345e-05
1.614551358042337625e-05
1.614426878449037872e-05
1.614322748721974676e-05
1.614220962209422794e-05
1.614137893191092132e-05
1.614060901145020210e-05
1.613989171189711413e-05
1.613918255694013482e-05
1.613864376537321732e-05
1.613807431288805105e-05
1.613759654928159648e-05
1.613714997394932738e-05
1.613673762124179234e-05
1.613640626185741667e-05
1.613608481132455807e-05
1.613581407844399962e-05
1.613552275170349048e-05
1.613523852972420514e-05
1.613506381814566737e-05
1.613483022355755026e-05
1.613464227845362586e-05
1.613452672000192933e-05
1.613446793302664162e-05
1.613432892200172830e-05
1.613421154333938290e-05
1.613414040513294623e-05
1.613411822876109625e-05
1.613408343614786133e-05
1.613406843059550511e-05
1.613408775358315950e-05
1.613410134937431906e-05
1.613410998702047294e-05
1.613410888934296850e-05
1.613423752655496202e-05
1.613432455105368035e-05
1.613442191061853492e-05
1.613447334580797587e-05
1.613467020789016715e-05
1.613478709483473494e-05
1.613497708030653399e-05
1.613522960564051090e-05
1.613543327927402515e-05
1.613576356152002234e-05
1.613605080219571164e-05
1.613634928854246198e-05
1.613671267997052183e-05
1.613710403169932306e-05
1.613754269502720717e-05
1.613799175781416295e-05
1.613855484938753193e-05
1.613916607201559827e-05
1.613979957759692496e-05
1.614045582365442044e-05
1.614127789029140558e-05
1.614216095358056435e-05
1.614312035957965463e-05
1.614419169537750776e-05
1.614529252091934097e-05
1.614672827798813159e-05
1.614810361227903002e-05
1.614978026986957360e-05
1.615167950053120194e-05
1.615387849096538986e-05
1.615624460060693934e-05
1.615907954022333115e-05
1.616215928179620676e-05
1.616580064600636746e-05
1.616982148888723714e-05
1.617410530507790156e-05
1.617858633917723665e-05
1.618261690539135600e-05
1.618444335027557912e-05
1.617980603640933879e-05
1.615565320922662806e-05
1.606945592769193354e-05
1.575772501016814431e-05
1.433518789017984574e-05
4.203321312457042325e-06
9.021550492083196815e-05
2.220446049250313081e-16
