0.000000000000000000e+00
6.186610603808873066e-07
1.307550452356309734e-06
2.029658793478716916e-06
2.758027479399238757e-06
3.474196671016116511e-06
4.170415830784257594e-06
4.829783373017093595e-06
5.449057522532996245e-06
6.026011180715329374e-06
6.558604674911094889e-06
7.050485115289717442e-06
7.497134378420255985e-06
7.910984549441835156e-06
8.281372818830234905e-06
8.622197102070572328e-06
8.927248835499668189e-06
9.204889529823567784e-06
9.453189628305658232e-06
9.672575518981929577e-06
9.871884391721152952e-06
1.004666908788198754e-05
1.020970872700477372e-05
1.034934856458669117e-05
1.047354874472716801e-05
1.058170656720314184e-05
1.068605793042021190e-05
1.076014817802395385e-05
1.084058247013963694e-05
1.088352635270073421e-05
1.093048234923621465e-05
1.096715064974329579e-05
1.099258007120074154e-05
1.101102671374754038e-05
1.101430028627170543e-05
1.101081927046276832e-05
1.099870245091505438e-05
1.097201098798628038e-05
1.093894630488367881e-05
1.089659212394344934e-05
1.083995407569204872e-05
1.076742944416952952e-05
1.069460458369420053e-05
1.059846095796679322e-05
1.049199638114561850e-05
1.037055438213307923e-05
1.023442112058070563e-05
1.008004507352389112e-05
9.899469912588720888e-06
9.704292811663073337e-06
9.482587966624933529e-06
9.237429479780345787e-06
8.966942307120362443e-06
8.665189383583182803e-06
8.329542728557903786e-06
7.965120747854825822e-06
7.560229533298823412e-06
7.115988275518958517e-06
6.627267235659317635e-06
6.100957383514682419e-06
5.530413902499198286e-06
4.917292081962898465e-06
4.263154412598169074e-06
3.575776636788319252e-06
2.859739817284712160e-06
2.125788013840335111e-06
1.401393314837129367e-06
7.051287107540105126e-07
7.875925156497487478e-08
4.388141618960617052e-07
7.892126440145474930e-07
9.069127245853181307e-07
7.041125338336229333e-07
1.142420575916958114e-07
9.543197829753324868e-07
2.556829163169460628e-06
4.718773919165641928e-06
7.414636732150370335e-06
1.054071831152469940e-05
1.390003711576603962e-05
1.722763051148490376e-05
2.018052651064916603e-05
2.244149904040426691e-05
2.363632403001858506e-05
2.371469141082549470e-05
2.260185082292309744e-05
2.048460965853315940e-05
1.760923546234582915e-05
1.432964744985110173e-05
1.094275709845327071e-05
7.774497266521684935e-06
5.014660175994833935e-06
2.781395368800509971e-06
1.102401380848050394e-06
2.450887137683821493e-08
6.753234343959135799e-07
9.144183857889842670e-07
8.270468889737259133e-07
5.054679647065185577e-07
3.330669073875469621e-16
