0.000000000000000000e+00
2.043825264586018875e-07
4.169342912030415960e-07
5.915022348590426304e-07
7.599410646319526563e-07
9.008384413977665872e-07
1.046868421838986762e-06
1.162210370497795964e-06
1.283598177415079533e-06
1.386081192489285741e-06
1.477925989812334251e-06
1.558954590641370430e-06
1.633038876125425531e-06
1.707037436182723411e-06
1.774065674697844486e-06
1.825680818190456023e-06
1.885138749435633088e-06
1.933237444462498900e-06
1.976921093937988871e-06
2.016540830984681065e-06
2.049085373490022732e-06
2.081515502627695469e-06
2.110700838220402886e-06
2.136865720259173429e-06
2.160633294612246402e-06
2.184066543620133416e-06
2.199014757953143828e-06
2.217932419834589552e-06
2.228226231748564601e-06
2.236762786766988143e-06
2.248623297340657246e-06
2.258822542677840772e-06
2.260745124993412958e-06
2.266930729022398339e-06
2.268027326501886876e-06
2.261338995501738225e-06
2.261632670141899837e-06
2.259534082393876986e-06
2.249580066004952528e-06
2.241113984169373907e-06
2.232845580985021172e-06
2.216923652986757531e-06
2.201029690507283476e-06
2.186373188162171743e-06
2.162818094286755866e-06
2.143050074510099989e-06
2.113997113473153888e-06
2.085632907045109619e-06
2.056474676992436912e-06
2.018162095995812422e-06
1.978979147554404960e-06
1.938706897575137589e-06
1.888184201548348540e-06
1.838848935009629315e-06
1.777762051458076087e-06
1.718141725004507236e-06
1.641837817811797606e-06
1.565402644176927538e-06
1.481400907721308613e-06
1.392910841002681366e-06
1.292997354740421656e-06
1.179854249300227309e-06
1.058785333629685965e-06
9.216548170210003832e-07
7.787251918855986332e-07
6.171224529172292250e-07
4.317088934113755272e-07
2.347513282652258226e-07
2.053865699735979433e-08
2.107618882751793876e-07
4.667780860723169667e-07
7.455342524442798435e-07
1.044264380412052162e-06
1.363782779151279101e-06
1.699539127986149367e-06
2.045982489540243421e-06
2.397703459999789288e-06
2.748696110166370943e-06
3.087091523301666030e-06
3.401951826131899281e-06
3.674816816401360597e-06
3.899287626452085931e-06
4.060645767745008072e-06
4.142164133913439628e-06
4.144972069242136570e-06
4.072464381943419198e-06
3.919953375342011270e-06
3.706579684958910548e-06
3.437260914451734095e-06
3.126290118449226441e-06
2.790210237191281806e-06
2.442026317606149632e-06
2.089931096294073143e-06
1.739008999468438788e-06
1.403074919692492983e-06
1.083522330969088898e-06
7.860532101888750844e-07
4.989221225049078612e-07
2.489439770991808132e-07
0.000000000000000000e+00
