0.000000000000000000e+00
5.154289106634735163e-09
9.954843283033198986e-09
1.441983410455094372e-08
1.835094809443660324e-08
2.201922766342789828e-08
2.530973797210123166e-08
2.830064549375066463e-08
3.090065625599436316e-08
3.344877386179945233e-08
3.566799378074136939e-08
3.774354262464640897e-08
3.964509653897607677e-08
4.133857645083338639e-08
4.281451171372907538e-08
4.424427457738744351e-08
4.545755094564896126e-08
4.671809195055942610e-08
4.773484141296080452e-08
4.872695635871338027e-08
4.955597610045714418e-08
5.027834182325108259e-08
5.107622180755555519e-08
5.164866478946095185e-08
5.226884236542161943e-08
5.270973890691976749e-08
5.314734818906430291e-08
5.358358390328277210e-08
5.387374502063835280e-08
5.417925963424607971e-08
5.439939398943494098e-08
5.456975837869748602e-08
5.465760866130153772e-08
5.476531550474561527e-08
5.479176146128139635e-08
5.468172425970863060e-08
5.466899144490611206e-08
5.458692087234595647e-08
5.436673033987204917e-08
5.417429604914758556e-08
5.394325486296480676e-08
5.359108812275081846e-08
5.316149043199658308e-08
5.276541636956011416e-08
5.229711519394442121e-08
5.174259432028094352e-08
5.115564472024658471e-08
5.036686667736489653e-08
4.965408495483103479e-08
4.877505754841138241e-08
4.779344586758327296e-08
4.681293541697328919e-08
4.570337419629311171e-08
4.444198942188393175e-08
4.305526679626581199e-08
4.153133936757313904e-08
3.981699070454425282e-08
3.801702919137284198e-08
3.599508890950176010e-08
3.365718825865116060e-08
3.132868031663349484e-08
2.859635916951930312e-08
2.563831802415705852e-08
2.238395591103170545e-08
1.885251477151683730e-08
1.477876399036404109e-08
1.059429810545964301e-08
5.753987619705469569e-09
6.552631770517791665e-10
5.123495294689917046e-09
1.118909942476875585e-08
1.786697156891392524e-08
2.504351570564722351e-08
3.268717085891381657e-08
4.087095872851165268e-08
4.908467754471956823e-08
5.758641330455560592e-08
6.603850233322106078e-08
7.427398429626919096e-08
8.190376254990638927e-08
8.844191412560320487e-08
9.388822064249069399e-08
9.751083451803310709e-08
9.953392987593900898e-08
9.964985814292504074e-08
9.785125343331202430e-08
9.452806248866352234e-08
8.915809346365932697e-08
8.275435481319703968e-08
7.529613055279327227e-08
6.728062074135010562e-08
5.875929154353087824e-08
5.017764526105139566e-08
4.172385992262661603e-08
3.363347589324661158e-08
2.600424497956055347e-08
1.870245036617035339e-08
1.207535205161036629e-08
5.838264649504765202e-09
0.000000000000000000e+00
