0.000000000000000000e+00
6.339008262745693401e-08
9.788524368836704070e-08
1.186401560326899585e-07
1.335518623468701094e-07
1.451793251172617261e-07
1.563301811335904290e-07
1.665091308167276907e-07
1.764966304218518189e-07
1.858440391577786954e-07
1.946809881081534854e-07
2.027944927540659137e-07
2.108023164915096004e-07
2.179336566765499583e-07
2.244983908772368864e-07
2.307938044010526824e-07
2.368019914600338893e-07
2.421201165114794662e-07
2.472127492714193409e-07
2.518612363111571995e-07
2.559288432291140225e-07
2.597646955315724426e-07
2.633206243052299556e-07
2.664800765606045729e-07
2.697924533778817135e-07
2.724412591081915025e-07
2.749355447750900794e-07
2.775104106511605551e-07
2.797272804500039456e-07
2.816969887353693025e-07
2.833280510206037661e-07
2.850219817940313760e-07
2.864357978582532382e-07
2.877349929431005648e-07
2.888053103333731997e-07
2.897453874606270574e-07
2.906140187386441198e-07
2.913174098617687946e-07
2.920544228679489152e-07
2.924819709759773900e-07
2.928330250506760990e-07
2.931947883366703422e-07
2.932980850411937013e-07
2.932491901530553946e-07
2.930038754955788249e-07
2.928060002238552784e-07
2.922465175414501459e-07
2.919283985658438496e-07
2.911999356092209723e-07
2.905617474402433231e-07
2.897455819717009717e-07
2.888016051860731181e-07
2.876500067028331387e-07
2.862842316542213439e-07
2.847135854855409320e-07
2.830299693501459046e-07
2.811721068196604278e-07
2.794325126842522877e-07
2.769013905945527654e-07
2.746207793391519658e-07
2.721262064575569184e-07
2.693387796126600620e-07
2.663399309987823926e-07
2.630339295262018595e-07
2.594308864400929338e-07
2.554214532102250246e-07
2.510660745969062191e-07
2.463804860131091345e-07
2.411804156388086540e-07
2.361999243971624196e-07
2.303620135757356024e-07
2.241493578525322050e-07
2.171422578411963400e-07
2.097120376243211126e-07
2.022244568467002068e-07
1.937926995543293174e-07
1.848831260309324875e-07
1.756610229497468367e-07
1.655767873920410693e-07
1.550302903829958723e-07
1.439969170569099788e-07
1.304267900348321518e-07
1.150211003109191665e-07
9.342508899834456315e-08
5.757218102253602865e-08
1.046706887830595178e-08
1.496725381411323497e-07
4.403283875298313887e-07
1.021008184221017245e-06
2.083711656553077773e-06
3.699610018115251364e-06
5.394324942065154005e-06
6.119802668513862898e-06
5.255524845870773731e-06
3.530762370695939012e-06
1.959634747250582620e-06
9.432016520038999374e-07
3.990812635912277528e-07
1.296995689736846202e-07
8.881784197001252323e-16
