0.000000000000000000e+00
1.274478051105365495e-05
1.442985724053880148e-05
1.478160705747910697e-05
1.487697670066179256e-05
1.490409172066886612e-05
1.491018257071541342e-05
1.490905509382578487e-05
1.490560341366187203e-05
1.490149844185495454e-05
1.489746488347876152e-05
1.489372075347272784e-05
1.489037703705786697e-05
1.488747156963565743e-05
1.488483319045386111e-05
1.488260561333110132e-05
1.488059650167627979e-05
1.487880223027815418e-05
1.487724329640727206e-05
1.487592045545937935e-05
1.487463605054362148e-05
1.487355727780581560e-05
1.487255350307581381e-05
1.487161826341232285e-05
1.487081370799003821e-05
1.487011828948947567e-05
1.486946064588323679e-05
1.486887884016852013e-05
1.486832746921962212e-05
1.486781022264072050e-05
1.486739083000898631e-05
1.486697147279336662e-05
1.486662599070598390e-05
1.486629262559269193e-05
1.486599297240154272e-05
1.486575198450523771e-05
1.486547558737782992e-05
1.486523305915810056e-05
1.486500408542923424e-05
1.486490673741069912e-05
1.486472057055099327e-05
1.486458646071664447e-05
1.486452196086673894e-05
1.486437756248459863e-05
1.486425142194214288e-05
1.486423577856665901e-05
1.486422366536732653e-05
1.486411838858003875e-05
1.486417532547967824e-05
1.486414239482147792e-05
1.486414923357326501e-05
1.486418050722360107e-05
1.486422698115941188e-05
1.486428468888689736e-05
1.486441601306065508e-05
1.486440897335850053e-05
1.486461077615519599e-05
1.486469334133211362e-05
1.486483879720168488e-05
1.486505336212307071e-05
1.486520553062309347e-05
1.486546759932316775e-05
1.486567331798749336e-05
1.486591294042050038e-05
1.486621695379053421e-05
1.486658480653879622e-05
1.486691705754328297e-05
1.486734666933386961e-05
1.486777006554085290e-05
1.486827997831952075e-05
1.486876040235340923e-05
1.486941700989952153e-05
1.487004107292300148e-05
1.487070105321564029e-05
1.487157226309765434e-05
1.487241967035313195e-05
1.487336613259504503e-05
1.487452818527135179e-05
1.487565880942121055e-05
1.487702436153703900e-05
1.487865697491486117e-05
1.488033325380833105e-05
1.488230569446358231e-05
1.488452715325827569e-05
1.488707200247851858e-05
1.488991116294080541e-05
1.489320974079610949e-05
1.489683290489818290e-05
1.490086099442677892e-05
1.490494158784549938e-05
1.490863023279054289e-05
1.491031446132495830e-05
1.490581793006651168e-05
1.488363281487714573e-05
1.480444678225723010e-05
1.451796832319107722e-05
1.321601848114362099e-05
3.973879991181483717e-06
8.587377510660409996e-05
2.220446049250313081e-16
