0.000000000000000000e+00
2.731184078896831124e-08
1.071292383691968553e-07
2.414334501210646522e-07
4.296397753122960239e-07
6.606882497761645823e-07
9.358786825508502716e-07
1.253302063242145437e-06
1.601452682020720886e-06
1.980558153702460800e-06
2.381628830150361864e-06
2.803740740797699971e-06
3.243149425125047003e-06
3.674701289368975665e-06
4.090567519487997572e-06
4.504210138644992867e-06
4.903996255078979516e-06
5.278236577366257620e-06
5.618226423531602620e-06
5.916765389191169788e-06
6.191138933298034885e-06
6.415065062381763994e-06
6.579018000607561589e-06
6.701176207712933319e-06
6.778358550563190477e-06
6.787426733545487423e-06
6.732209061444116571e-06
6.642382134991464682e-06
6.510004709303629511e-06
6.303335162494150268e-06
6.052375048248848088e-06
5.761956344940699637e-06
5.429741078533112386e-06
5.069216839292955967e-06
4.693636350694418979e-06
4.285107599866222472e-06
3.859557036522964779e-06
3.427705265957037284e-06
2.998318074709516168e-06
2.573678372197463204e-06
2.160278785190428152e-06
1.766249480006365502e-06
1.398561932042241551e-06
1.060754333370717006e-06
7.616864126092082188e-07
5.081943670326438678e-07
2.987337961446456802e-07
1.367845169353287815e-07
3.180227936550039658e-08
2.017526867792440726e-08
2.151056810451024148e-08
3.057742481438197046e-08
1.372489841777735364e-07
2.971332886403388329e-07
5.098055896324282799e-07
7.639961689953622681e-07
1.068244357083081297e-06
1.402954359686070518e-06
1.767814414854740335e-06
2.158621102643643042e-06
2.564351402778441980e-06
2.994753633300817341e-06
3.427733743954775036e-06
3.859336456857320741e-06
4.283796652404525673e-06
4.688354943493955318e-06
5.081873417633886447e-06
5.440877942408661738e-06
5.762726034364007432e-06
6.048525856283681890e-06
6.297988456194225648e-06
6.510743732590640320e-06
6.653456437355487196e-06
6.748065453643370404e-06
6.798573306654454029e-06
6.790164027048462003e-06
6.705509953519595001e-06
6.573349111027582126e-06
6.409937878038007852e-06
6.202866819515762131e-06
5.931445481999197966e-06
5.616082862425209044e-06
5.276288183031496715e-06
4.907462994863109884e-06
4.504321083897977473e-06
4.088927310963441641e-06
3.670099109287505712e-06
3.239233889340553674e-06
2.806795185050781072e-06
2.383284870677293554e-06
1.980851993099719266e-06
1.599604799507048369e-06
1.244801893229841028e-06
9.293751043193410055e-07
6.558964938951916679e-07
4.234249869616846240e-07
2.378717417483855456e-07
1.053828331265549423e-07
2.548326949458612489e-08
0.000000000000000000e+00
