0.000000000000000000e+00
1.099307189722509293e-08
4.311747170415713981e-08
9.716921844926673657e-08
1.729117197202256762e-07
2.658968922819582303e-07
3.766474742095127226e-07
5.043921280645236038e-07
6.445009770317255970e-07
7.970667641465922770e-07
9.584737605816684436e-07
1.128346519552181348e-06
1.305178751520585934e-06
1.478846330837946255e-06
1.646200199267866537e-06
1.812658134259237386e-06
1.973536461474800774e-06
2.124131520786498584e-06
2.260937687958985975e-06
2.381060330791662238e-06
2.491456058795193940e-06
2.581547318580845740e-06
2.647496980978658598e-06
2.696622913411772515e-06
2.727646229994107330e-06
2.731254507781777363e-06
2.708987190014333635e-06
2.672789239155370922e-06
2.619465132691622955e-06
2.536239457673339359e-06
2.435188168448121360e-06
2.318255668543045545e-06
2.184502488233874828e-06
2.039354123684056219e-06
1.888146430428783162e-06
1.723681235299423520e-06
1.552366446166963954e-06
1.378515551486714230e-06
1.205659966752037349e-06
1.034719026682395793e-06
8.683030561229543309e-07
7.096869050204901441e-07
5.616755258674999141e-07
4.256911515509997912e-07
3.053009584030874635e-07
2.032589307976451209e-07
1.189424715386522280e-07
5.375102052340707814e-08
1.148958361785190618e-08
9.438335557554466959e-09
9.978670667543099171e-09
1.098728807935600571e-08
5.392274682325393087e-08
1.182781916853059556e-07
2.038814679306000244e-07
3.061989712893620208e-07
4.286662542707375678e-07
5.633986797093371024e-07
7.102677597181639157e-07
8.675800999835558969e-07
1.030903086673973235e-06
1.204160772427798065e-06
1.378460443901552424e-06
1.552206563060209987e-06
1.723079954052408880e-06
1.885948613056243062e-06
2.044375425613864650e-06
2.188911371048263277e-06
2.318492756447909642e-06
2.433566163695388695e-06
2.534014304833576148e-06
2.619687995308872530e-06
2.677172211695832971e-06
2.715294318722527578e-06
2.735664687225636271e-06
2.732319778542269262e-06
2.698289173430623578e-06
2.645137184398294039e-06
2.579405364855347216e-06
2.496099050008915299e-06
2.386893901640263493e-06
2.260002554432816169e-06
2.123274871701497091e-06
1.974861406073280534e-06
1.812637621889656714e-06
1.645481089829203825e-06
1.476939011091360499e-06
1.303550848485990343e-06
1.129530318499938346e-06
9.590997525066313756e-07
7.971496706060676729e-07
6.437266132364172222e-07
5.009447271442368788e-07
3.740070801949713086e-07
2.639490017664058996e-07
1.703951439946393975e-07
9.572299131122008475e-08
4.240712236924792933e-08
1.025376528129839926e-08
0.000000000000000000e+00
