0.000000000000000000e+00
1.018491435633706033e-08
4.069886405666522933e-08
9.154673319411443799e-08
1.611184906602503020e-07
2.489267575400688770e-07
3.541559741027100472e-07
4.737095565809923414e-07
6.062761316316667148e-07
7.496411290608406830e-07
9.020468964004990653e-07
1.060024933052794438e-06
1.222498901665147741e-06
1.386190387142605118e-06
1.547957589553838886e-06
1.703789346718664888e-06
1.854607575402233977e-06
1.995877772720255905e-06
2.125259288332514984e-06
2.241629587174109872e-06
2.342853532510957848e-06
2.427336571075855431e-06
2.491495276646382706e-06
2.538711892152711869e-06
2.563404028377291866e-06
2.568024015547898387e-06
2.553816836559086312e-06
2.518647958860142921e-06
2.461961495781039844e-06
2.387344277932079706e-06
2.294740353847579684e-06
2.185079659877686709e-06
2.061897476535179408e-06
1.927071942575686592e-06
1.780485315183710782e-06
1.626627421869031309e-06
1.467568329638346825e-06
1.304310785932294436e-06
1.140994863590982789e-06
9.806731392503209577e-07
8.251176945028859677e-07
6.768942230062080512e-07
5.387647089571956371e-07
4.125094745788260298e-07
2.997454684461331453e-07
2.029005611303702494e-07
1.241965551512791421e-07
6.379047357008005292e-08
2.326484849213272810e-08
2.851839209228046457e-09
2.655245134874917312e-09
2.261549458815181879e-08
6.406865904473590945e-08
1.243885952018075614e-07
2.040248791024268371e-07
2.998903581019618514e-07
4.122458919786353704e-07
5.386226938908222905e-07
6.769345459733955295e-07
8.256642382020729087e-07
9.815433763549208379e-07
1.141773170565407725e-06
1.304731675921821932e-06
1.467115386399875376e-06
1.626752621719518288e-06
1.782175874098790302e-06
1.927143372992823345e-06
2.063193197288093472e-06
2.187335155112712926e-06
2.294911332634264056e-06
2.388435015099332759e-06
2.463301832067443797e-06
2.518513403382272031e-06
2.554595283643656956e-06
2.569696497367601751e-06
2.564913599845120018e-06
2.539471730789166770e-06
2.493565390837559903e-06
2.428619703565004784e-06
2.344031603596086200e-06
2.242828349707792768e-06
2.127102004201297802e-06
1.996379536017833800e-06
1.855897560076869013e-06
1.705199165757953494e-06
1.547098943399660698e-06
1.386027587924054671e-06
1.223066007027817648e-06
1.061082954278980139e-06
9.028142302636155136e-07
7.499320159309874612e-07
6.063579854886924636e-07
4.735289380608520560e-07
3.539140238650873016e-07
2.496031602516879389e-07
1.618806287906338071e-07
9.168547498994428224e-08
4.066446268602419423e-08
1.001875227224502396e-08
0.000000000000000000e+00
