0.000000000000000000e+00
2.842097135413723663e-08
5.414856452112815077e-08
7.787502709355464958e-08
9.925373301022943906e-08
1.182027573598531944e-07
1.362968562457211874e-07
1.519051033849194710e-07
1.669065979870154592e-07
1.799258250168023210e-07
1.915907659189031165e-07
2.029486543264624743e-07
2.129277770768212008e-07
2.222231580972788834e-07
2.301277914895649701e-07
2.380032341209314950e-07
2.444976207049975869e-07
2.510596547322663241e-07
2.563720580273098903e-07
2.616309640046665663e-07
2.664643166117031114e-07
2.704582433565860811e-07
2.744206570870488804e-07
2.774838780972288532e-07
2.803111800453450542e-07
2.829839622631169505e-07
2.855175029736756187e-07
2.875535116686478432e-07
2.892935460074852472e-07
2.910537088007814077e-07
2.922336586053120300e-07
2.931468661149239097e-07
2.936158409738709452e-07
2.941950684176575237e-07
2.940352070712748400e-07
2.942254710980307664e-07
2.936768603856165782e-07
2.930551897817323947e-07
2.921732044081082336e-07
2.909053368194136624e-07
2.896035502519822558e-07
2.877777618426335948e-07
2.860867412968204349e-07
2.832825338749955790e-07
2.811516207623654395e-07
2.776748148081154000e-07
2.748463716617521868e-07
2.706106073668834711e-07
2.667952774260129445e-07
2.622126219486986543e-07
2.573480417655815700e-07
2.512268847398857474e-07
2.454166334597829291e-07
2.388588384860668157e-07
2.312156612838123237e-07
2.226796907978112472e-07
2.142806416749465370e-07
2.044180206217660611e-07
1.929638191455751439e-07
1.810339008700978525e-07
1.683280298481193427e-07
1.541537464344600039e-07
1.380537909545509478e-07
1.208647671946394553e-07
1.014163408807888800e-07
8.026969011698525946e-08
5.685241077912905894e-08
3.193021869130063806e-08
3.209079113553059415e-09
2.634117857169826493e-08
5.942914160783629995e-08
9.623474395148434724e-08
1.337138680890248565e-07
1.746985941464274106e-07
2.178541538278011558e-07
2.626253805537714925e-07
3.083972642814458709e-07
3.550098164328829853e-07
3.977011209244096790e-07
4.386912290099687084e-07
4.741746586489625770e-07
5.026689815501583780e-07
5.244538889837002671e-07
5.353220282611204084e-07
5.340095903250130505e-07
5.243627958506635878e-07
5.050521996174950345e-07
4.774944567520478245e-07
4.432721829594754581e-07
4.027651603344395426e-07
3.593468584917047792e-07
3.146555972444176064e-07
2.684982983724992778e-07
2.239234930812017410e-07
1.804998830401416399e-07
1.388757450149213923e-07
9.971403946984480626e-08
6.358341941847811540e-08
3.108324153622277208e-08
0.000000000000000000e+00
