0.000000000000000000e+00
9.737647266305771154e-08
2.060279872262427148e-07
3.195289715041127465e-07
4.346389448350862494e-07
5.484933217614340606e-07
6.575795137298001691e-07
7.612179865335022555e-07
8.585660790094706840e-07
9.494444238589139218e-07
1.033430855112982272e-06
1.110607551146891581e-06
1.181268098005006095e-06
1.245790946402536292e-06
1.304736933716021952e-06
1.358245498628285475e-06
1.406042673957053069e-06
1.449319889768041492e-06
1.488365458657270324e-06
1.523180555462744223e-06
1.554951229221224196e-06
1.583602108001791464e-06
1.608333378921855683e-06
1.630087107074018604e-06
1.649269279035969760e-06
1.666777620590309539e-06
1.681964481914377529e-06
1.694307104616044057e-06
1.705952417996314807e-06
1.714580543099586407e-06
1.721676159527341099e-06
1.727127515005477676e-06
1.731358522327752780e-06
1.733693854144569002e-06
1.734873442016393597e-06
1.734171172662613003e-06
1.731546993344323937e-06
1.727824283981327369e-06
1.722427866335252133e-06
1.715669997293112203e-06
1.706341550278267505e-06
1.695556454350821696e-06
1.683092084148185563e-06
1.668456376724414270e-06
1.652087023296111568e-06
1.632315137722883946e-06
1.611594229067314643e-06
1.586402792130847672e-06
1.558865035944378974e-06
1.527368108655835499e-06
1.492940366221162662e-06
1.454050908344939330e-06
1.411913524984598212e-06
1.364511105550469949e-06
1.311685145388707951e-06
1.253395700784309952e-06
1.189436364290585857e-06
1.120158081846511777e-06
1.043380965959350704e-06
9.603241289957153981e-07
8.704627865174785484e-07
7.738215940245041224e-07
6.708087690876496367e-07
5.624862535746899539e-07
4.497012817683554431e-07
3.343063456062722594e-07
2.201071052088110491e-07
1.103900379995081948e-07
1.162783080932427993e-08
6.980404065881629094e-08
1.255018651225014992e-07
1.433344778423162325e-07
1.124831864318664998e-07
1.852062692098144225e-08
1.495612087509812227e-07
4.021806532250593591e-07
7.426539976318480285e-07
1.168441912668960470e-06
1.660365014255482663e-06
2.188789909096655606e-06
2.713172205015546012e-06
3.177247082541967416e-06
3.528651622453082837e-06
3.723319656034895786e-06
3.735941967342171210e-06
3.560877051889121958e-06
3.227991252852113746e-06
2.771585501548656794e-06
2.252806455049771728e-06
1.722518720326249309e-06
1.223484126233742586e-06
7.892711011425745937e-07
4.374617932345614690e-07
1.742666370097012418e-07
3.185515184966902780e-09
1.056271135002617712e-07
1.435838149488333215e-07
1.302290100202441181e-07
7.949183311595220403e-08
3.330669073875469621e-16
