0.000000000000000000e+00
6.407126384999628499e-09
1.355607370800981926e-08
2.102405649573313440e-08
2.859788350573211346e-08
3.608907150898232885e-08
4.326652391917207297e-08
5.008552161900325927e-08
5.649063483659233498e-08
6.247004613602058498e-08
6.799600316131915179e-08
7.307390048616468903e-08
7.772305665731948920e-08
8.196838463536693098e-08
8.584676369771671034e-08
8.936739459564080335e-08
9.251223254125306994e-08
9.535968070739642144e-08
9.792870581115664663e-08
1.002193878996138210e-07
1.023097432328867740e-07
1.041948350932742073e-07
1.058220466809700611e-07
1.072533418744470168e-07
1.085154555102718632e-07
1.096674147049725434e-07
1.106666301931014118e-07
1.114787411271578321e-07
1.122449208024178802e-07
1.128126179139599117e-07
1.132794746894205673e-07
1.136381608812797595e-07
1.139165300978461914e-07
1.140701928470377879e-07
1.141477941057900125e-07
1.141015845140813667e-07
1.139289352858341431e-07
1.136839877791118170e-07
1.133289257992942112e-07
1.128842875841584714e-07
1.122705312051053284e-07
1.115609213897528207e-07
1.107408214018335002e-07
1.097778541403471309e-07
1.087008066891215208e-07
1.073999204015407827e-07
1.060365532046247949e-07
1.043790814891920604e-07
1.025672011767397862e-07
1.004948584348852592e-07
9.822966251515907743e-08
9.567090841766656695e-08
9.289845248616757090e-08
8.977956045264079421e-08
8.630385650576499756e-08
8.246865668137814964e-08
7.826040337999273788e-08
7.370216470459212132e-08
6.865055901528194227e-08
6.318573975150343358e-08
5.727323548754270632e-08
5.091462051964867896e-08
4.413675602776834239e-08
3.700953254970329453e-08
2.958868150493287885e-08
2.199607396224934064e-08
1.448212372245905044e-08
7.263030843418505356e-09
7.646870914257419827e-10
4.593440294797801471e-09
8.258423722651286880e-09
9.432117753505053770e-09
7.402647383969451766e-09
1.220808787394389583e-09
9.837687775515746580e-09
2.645824903613203105e-08
4.885926696562847837e-08
7.687344827367326161e-08
1.092389514401048700e-07
1.440060493074213355e-07
1.785071562787621247e-07
2.090402874133090450e-07
2.321606381583407597e-07
2.449686357097746736e-07
2.457991026272310364e-07
2.342811693534230244e-07
2.123794408115387000e-07
1.823509749865337426e-07
1.482186214873948416e-07
1.133290040700174472e-07
8.049565414225412496e-08
5.192712659862763758e-08
2.878033589226447475e-08
1.146383343808565769e-08
2.112171548773744689e-10
6.950988784559797296e-09
9.448002824541390510e-09
8.568990628177175495e-09
5.230438526737657412e-09
6.661338147750939243e-16
