0.000000000000000000e+00
3.675740363195956206e-07
7.032955170460652994e-07
1.009306779486962569e-06
1.287851787767912981e-06
1.536912250355015885e-06
1.771472754485969858e-06
1.976777969758813924e-06
2.167158106414213137e-06
2.344054155223318503e-06
2.497658239897226906e-06
2.644488134473377272e-06
2.774708669606162914e-06
2.893218359556470887e-06
2.997642950641754567e-06
3.095846640155386353e-06
3.188504026918614898e-06
3.265847371092256424e-06
3.343384558429640663e-06
3.410242903179039331e-06
3.467088977027188434e-06
3.522295998870106359e-06
3.571027423321382344e-06
3.615171645154902080e-06
3.658088804092685109e-06
3.692935388488471915e-06
3.720027939468906197e-06
3.746602267984400214e-06
3.772782507516225792e-06
3.788313285624234084e-06
3.803727510742760387e-06
3.816126321165569379e-06
3.827610393858371651e-06
3.832777365708750494e-06
3.831202155080148941e-06
3.829747352357415480e-06
3.828406663353156603e-06
3.820294628198439568e-06
3.808785692949179236e-06
3.790823289273603791e-06
3.775254726834376129e-06
3.750007227187879266e-06
3.726928661240691554e-06
3.696828050903100404e-06
3.658957623775549450e-06
3.623716953615740977e-06
3.573485985342017557e-06
3.531616700636064365e-06
3.474471020670222288e-06
3.414638102050560065e-06
3.351761142855735898e-06
3.275624873122495728e-06
3.195342117012778260e-06
3.107022605419729189e-06
3.009926405228569024e-06
2.899145303159045284e-06
2.785978135855238236e-06
2.656525084798744274e-06
2.511219742151737933e-06
2.359939808238564751e-06
2.188127040669840540e-06
2.004602370209163098e-06
1.797666983049950318e-06
1.569998333228461718e-06
1.319548137534987120e-06
1.038749078863254738e-06
7.415531980692335878e-07
4.036606293666977763e-07
4.586508772774777754e-08
3.512336361755075131e-07
7.888183385373892520e-07
1.251329706519754836e-06
1.761196401384168553e-06
2.296720285177578091e-06
2.853030157456970528e-06
3.437675839101927977e-06
4.032995504887892935e-06
4.634384908719368923e-06
5.195483657072230699e-06
5.723925040501676165e-06
6.206786345441805963e-06
6.571576872671514025e-06
6.828932688218714020e-06
6.981888021950766188e-06
6.978743794072705953e-06
6.862004759078388361e-06
6.600615887419891692e-06
6.246272507226535708e-06
5.783442781126524324e-06
5.261582680660126243e-06
4.704440380698393653e-06
4.112128473066078982e-06
3.508815538566523173e-06
2.922265603944040890e-06
2.355790841623850440e-06
1.830009089043294068e-06
1.309819440575843430e-06
8.380775415872676604e-07
4.066160546045693991e-07
6.125988272209781371e-09
