0.000000000000000000e+00
1.940688831858494723e-09
8.259196770943333377e-09
1.917386349692407066e-08
3.419630523193717409e-08
5.295655047810043925e-08
7.517977196336289580e-08
1.005534981945999107e-07
1.292393114749046390e-07
1.601969644715595109e-07
1.924071444392438934e-07
2.259171755225608536e-07
2.608446150187404555e-07
2.957314770846153351e-07
3.300944181328091531e-07
3.634120651074823627e-07
3.959296765998487899e-07
4.261323541809858284e-07
4.537163839080093908e-07
4.785711216204191487e-07
5.001604428400696634e-07
5.183185313173410691e-07
5.324742238244084547e-07
5.415594930280320796e-07
5.463614478617984105e-07
5.478852255214050615e-07
5.451288540569976249e-07
5.371058204861611785e-07
5.245145793253414013e-07
5.094889755641318629e-07
4.901949486324497229e-07
4.672279719786232022e-07
4.398446281639323274e-07
4.109590716616651207e-07
3.801166664763044878e-07
3.474006500248094653e-07
3.126083275573066089e-07
2.781361871928567098e-07
2.438974234797441909e-07
2.097638582831962140e-07
1.763191205261804839e-07
1.444242767600911748e-07
1.149842354664087907e-07
8.827480246775820660e-08
6.453612622081550398e-08
4.405441145216570931e-08
2.699050627441579309e-08
1.390403148171515113e-08
5.257163815386434180e-09
7.663348844388906400e-10
4.851703483410574336e-10
4.665605901621461271e-09
1.328108889531165460e-08
2.637334506339072959e-08
4.327719349550562811e-08
6.381170924996126814e-08
8.758427227917309210e-08
1.146321944034411899e-07
1.444685184814886725e-07
1.762939010330200063e-07
2.090092970918888682e-07
2.434579638999068152e-07
2.783130690353630143e-07
3.128778749417193694e-07
3.468710367826588481e-07
3.799715826424687748e-07
4.114473868277457314e-07
4.399701925006382908e-07
4.663425595685666281e-07
4.896981029567371024e-07
5.098859015006951267e-07
5.260908758630833404e-07
5.378205417683190603e-07
5.443720505482474437e-07
5.474497689617052743e-07
5.467300699946164855e-07
5.418934960754739905e-07
5.311956642328752309e-07
5.173621530074612451e-07
5.002975782542051775e-07
4.790906710239184463e-07
4.538600668624326318e-07
4.255574019840224764e-07
3.955771292751819601e-07
3.638529519900401965e-07
3.303657444275742705e-07
2.952962353530708128e-07
2.609223482830103080e-07
2.267656544763241300e-07
1.928659940642063475e-07
1.601306665044432975e-07
1.292245862538621282e-07
1.012184911441948998e-07
7.585594463677125532e-08
5.364076605118839325e-08
3.483086830069481721e-08
1.973318175529925611e-08
8.936603568265866215e-09
2.448430014290181589e-09
2.220446049250313081e-16
