0.000000000000000000e+00
7.103918087114635682e-08
1.097549284789778312e-07
1.321005258514418301e-07
1.485778587939634576e-07
1.620725329498640122e-07
1.742394030168625818e-07
1.854050214467051205e-07
1.959634362558304588e-07
2.062577110217844734e-07
2.165023724742809463e-07
2.255508503301584255e-07
2.339473267332081718e-07
2.415117806853217530e-07
2.489944458394788285e-07
2.559110346966875227e-07
2.624107345861048657e-07
2.680468973448313363e-07
2.735503635831193492e-07
2.788303604672748293e-07
2.834431344078680581e-07
2.877347573537747394e-07
2.916932972940600166e-07
2.953362135960091450e-07
2.986118917691626962e-07
3.017455209031183472e-07
3.045883456564979497e-07
3.071201327697892225e-07
3.094325392583030521e-07
3.114214676136484172e-07
3.134165088569673685e-07
3.153097288821626876e-07
3.169208562248115868e-07
3.182870212947719324e-07
3.194451345667204123e-07
3.202109314370815696e-07
3.209455128327931561e-07
3.222364660659948754e-07
3.229901079926378316e-07
3.228723536308208963e-07
3.240179653474228871e-07
3.234819473396655098e-07
3.243653915463440285e-07
3.234222346604198606e-07
3.241730013314736425e-07
3.229887866051939227e-07
3.225403587547859274e-07
3.220101548739862096e-07
3.221614327530986088e-07
3.207644717617696983e-07
3.199929164976467177e-07
3.193673052681589297e-07
3.178536560621836315e-07
3.164626452001328971e-07
3.148491874993553097e-07
3.130364706338539804e-07
3.109599410189289870e-07
3.087001024804081339e-07
3.063630044097820360e-07
3.038090380380609190e-07
3.011423980181504589e-07
2.978969885214510782e-07
2.947469556202619856e-07
2.909854251997856522e-07
2.870411108801818045e-07
2.826253154841751325e-07
2.777420323729629104e-07
2.724858518821093867e-07
2.671451426738968848e-07
2.610247932244291746e-07
2.548149263814636356e-07
2.478777065828552395e-07
2.403906622649998326e-07
2.324876580139800808e-07
2.231166821298202763e-07
2.146547727344128020e-07
2.053429494219827234e-07
1.948761590986336500e-07
1.840198183833408052e-07
1.723747223847382770e-07
1.598070537012219461e-07
1.462164164189871940e-07
1.292738093239265140e-07
1.054293681246321057e-07
6.670209173886831877e-08
7.452501948890244421e-09
1.601079736568422618e-07
4.742406953806010961e-07
1.111756761762450196e-06
2.278232537733515528e-06
4.049158751628922914e-06
5.909026389638860621e-06
6.715232105936053131e-06
5.773855443980124846e-06
3.874905882161883142e-06
2.152079056516598143e-06
1.043612036788488240e-06
4.378377601588212542e-07
1.414068511174093601e-07
2.220446049250313081e-16
