0.000000000000000000e+00
2.032740309410030477e-09
9.048548799128752762e-09
2.115865804785954651e-08
3.790377522960852730e-08
5.886701548440953502e-08
8.367699455558152977e-08
1.117622673296736480e-07
1.437908500045992355e-07
1.785408280108313761e-07
2.145408396492243241e-07
2.518609971691176952e-07
2.903312031898863665e-07
3.295685466753184301e-07
3.686298856164782478e-07
4.055247313505816464e-07
4.413237574274475605e-07
4.745472453882015884e-07
5.053702096802226151e-07
5.332461257001597232e-07
5.571814963856169811e-07
5.770741352550956549e-07
5.942222595090029813e-07
6.064433747399178287e-07
6.129231981955030051e-07
6.149953409861907971e-07
6.113819422948196802e-07
6.012991683457258318e-07
5.865595757992281278e-07
5.690505709976534376e-07
5.471926629585510682e-07
5.206539698265899574e-07
4.911226201276264192e-07
4.594277270841828908e-07
4.252833397666577753e-07
3.884756959449120473e-07
3.503410656024996683e-07
3.117932284579794100e-07
2.731312018777742878e-07
2.349124056388873782e-07
1.980107956489618459e-07
1.627861148101317212e-07
1.298391003601295779e-07
9.982104620664955519e-08
7.272489688237016026e-08
4.991598301362643042e-08
3.086644384531211927e-08
1.647910963242793514e-08
6.879970371187482669e-09
1.800336879576036608e-09
1.563852713992730514e-09
6.388501061493911948e-09
1.618912603973399200e-08
3.099146661522667046e-08
5.003391201352513917e-08
7.265139256862340744e-08
9.907790166074903482e-08
1.292433514654689475e-07
1.622739648210469454e-07
1.982526788291139042e-07
2.359600806967065978e-07
2.746764303784843264e-07
3.131960061297789366e-07
3.504600578629890606e-07
3.886384358775529790e-07
4.263700493778443956e-07
4.603441218220538644e-07
4.917663739556488167e-07
5.208189088889980667e-07
5.465817812799755870e-07
5.679225869581472352e-07
5.851584653493446808e-07
5.993905376477925984e-07
6.077029360840313643e-07
6.111035441014323055e-07
6.095330258304443305e-07
6.042047228094205025e-07
5.928156875389944958e-07
5.774813894854347041e-07
5.580625237477931933e-07
5.334366307563342957e-07
5.058929044565729782e-07
4.749227967559832564e-07
4.413760716914794102e-07
4.059025920932768372e-07
3.685710114886830979e-07
3.295408768089203022e-07
2.908362455311674921e-07
2.524486867327979667e-07
2.148632199938660392e-07
1.784154871620202698e-07
1.440791306261957061e-07
1.128070027389682650e-07
8.436085729979225789e-08
5.938246838699257069e-08
3.847173635218581467e-08
2.179629632337309886e-08
9.998739503025433351e-09
2.729788395328114348e-09
2.220446049250313081e-16
