0.000000000000000000e+00
7.332845253227304738e-08
1.356400096685916878e-07
1.856557354518173497e-07
2.248148387451465169e-07
2.550995901184904824e-07
2.784940809075209245e-07
2.965721386249953184e-07
3.105783638046588635e-07
3.214812546170620067e-07
3.300235970060683144e-07
3.367724951131023658e-07
3.421336642883687773e-07
3.463591550234568217e-07
3.497054089640627694e-07
3.523742155842057855e-07
3.545388690406880983e-07
3.562816264235380004e-07
3.576726040899202985e-07
3.587899107815317734e-07
3.597124623722081083e-07
3.604224283471069157e-07
3.610182763846836451e-07
3.614785512029428105e-07
3.618479145206521252e-07
3.621203947812290380e-07
3.623585609346946512e-07
3.625706963550356932e-07
3.627360353197772724e-07
3.628218060436338988e-07
3.629567272289691005e-07
3.630096020446060834e-07
3.630519437303192376e-07
3.630994446224278249e-07
3.630793541375965106e-07
3.631300942164017442e-07
3.631099012579852570e-07
3.631255446334691328e-07
3.631654508229331668e-07
3.631383730384740716e-07
3.630972118529030013e-07
3.631884896160286758e-07
3.631509523094322844e-07
3.631203320253462152e-07
3.631475996579425214e-07
3.631392844205549864e-07
3.631255248714992945e-07
3.631643373802617702e-07
3.631626742661708818e-07
3.631146026084053346e-07
3.631142929672037667e-07
3.630806559851151860e-07
3.631022146288742647e-07
3.630170356538897636e-07
3.630096766515933382e-07
3.629755593870243047e-07
3.628754782214471675e-07
3.627358579061379373e-07
3.625528828266055825e-07
3.623755815418405746e-07
3.621474167214699946e-07
3.618284738493571240e-07
3.614529743289907060e-07
3.609344212396337070e-07
3.603197319401729715e-07
3.596067695843530032e-07
3.586926812237933859e-07
3.575637000929887677e-07
3.560935835089651391e-07
3.543605237021907328e-07
3.521784255333670899e-07
3.494219938948717186e-07
3.460044925018834761e-07
3.416884404305875478e-07
3.362424153552368011e-07
3.293567959472554207e-07
3.206160854585249353e-07
3.094328329122930654e-07
2.950521864608646183e-07
2.765250067815472335e-07
2.525693794108718748e-07
2.215166148289426928e-07
1.815032655283488339e-07
1.302980002781950475e-07
6.686273235079198685e-08
7.322756956362752589e-09
8.263286577214756790e-08
1.305144483598752458e-07
8.941225060343782616e-08
1.387644190664616417e-07
6.222382402665260770e-07
1.211880022222722175e-06
1.476298866598391157e-06
1.160610275996454277e-06
5.664724374021545827e-07
1.059075123155395204e-07
1.004517370395419107e-07
1.285464298339533684e-07
7.603470586481364535e-08
2.553512956637860043e-15
