0.000000000000000000e+00
1.646195846305431587e-09
2.508889096475286351e-09
3.033403084273800232e-09
3.417353622303664906e-09
3.737551712568176754e-09
4.021463384518142448e-09
4.283565946394674029e-09
4.534465580796620543e-09
4.777772177888550686e-09
5.004009762110683823e-09
5.221617360717800693e-09
5.421115223391836935e-09
5.602767583212653335e-09
5.773935995989631920e-09
5.931587443441799223e-09
6.081451564554640754e-09
6.219756709668899930e-09
6.341543290488971252e-09
6.464186963484053194e-09
6.574553457205922768e-09
6.674617636370783202e-09
6.764098170464194482e-09
6.843187017047114296e-09
6.922080464377700082e-09
6.992612711087531352e-09
7.067517127090638951e-09
7.126664591794451553e-09
7.180480765534014154e-09
7.225772757912807265e-09
7.278900815421707193e-09
7.315271388641519934e-09
7.354735043207938361e-09
7.388544887021453178e-09
7.416240732638357258e-09
7.441509630723430746e-09
7.460576934015250572e-09
7.479838859403287188e-09
7.492961473509751613e-09
7.507789501204342741e-09
7.519538769429345848e-09
7.524052159091354497e-09
7.530240320186010194e-09
7.529897816382913334e-09
7.525929546225995637e-09
7.517793165767727714e-09
7.505614574299102060e-09
7.496491982728059611e-09
7.476995578237222162e-09
7.459862283454299359e-09
7.439597160541211451e-09
7.413853198023900859e-09
7.385882683230704515e-09
7.351031894309301151e-09
7.311327765435748915e-09
7.275442914789209681e-09
7.221800046863791067e-09
7.177324956586517146e-09
7.120482869993338682e-09
7.054266393247132783e-09
6.985801048742246167e-09
6.915478634184069051e-09
6.840772837080066893e-09
6.756837755972355808e-09
6.666100449415068852e-09
6.567785981737017664e-09
6.457648638047430723e-09
6.337079083706953497e-09
6.206682945375519012e-09
6.067858215885735262e-09
5.913456391226645792e-09
5.752187393071039878e-09
5.581887174699318166e-09
5.391697088796831849e-09
5.189255691817606930e-09
4.980857948311268046e-09
4.754871940626514970e-09
4.517241136703376014e-09
4.258907115861632064e-09
3.992971508992582130e-09
3.705136419895893596e-09
3.384345359513929452e-09
2.982367464099411336e-09
2.432431922549938008e-09
1.507719948889985062e-09
2.242854790779347240e-10
3.766622236334171703e-09
1.117745473955267244e-08
2.600092963156441783e-08
5.317126772208524699e-08
9.435774206423275245e-08
1.378360782178233990e-07
1.560654301346886541e-07
1.341959656731006589e-07
9.000735257114200749e-08
4.992376567702905277e-08
2.412582156274822864e-08
1.021601103712299619e-08
3.290643535436288403e-09
0.000000000000000000e+00
