0.000000000000000000e+00
1.083109157917760967e-10
1.650682923681756620e-10
1.995797971332535781e-10
2.248394803672226772e-10
2.459054071479727099e-10
2.645857977157106689e-10
2.818337785370772508e-10
2.983393532218769906e-10
3.143485471923668229e-10
3.292341954619359967e-10
3.435504103421749278e-10
3.566764661400156911e-10
3.686293492677350514e-10
3.798897862949957016e-10
3.902642653486054769e-10
4.001239339856965671e-10
4.092228778063145000e-10
4.172359124865465674e-10
4.253075669424788430e-10
4.325705349472741545e-10
4.391538244163939453e-10
4.450374513353949624e-10
4.502407335849056835e-10
4.554339128048923158e-10
4.600750891370353202e-10
4.650017038088094523e-10
4.688959220899846514e-10
4.724358682040019630e-10
4.754157068020958832e-10
4.789099117274986384e-10
4.813049958585224886e-10
4.839005862677936420e-10
4.861240299192104430e-10
4.879470161256449501e-10
4.896079097704841843e-10
4.908619066767982986e-10
4.921303364824325399e-10
4.929948671517081493e-10
4.939689768335142617e-10
4.947416920586533706e-10
4.950433396544440257e-10
4.954471277685001951e-10
4.954275878432667923e-10
4.951634657857084676e-10
4.946293374885613048e-10
4.938245368180105288e-10
4.932251274070154068e-10
4.919465945718570765e-10
4.908154993543689670e-10
4.894825655910040041e-10
4.877912518352900406e-10
4.859491697928319809e-10
4.836552269793514824e-10
4.810459808268774395e-10
4.786816498736357062e-10
4.751519178114449460e-10
4.722296997883290715e-10
4.684858057046881186e-10
4.641304007790836295e-10
4.596255598343645943e-10
4.549968180000973916e-10
4.500867456513901743e-10
4.445586121448741324e-10
4.385910523652114534e-10
4.321194513323689534e-10
4.248742468959676444e-10
4.169422584965332135e-10
4.083632321183472413e-10
3.992305375177807036e-10
3.890703315079235836e-10
3.784567104148095495e-10
3.672550041855515701e-10
3.547416804750014308e-10
3.414210025809438775e-10
3.277093041376133442e-10
3.128398651242036976e-10
2.972065926698519434e-10
2.802102994081678844e-10
2.627102979602113919e-10
2.437731128068776343e-10
2.226702155994075838e-10
1.962192630600156917e-10
1.600405363788581781e-10
9.920020360709713714e-11
1.475986000087914363e-11
2.478276472928087060e-10
7.354183928498514433e-10
1.710722785652762923e-09
3.498387357581123069e-09
6.208236258409272068e-09
9.068876316575824603e-09
1.026827145533815155e-08
8.829377895480661209e-09
5.922002999092512709e-09
3.284716942886234392e-09
1.587348141818267777e-09
6.721597722858518864e-10
2.165105872364847528e-10
0.000000000000000000e+00
