0.000000000000000000e+00
1.099884804978135122e-05
1.684712028360291214e-05
2.026043916647513043e-05
2.284274191721724634e-05
2.506450490413758558e-05
2.686909474458598623e-05
2.853504690680797040e-05
3.014250965371889635e-05
3.154952661799104163e-05
3.289349736257385359e-05
3.416121404908878390e-05
3.541360075609567559e-05
3.655365204424665393e-05
3.753625805003046878e-05
3.848585387944414293e-05
3.936068053045360671e-05
4.019728646187381571e-05
4.095955431049347339e-05
4.167557473577776506e-05
4.233325260361020526e-05
4.290805868001346113e-05
4.345115291615186948e-05
4.390653643848718701e-05
4.440221488322126930e-05
4.482093273439069492e-05
4.521022086445558585e-05
4.558772876461780754e-05
4.589998519088922535e-05
4.620210264694168956e-05
4.646193506074869362e-05
4.671777875930871460e-05
4.695184995295864638e-05
4.714053164533993368e-05
4.728857325353441610e-05
4.746198185179295592e-05
4.758831921869433046e-05
4.769065684129270011e-05
4.776634895609088716e-05
4.786294119785150514e-05
4.792714784451757026e-05
4.794309815669972608e-05
4.795731222040355846e-05
4.793231711885947988e-05
4.791848644503104993e-05
4.787775692938200933e-05
4.785405172180734468e-05
4.774393245832175836e-05
4.770626468075800375e-05
4.759814017873953418e-05
4.747024985707337663e-05
4.727667294401882714e-05
4.710964362508729408e-05
4.692605885248113395e-05
4.670360767400349999e-05
4.643884108734841476e-05
4.615081190972869507e-05
4.585396099143768112e-05
4.552051781325783253e-05
4.517686313509905460e-05
4.481755235830053863e-05
4.437454303574117631e-05
4.388939837907113173e-05
4.342377594979129896e-05
4.287628336552273822e-05
4.226020673969710373e-05
4.160823199561569652e-05
4.089727907519158379e-05
4.011312449792026058e-05
3.932731279621126674e-05
3.845349677433773650e-05
3.748453374297078255e-05
3.649459860721737670e-05
3.536450118157841160e-05
3.422453402268654798e-05
3.294047625979068528e-05
3.163296285513261807e-05
3.016090986651676076e-05
2.863441274791878044e-05
2.694595163188484577e-05
2.523999317427527700e-05
2.340394353828045837e-05
2.103960734667342791e-05
1.780697310127532518e-05
1.226363650530526428e-05
1.838226372563589450e-06
1.906596016054695752e-05
6.298821107930674401e-05
1.516298380702663096e-04
3.126915956089826309e-04
5.583799133296318828e-04
8.210424695399565209e-04
9.440747719889897027e-04
8.283830648800893925e-04
5.665688601552698600e-04
3.196260841923370677e-04
1.568098049886668122e-04
6.661740883417976988e-05
2.211072256652624191e-05
4.218847493575594854e-15
