0.000000000000000000e+00
8.020708637257456530e-07
1.231130813850178640e-06
1.476965265423402229e-06
1.663512651406406917e-06
1.827764133377485223e-06
1.960504034892451841e-06
2.083097222826957307e-06
2.203939844847013774e-06
2.308326201072574690e-06
2.407995878139779222e-06
2.502402428383732058e-06
2.595441325525804643e-06
2.680360572604456593e-06
2.753767931795714219e-06
2.824665287670669045e-06
2.890010498801665051e-06
2.952525393395966091e-06
3.009510680107574387e-06
3.063044753282007093e-06
3.112232857205299297e-06
3.155233159857218084e-06
3.195855935667069048e-06
3.229929812609277917e-06
3.267020814989862743e-06
3.298338384749577301e-06
3.327495841087824147e-06
3.355727646869866021e-06
3.379132166747567112e-06
3.401721185736228392e-06
3.421174462392428950e-06
3.440345607397254923e-06
3.457894822478380092e-06
3.472024349693292322e-06
3.483120966873975988e-06
3.496079690745723667e-06
3.505542402248984502e-06
3.513228012397284772e-06
3.518909261424063573e-06
3.526136645781718926e-06
3.530916045546561577e-06
3.532123553529054050e-06
3.533213760897879752e-06
3.531355749930575882e-06
3.530313427146936078e-06
3.527279570425534416e-06
3.525479129184994065e-06
3.517267603503348994e-06
3.514414484984129672e-06
3.506324984359210362e-06
3.496756204812712099e-06
3.482306069946261573e-06
3.469807999367802154e-06
3.456061709816715677e-06
3.439415627193298519e-06
3.419596188214413246e-06
3.398052269454332475e-06
3.375843296238301150e-06
3.350878333363560557e-06
3.325176605617485848e-06
3.298301788356994280e-06
3.265183595169141029e-06
3.228911437114234673e-06
3.194103169623652150e-06
3.153184977788825449e-06
3.107141820501979623e-06
3.058435815939120062e-06
3.005340503792197637e-06
2.946816474391766860e-06
2.888063717954025833e-06
2.823018264264121058e-06
2.750813140717234262e-06
2.677012141738543960e-06
2.593101477654791154e-06
2.507288215713998625e-06
2.411898909482346198e-06
2.315238268657537901e-06
2.206235390156408016e-06
2.093405926717473164e-06
1.968963933451917114e-06
1.845088520746607230e-06
1.714821248666176245e-06
1.547722790373740054e-06
1.336332222656722024e-06
9.454174991763153457e-07
2.192986332527624427e-07
1.277495144003104599e-06
4.408521236731743898e-06
1.075510355952324915e-05
2.242967774224169375e-05
4.010880924110171719e-05
5.919922165587010454e-05
6.834315053061423839e-05
6.041483977625716761e-05
4.157103865565225931e-05
2.355115583729805451e-05
1.155076381020858634e-05
4.888703992733667292e-06
1.629725236096390972e-06
7.771561172376095783e-16
