0.000000000000000000e+00
7.877291041680223316e-10
9.194098815612505859e-10
1.055609710753913077e-09
1.190889720170673627e-09
1.323199994018864345e-09
1.450810582781514313e-09
1.571485497287028466e-09
1.684018369196849108e-09
1.788945436231870190e-09
1.885353761998942446e-09
1.973754382156300835e-09
2.055054793004273961e-09
2.129594833810699583e-09
2.196672288512502291e-09
2.257853126685915868e-09
2.313133351528051662e-09
2.363815476691399908e-09
2.408260924013916338e-09
2.448486746686739934e-09
2.484430217108979377e-09
2.516884700654031803e-09
2.545779476115228590e-09
2.572179691462395112e-09
2.594794379362497239e-09
2.614465310912805762e-09
2.632005613456556148e-09
2.647092656182792325e-09
2.659158893081325914e-09
2.669605536631536324e-09
2.678866906080656918e-09
2.685030975335678249e-09
2.689522493604101783e-09
2.692353340272291007e-09
2.694068190756127024e-09
2.693213985160980428e-09
2.689977240954988247e-09
2.685998645723941536e-09
2.679645616510129003e-09
2.671015519872810273e-09
2.660602516080246005e-09
2.648839037000527696e-09
2.634395701583969185e-09
2.616498018248591961e-09
2.597489001665564956e-09
2.575216706546257228e-09
2.549693123299334729e-09
2.520721520404833882e-09
2.488589445626132601e-09
2.453147573966418804e-09
2.413543920276595145e-09
2.369165419402463613e-09
2.319713532372702502e-09
2.265409415613817146e-09
2.205110538611165794e-09
2.138344168400863055e-09
2.064801107870550823e-09
1.984038933144915973e-09
1.896255374944644245e-09
1.801621740682435302e-09
1.698141405270803261e-09
1.586180187196362112e-09
1.466131549499039011e-09
1.340251132297964887e-09
1.207687061466344858e-09
1.072734567841848730e-09
9.365438424779881643e-10
8.035340171019811351e-10
7.456263384497674451e-10
5.750886433730784120e-10
4.954434640325189321e-10
4.530970043603588238e-10
4.612610293719399124e-10
5.351451504154169925e-10
6.857796552850459193e-10
9.243227294675193662e-10
1.255811565847864131e-09
1.677052607895745950e-09
2.170015167557437508e-09
2.703733570363908711e-09
3.234881917890675140e-09
3.707918527773301776e-09
4.066545655767583867e-09
4.266286768306315480e-09
4.278328247231399928e-09
4.099589445694107326e-09
3.759065281272455650e-09
3.295215100784787410e-09
2.767818640947439235e-09
2.231417162157356415e-09
1.731287446737894697e-09
1.300398455583717805e-09
9.583148719016776340e-10
7.094483889247271691e-10
5.488577370371672259e-10
4.658579078054003730e-10
4.500632089232681210e-10
4.873471626254399780e-10
5.621959564550138566e-10
0.000000000000000000e+00
