0.000000000000000000e+00
8.989851085772215811e-10
1.049222042581732239e-09
1.204611521643528249e-09
1.358948509277979610e-09
1.509896319085157756e-09
1.655487857910031835e-09
1.793167281327612272e-09
1.921556691542036788e-09
2.041258051477257141e-09
2.151254951954229000e-09
2.252109387868017620e-09
2.344866523174005124e-09
2.429906387213520702e-09
2.506432617011000730e-09
2.576230340167739996e-09
2.639302887352812377e-09
2.697124745765222542e-09
2.747833294236556867e-09
2.793727915673116513e-09
2.834736889667510695e-09
2.871758608691266090e-09
2.904726903452115039e-09
2.934845033664146285e-09
2.960645173466502911e-09
2.983088998043115225e-09
3.003102211351915685e-09
3.020309113921371136e-09
3.034079876229611727e-09
3.046001451068036658e-09
3.056563446790505623e-09
3.063596931696110914e-09
3.068720610954756012e-09
3.071947585198131492e-09
3.073907017814292431e-09
3.072930687686437068e-09
3.069241527597910135e-09
3.064700493382588320e-09
3.057451292143298360e-09
3.047605945383224935e-09
3.035725781863618522e-09
3.022306627187276717e-09
3.005824367185994106e-09
2.985407476785439940e-09
2.963720047155504744e-09
2.938309262567884161e-09
2.909189444899595856e-09
2.876135107854338457e-09
2.839480761629431527e-09
2.799045883961071013e-09
2.753856032100543416e-09
2.703229196043821503e-09
2.646811214646049848e-09
2.584855773868355300e-09
2.516060138013642700e-09
2.439888180383320559e-09
2.355982520185762041e-09
2.263843779104490750e-09
2.163694334811339104e-09
2.055728698380221431e-09
1.937665028428625646e-09
1.809932537177871836e-09
1.672969318633477087e-09
1.529352533502503775e-09
1.378109404370775337e-09
1.224143453271153703e-09
1.068766408707233495e-09
9.170189052554178488e-10
8.488171276965772449e-10
6.563908305778909380e-10
5.655197421461366503e-10
5.172088313187828135e-10
5.265220481831534016e-10
6.108189509745898249e-10
7.826771453167680193e-10
1.054823561830176004e-09
1.433014817919797679e-09
1.913604386061251716e-09
2.476020388719746279e-09
3.084936861519338436e-09
3.690912908638210865e-09
4.230597427934412735e-09
4.639750361690175851e-09
4.867632741323291157e-09
4.881371529208422544e-09
4.677450982093489529e-09
4.288948196595754325e-09
3.759746514120365646e-09
3.158046379958534544e-09
2.546074129305964107e-09
1.975480889981895416e-09
1.483881018060628776e-09
1.093602652879610559e-09
8.096754378073001135e-10
6.264594398786016427e-10
5.317678519745072663e-10
5.137469338833966503e-10
5.562859062280267608e-10
6.416789322116756011e-10
0.000000000000000000e+00
