0.000000000000000000e+00
4.320014779235492597e-08
8.265909745563959632e-08
1.179887577640315044e-07
1.513656328056001144e-07
1.811412541075085869e-07
2.077233458575022951e-07
2.328128042572430445e-07
2.551772165793053659e-07
2.755105121821088687e-07
2.940021981423512898e-07
3.108239015059410804e-07
3.261302853330150242e-07
3.400602133218910694e-07
3.527379655032802930e-07
3.642745816101466971e-07
3.747690471289644165e-07
3.843095064404167260e-07
3.925307094920782447e-07
4.004568057158763850e-07
4.075754216348315140e-07
4.143728037364624583e-07
4.197320505605617313e-07
4.253419803035285440e-07
4.299662605955489880e-07
4.340623249721176080e-07
4.372463866531006715e-07
4.407802876027488992e-07
4.434480316284350465e-07
4.453288061645466200e-07
4.474904509166321986e-07
4.488917474398945728e-07
4.494889946915492374e-07
4.501518974242557647e-07
4.503695576474342488e-07
4.505468502724596647e-07
4.496378481766427626e-07
4.490329019724015325e-07
4.476800666841640464e-07
4.459191564887277082e-07
4.437386305067292369e-07
4.411240948076766699e-07
4.380580952423329677e-07
4.345198946209549717e-07
4.300678354551834559e-07
4.255638249572868403e-07
4.208099106950413670e-07
4.151000447816244332e-07
4.087544036579515705e-07
4.017253432131440150e-07
3.935160168833107264e-07
3.849454464077695093e-07
3.759629948474341177e-07
3.655874987185114833e-07
3.541809813212282165e-07
3.416458189686721880e-07
3.278724889366202433e-07
3.127383645384895772e-07
2.961063988449197382e-07
2.778238910039476650e-07
2.577213014109958067e-07
2.356113075752119812e-07
2.112882901972312766e-07
1.845284638424260493e-07
1.550911333803028924e-07
1.215515809116496371e-07
8.715572752393541123e-08
4.755128490963045351e-08
4.672133346872442416e-09
4.128183295204479464e-08
9.205228390651853942e-08
1.469924781893894306e-07
2.060366038891814355e-07
2.696881281627483418e-07
3.351414937791119542e-07
4.038419688656702533e-07
4.746791799625782460e-07
5.434553791427987335e-07
6.105106591380859982e-07
6.726084267327792077e-07
7.270567974337893702e-07
7.711494799389484456e-07
8.024547799578840568e-07
8.192193812206483017e-07
8.214909794634905893e-07
8.063315807271820290e-07
7.756258848523600591e-07
7.329482436535528223e-07
6.796023862554179118e-07
6.192469783616871837e-07
5.516817578321564497e-07
4.821996983928045211e-07
4.122013851359795922e-07
3.440836788826118209e-07
2.776336046617089437e-07
2.142663702020541905e-07
1.538662124378475937e-07
9.842666448545145386e-08
4.779065621018929733e-08
7.224625342416857166e-10
