0.000000000000000000e+00
2.638200924387490431e-08
3.995356723240917063e-08
4.839707945514248877e-08
5.448741879909846375e-08
5.967034444331886789e-08
6.413198594401592345e-08
6.830725562956274644e-08
7.242929900286299016e-08
7.625439024661062604e-08
7.987823780197800261e-08
8.327624090309626581e-08
8.641015059041023960e-08
8.946642215956757127e-08
9.221723118457703094e-08
9.481428986379825119e-08
9.716276561100301024e-08
9.939245138035346372e-08
1.014208371730163094e-07
1.032585351667947293e-07
1.051430879028814047e-07
1.066864483423302090e-07
1.081199417773959226e-07
1.095262774919447679e-07
1.106138443063287014e-07
1.118673360611666112e-07
1.130095109713735724e-07
1.139594830723567043e-07
1.148179094023760172e-07
1.156403328650412732e-07
1.164035881018321561e-07
1.170490222524023238e-07
1.176514072831480462e-07
1.181633428881667669e-07
1.186045830436910364e-07
1.189802467660427965e-07
1.193423752043898389e-07
1.196155470228887907e-07
1.198497268095621848e-07
1.201407682227539908e-07
1.202582359249859678e-07
1.203529532700642335e-07
1.204106604424381999e-07
1.203995529941437326e-07
1.203357203882760018e-07
1.202220394347364163e-07
1.200073760365683029e-07
1.198205989982881192e-07
1.196182826124214671e-07
1.193192687987121303e-07
1.189543499258149950e-07
1.185786431268098795e-07
1.181221701562762405e-07
1.176125868918020956e-07
1.169143160062446896e-07
1.162202230009512505e-07
1.155721567336343014e-07
1.146235900639780425e-07
1.138561034341734057e-07
1.128983185827436841e-07
1.116923125099589242e-07
1.105214155749933980e-07
1.093407187013895054e-07
1.079910623147384285e-07
1.065139760836331106e-07
1.049062897662267346e-07
1.031449399224726449e-07
1.011671866280039467e-07
9.916999210712873492e-08
9.685586588314976098e-08
9.441977377733223875e-08
9.187921690134714936e-08
8.926851102764032930e-08
8.614794833050609668e-08
8.289113229142941464e-08
7.946842184303193335e-08
7.585927730424657511e-08
7.198262408358857556e-08
6.793424434103911835e-08
6.361667093113254623e-08
5.899319754920639980e-08
5.389211044093400460e-08
4.728381874929965534e-08
3.846387008898943805e-08
2.381625763270278640e-08
4.122438057585497972e-09
6.118988127301605573e-08
1.796787778562958238e-07
4.178639876339929060e-07
8.548236327676761448e-07
1.517521397209620204e-06
2.215572948438548906e-06
2.508088845276645884e-06
2.159041745053436046e-06
1.449987865442814439e-06
8.057206547507078653e-07
3.874959535465904992e-07
1.639789835028437892e-07
5.326880780920362213e-08
9.992007221626408864e-16
