0.000000000000000000e+00
1.564962731626096115e-07
6.249179347328492895e-07
1.401143772894464234e-06
2.475664902412688662e-06
3.835598528012518216e-06
5.428780707972258313e-06
7.256031943736473977e-06
9.294506225554499679e-06
1.149231994812538460e-05
1.382810988759253235e-05
1.626139986110608504e-05
1.875122923455929680e-05
2.124501755995655827e-05
2.371267985201708228e-05
2.611033303989707122e-05
2.842564414573534037e-05
3.058122307786348415e-05
3.258234447744978723e-05
3.436090679753700527e-05
3.590782720241936232e-05
3.720872582491097091e-05
3.816995499228426070e-05
3.890976000620050002e-05
3.928381445894579826e-05
3.938210793530405596e-05
3.912805036132560588e-05
3.857444673083243458e-05
3.772270620006068498e-05
3.656045657152162676e-05
3.516066124675809590e-05
3.350321848250015222e-05
3.159904089045095787e-05
2.951526787753344649e-05
2.727912130051635131e-05
2.493043715612319744e-05
2.248340701438422684e-05
1.998974177097601057e-05
1.748143621072006937e-05
1.502275401799035848e-05
1.264234635722782940e-05
1.037977157136715789e-05
8.259127594278936613e-06
6.321559527511233512e-06
4.595643930405124422e-06
3.116185226637036010e-06
1.908838707542770408e-06
9.828903266839716935e-07
3.589850241514369600e-07
4.787073581979939263e-08
3.392001524105126009e-08
3.379612021348066264e-07
9.715911589713854823e-07
1.907585012617118991e-06
3.126233597661176589e-06
4.597507326398186933e-06
6.311792590141251935e-06
8.250158575084931556e-06
1.037046797880414317e-05
1.264477188789303597e-05
1.503133966040959280e-05
1.748873357565461362e-05
1.998317539952942923e-05
2.248939749360800988e-05
2.492175281421094013e-05
2.730508295201161673e-05
2.952522463095519356e-05
3.160797607504317597e-05
3.350955971170854752e-05
3.515884655258538771e-05
3.659156920310380201e-05
3.772744638952385543e-05
3.858410143542378989e-05
3.911507117404511291e-05
3.936555775563288506e-05
3.927815276583146442e-05
3.890233483927474367e-05
3.817551065798951981e-05
3.719240870159179480e-05
3.592151294740109080e-05
3.434610440788965491e-05
3.257251984634113029e-05
3.058132647970612794e-05
2.841688610755177535e-05
2.610947909631455843e-05
2.371051198291063145e-05
2.123210820359489048e-05
1.872567045391182461e-05
1.623136118877877010e-05
1.381321580629091272e-05
1.148924032956522012e-05
9.291260385513311348e-06
7.259603634235389791e-06
5.430083691360110265e-06
3.820061015069597943e-06
2.480186637399128813e-06
1.402883027412649142e-06
6.248014375875854398e-07
1.606432444845040663e-07
0.000000000000000000e+00
