0.000000000000000000e+00
2.920492503388771866e-08
1.166185480405701469e-07
2.614702062642138003e-07
4.619846342146516349e-07
7.157547173841649624e-07
1.013044788944483798e-06
1.354004064757496906e-06
1.734367666705871613e-06
2.144450386709628731e-06
2.580264345741767329e-06
3.034256114253786052e-06
3.498780975941251370e-06
3.964028917002870855e-06
4.424387189283507382e-06
4.871667446004757096e-06
5.303574744819350428e-06
5.705671727196381937e-06
6.078947693111125261e-06
6.410700260528479077e-06
6.699234899598671689e-06
6.941875869803659782e-06
7.121157019840396174e-06
7.259136486026385171e-06
7.328898975589304143e-06
7.347224078579905893e-06
7.299832727292177026e-06
7.196572391565680960e-06
7.037700815115677244e-06
6.820913545868556582e-06
6.559814531348351352e-06
6.250653156958385637e-06
5.895459901927857516e-06
5.506755522133310876e-06
5.089617684195246738e-06
4.651473630268299075e-06
4.194963821313457686e-06
3.729738241697866385e-06
3.261766637008278735e-06
2.803038105958499671e-06
2.358899615417797690e-06
1.936734290608477238e-06
1.541037008334633640e-06
1.179491841529767271e-06
8.574324923404930132e-07
5.813578778379735468e-07
3.560569338256769356e-07
1.832640840193633380e-07
6.683424325082398809e-08
8.775288939943948208e-09
6.171331556892312165e-09
6.290884735360435798e-08
1.811500177639757680e-07
3.558142497306349128e-07
5.832208466172161820e-07
8.577647264695897888e-07
1.177650601813517994e-06
1.539338728817618573e-06
1.934966449401720467e-06
2.359317110678382790e-06
2.804600574446425298e-06
3.263083926396959100e-06
3.728464245678075883e-06
4.196029840586312787e-06
4.649799494660378230e-06
5.094410545081196062e-06
5.508565439238388706e-06
5.897081285732852507e-06
6.251794382072795031e-06
6.559438683662044411e-06
6.826682819038865091e-06
7.038553907157130141e-06
7.198340617131648855e-06
7.297382202176017074e-06
7.344106209727918610e-06
7.327812576840564418e-06
7.257720381126375742e-06
7.122158849237614220e-06
6.938795724220625516e-06
6.701747717552386518e-06
6.407896546822833272e-06
6.077073135712929286e-06
5.705650227949554676e-06
5.301900785736890498e-06
4.871470651091058812e-06
4.423945826337316589e-06
3.961586455880627966e-06
3.493982105085002843e-06
3.028625761403169747e-06
2.577463317443573487e-06
2.143858018777144991e-06
1.733747233667592980e-06
1.354658778263129193e-06
1.013278121630989403e-06
7.128476583462273197e-07
4.628223341240911282e-07
2.617913646973946129e-07
1.165948265713367960e-07
2.997764791956569752e-08
0.000000000000000000e+00
