0.000000000000000000e+00
5.617925458167860597e-08
6.361604210081139854e-08
6.516956763125136831e-08
6.558939913414718603e-08
6.570960109364420987e-08
6.573694222300474621e-08
6.573106514640159048e-08
6.571548272216176656e-08
6.569764454678050924e-08
6.567970911586229477e-08
6.566342358738097573e-08
6.564861310121017368e-08
6.563547405580294480e-08
6.562400878262764081e-08
6.561408727456807810e-08
6.560546450540272190e-08
6.559759435642575909e-08
6.559067233791182616e-08
6.558438381265574435e-08
6.557899834280789264e-08
6.557409959473403660e-08
6.556974074811705577e-08
6.556601050977661771e-08
6.556227671872250085e-08
6.555904763505537858e-08
6.555614673331433551e-08
6.555341436342843053e-08
6.555126597085347839e-08
6.554895182198094972e-08
6.554707954187222185e-08
6.554515219470147258e-08
6.554362785848866224e-08
6.554223064281217148e-08
6.554066822594961650e-08
6.553964138067414069e-08
6.553854747792797752e-08
6.553768761019540534e-08
6.553668285835811957e-08
6.553603493220094833e-08
6.553521114671667647e-08
6.553461850966613156e-08
6.553411613374748867e-08
6.553392561947646300e-08
6.553335663017634261e-08
6.553307407841657550e-08
6.553267717368527201e-08
6.553272025033862747e-08
6.553280551546691868e-08
6.553265941011687801e-08
6.553285636368144651e-08
6.553282760890510872e-08
6.553320908153636992e-08
6.553310050172456158e-08
6.553367892792039129e-08
6.553407716491932433e-08
6.553454190427743242e-08
6.553509379614297359e-08
6.553573583811811432e-08
6.553648768115039047e-08
6.553735276693117839e-08
6.553851339408112153e-08
6.553942111242605506e-08
6.554059817087676265e-08
6.554190812302351787e-08
6.554330944652519975e-08
6.554496201349735429e-08
6.554673648295761268e-08
6.554856446516765800e-08
6.555082254777744311e-08
6.555321951928760882e-08
6.555572973354628630e-08
6.555870701863142358e-08
6.556197718055045698e-08
6.556547116343125481e-08
6.556921194889042681e-08
6.557326759359938251e-08
6.557811171870042699e-08
6.558394682887325189e-08
6.559002041495176627e-08
6.559675469475223508e-08
6.560427723290018776e-08
6.561283139028262212e-08
6.562244636576508583e-08
6.563389554070653276e-08
6.564638110884146727e-08
6.566114629791286461e-08
6.567722987682600433e-08
6.569451838078776973e-08
6.571286281786825612e-08
6.572929489578882567e-08
6.573728927872224403e-08
6.571793387255553398e-08
6.561842957886199201e-08
6.527026208402730845e-08
6.400687324603637762e-08
5.827120563850485269e-08
1.759810219770230333e-08
3.814270407298536725e-07
0.000000000000000000e+00
