0.000000000000000000e+00
4.318235879985365955e-09
1.694159545984064152e-08
3.763615030738520773e-08
6.624688320133742536e-08
1.022614121160003720e-07
1.454927348598644699e-07
1.946665036944850158e-07
2.491385150404923365e-07
3.081562170992313554e-07
3.706064013453413963e-07
4.355502905006858327e-07
5.020776951969452284e-07
5.693578879473193410e-07
6.354007973108366514e-07
6.999456555467631347e-07
7.614067063510532307e-07
8.198375768264654084e-07
8.728932608947914673e-07
9.200828724464926722e-07
9.620518707231795474e-07
9.962324228895980127e-07
1.023099728270082664e-06
1.042086420488530507e-06
1.052583620486657878e-06
1.054687369439477607e-06
1.047988853364323347e-06
1.033389913418503170e-06
1.010908179943648122e-06
9.805013266861450916e-07
9.421143877252902143e-07
8.975713002845608912e-07
8.471565031697991799e-07
7.912490560535445638e-07
7.315844812172400680e-07
6.683175428623400194e-07
6.028456547291227707e-07
5.360918905461531381e-07
4.692617813217836442e-07
4.033492977395525259e-07
3.394316115956641511e-07
2.783340983247839517e-07
2.217290536732363648e-07
1.698391169924207134e-07
1.237570522727438060e-07
8.417423502660170698e-08
5.144175230231695650e-08
2.659031794749466826e-08
9.747411211513679064e-09
1.396461724034736562e-09
1.520009340616468307e-09
9.977955128803728257e-09
2.659956521711137611e-08
5.136658731696996938e-08
8.371607429502603281e-08
1.234401885152891509e-07
1.697980104298224546e-07
2.216213047523396540e-07
2.785107603431313805e-07
3.392701209969928300e-07
4.031796494441408640e-07
4.688013649500888391e-07
5.360390750164256701e-07
6.028695992421617689e-07
6.679628755668076678e-07
7.312994273478423679e-07
7.912220744143994011e-07
8.470561786433350449e-07
8.973056798700085324e-07
9.418507861402858339e-07
9.798523403770076357e-07
1.010557411640355951e-06
1.033692447305334383e-06
1.048229959388358168e-06
1.054684301227126753e-06
1.052359055564444645e-06
1.041713277194489251e-06
1.022992370813824436e-06
9.962756002401818023e-07
9.619556339268697798e-07
9.204835769160979453e-07
8.728349332187690379e-07
8.193646615639593733e-07
7.616547925692884746e-07
6.998378879741196101e-07
6.357021710146071314e-07
5.692854468941632717e-07
5.023289434413769072e-07
4.357882301686544224e-07
3.707753483128684024e-07
3.080413496503453530e-07
2.491535181503579111e-07
1.947135913615838376e-07
1.456805920341253113e-07
1.027267160225164844e-07
6.646564332246640561e-08
3.760620348458587614e-08
1.672466953817064450e-08
4.115901286461109976e-09
0.000000000000000000e+00
