0.000000000000000000e+00
8.057943201578154913e-10
3.161346517899232822e-09
7.023006065587367175e-09
1.236184388186956085e-08
1.908224755986509535e-08
2.714931701675027398e-08
3.632526013319647973e-08
4.648985929556204155e-08
5.750268727844343175e-08
6.915601524770664810e-08
8.127466388785364870e-08
9.368878572946215399e-08
1.062433755416591907e-07
1.185670720493803287e-07
1.306112220600397222e-07
1.420799187190624480e-07
1.529831774593759519e-07
1.628834109812515862e-07
1.716890205560872573e-07
1.795204598309396715e-07
1.858985669844770428e-07
1.909120168619438118e-07
1.944549385957117238e-07
1.964137146259758993e-07
1.968062748325394296e-07
1.955563230238155370e-07
1.928321515798359087e-07
1.886370448733742933e-07
1.829631047778335073e-07
1.758000779394919277e-07
1.674882998958793223e-07
1.580808525192267666e-07
1.476484643436748456e-07
1.365149903120865815e-07
1.247092982215036727e-07
1.124921500395004159e-07
1.000357974234589165e-07
8.756518765640208812e-08
7.526579426375690218e-08
6.333863189489363776e-08
5.193770480360626607e-08
4.137507891854852460e-08
3.169229423338748575e-08
2.309326707639058895e-08
1.570701102515670300e-08
9.599044115127242094e-09
4.961699939798336345e-09
1.818768358141653607e-09
2.604571003317346367e-10
2.835113255272858623e-10
1.861790055457390736e-09
4.963431887716751589e-09
9.585024995928392855e-09
1.562152873724187430e-08
2.303414636806166982e-08
3.168463469371829433e-08
4.135498210544596986e-08
5.197068464468657112e-08
6.330851065605713757e-08
7.523415790355869603e-08
8.747929169938828409e-08
1.000259621797283671e-07
1.124966455545717281e-07
1.246431381440871178e-07
1.364618176236120917e-07
1.476434503544510335e-07
1.580621511454438632e-07
1.674387511974018139e-07
1.757508998334600392e-07
1.828420189697865794e-07
1.885716068850129545e-07
1.928886186330913688e-07
1.956013290227431867e-07
1.968057162793357406e-07
1.963718270214798167e-07
1.943853202845957640e-07
1.908919921023155553e-07
1.859066318665725248e-07
1.795025090789437172e-07
1.717638011822231192e-07
1.628725264657404637e-07
1.528949287177283622e-07
1.421262137979439899e-07
1.305911093707479154e-07
1.186233054006891052e-07
1.062298525811300465e-07
9.373566545178846354e-08
8.131905715469400775e-08
6.918753614471029323e-08
5.748124776161489535e-08
4.649265317180351076e-08
3.633404022096442532e-08
2.718436942217294927e-08
1.916907022003755401e-08
1.240266134239220719e-08
7.017414871413052424e-09
3.120868008466004540e-09
7.680363012241286924e-10
0.000000000000000000e+00
