0.000000000000000000e+00
7.676105751031059299e-09
2.785984942743624515e-08
6.065000068833370506e-08
1.072960096326625035e-07
1.657789868714232284e-07
2.355691152144956391e-07
3.155326757653398317e-07
4.037923401201126694e-07
4.994355696785746090e-07
6.006049070306218596e-07
7.052355230907636496e-07
8.130837688691272547e-07
9.213242445627045640e-07
1.030975149474144814e-06
1.135842181199109291e-06
1.233693261437629474e-06
1.326584043503942212e-06
1.413939734962177397e-06
1.491813681919751389e-06
1.560891986551737887e-06
1.614871994015665280e-06
1.657550024014575740e-06
1.689263902870941081e-06
1.705167254173467484e-06
1.709320306630957020e-06
1.699337096372488531e-06
1.676221916824260916e-06
1.635853813963805692e-06
1.586545974263664505e-06
1.526562695253197433e-06
1.456083506767846814e-06
1.371531410221393799e-06
1.281402398856101854e-06
1.184631976736127967e-06
1.081258591439926420e-06
9.743279608676047587e-07
8.674217192305988533e-07
7.596702542578270823e-07
6.529147584810601757e-07
5.499236190864564833e-07
4.506748341182031936e-07
3.576766931523422954e-07
2.733417752143196822e-07
1.998280001469510125e-07
1.360263039984488387e-07
8.238382087633056017e-08
4.147378329655282414e-08
1.489776524365993282e-08
1.787041625789242971e-09
2.751228245223558133e-09
1.700909557644791903e-08
4.385564822406706753e-08
8.371048998423447074e-08
1.366420894211017867e-07
2.000821536229935305e-07
2.753319431336720413e-07
3.594221010816411876e-07
4.507205413339931965e-07
5.490192733770271616e-07
6.524040883082449227e-07
7.603200002925802892e-07
8.682018275418812436e-07
9.762126693679817890e-07
1.084415041763264753e-06
1.187426240445432768e-06
1.281536201602762048e-06
1.371459863674928670e-06
1.454730612304722115e-06
1.529429056290609878e-06
1.590017673747112781e-06
1.637513830976544682e-06
1.675235088649529303e-06
1.701560280231717570e-06
1.709721094589333745e-06
1.705867076595701803e-06
1.689741287558277349e-06
1.657661023335421646e-06
1.613086098029015147e-06
1.557234822313624534e-06
1.492563398763913085e-06
1.415760472633920131e-06
1.327031655784516317e-06
1.233931571475999078e-06
1.133121510510370911e-06
1.029209709124678795e-06
9.213117443396257045e-07
8.133113190700314021e-07
7.053490884700863717e-07
6.004979595797266256e-07
4.994099958022246710e-07
4.028520664833834530e-07
3.134996294784642146e-07
2.346385370444181717e-07
1.659655847197072376e-07
1.071065608426735594e-07
5.951565484885179558e-08
2.556490530380983728e-08
5.866329866321962072e-09
0.000000000000000000e+00
