0.000000000000000000e+00
1.958007089797320077e-09
4.125763730655762629e-09
6.413956810114029850e-09
8.718948341090992926e-09
1.100285140775980608e-08
1.319163422941471708e-08
1.526743453883483426e-08
1.722487019684137977e-08
1.904576973910110382e-08
2.073033533722679067e-08
2.228375461932330381e-08
2.369280638347959211e-08
2.498986106935774387e-08
2.617232286450388301e-08
2.724540693055388374e-08
2.820471400877266888e-08
2.907206553270924587e-08
2.985522107312732487e-08
3.055726371936628993e-08
3.118406721736022291e-08
3.174247331649837633e-08
3.226121814137172805e-08
3.269693527041539483e-08
3.308333451634837274e-08
3.342769983039062254e-08
3.374905221953383716e-08
3.400203840708826419e-08
3.420239969020855142e-08
3.438551066103912035e-08
3.453484198612244427e-08
3.464023234922564143e-08
3.471960152712227909e-08
3.477970533793950381e-08
3.479896126812320745e-08
3.478018772984370344e-08
3.473225973493754282e-08
3.465768283472669964e-08
3.455203756441704854e-08
3.441871310183586274e-08
3.423267103119798094e-08
3.401055381768713914e-08
3.378519297658755249e-08
3.346708166152012609e-08
3.313987206876589653e-08
3.275206517105999637e-08
3.232666034858056037e-08
3.181988883493858111e-08
3.126441538991997504e-08
3.065017795123026190e-08
2.995336700895023796e-08
2.916704111566303936e-08
2.832300471933280051e-08
2.737272286612579819e-08
2.631431272881457062e-08
2.515642616440771917e-08
2.387587172414384895e-08
2.247223263029951568e-08
2.093751427789669606e-08
1.926637116511642489e-08
1.746162159310671314e-08
1.552297834717109026e-08
1.345590905366123025e-08
1.128367721481282615e-08
9.020825642025442903e-09
6.706361022068563216e-09
4.418453936061439435e-09
2.223513484445049926e-09
2.336303372985071292e-10
1.403643978825641625e-09
2.516825525766819283e-09
2.879694926960496559e-09
2.237525498216541564e-09
3.653530811220662144e-10
3.002525672535227841e-09
8.072144730419950065e-09
1.490263845660422248e-08
2.344712823898476017e-08
3.330997200290397586e-08
4.393216335163430131e-08
5.442250106124646436e-08
6.373835248485448801e-08
7.080116237734301876e-08
7.467450169329481469e-08
7.491079634380781727e-08
7.142837465945461872e-08
6.471332236746007993e-08
5.560048976782638874e-08
4.519506824340879803e-08
3.455510222405422383e-08
2.454540282137429585e-08
1.582062980620690951e-08
8.780164040267379733e-09
3.499180278865310356e-09
6.198275226410032701e-11
2.105130403329269484e-09
2.888241534826363477e-09
2.620751726745140786e-09
1.586253017826777523e-09
1.110223024625156540e-16
