0.000000000000000000e+00
7.876522767347182707e-10
1.659677617560362251e-09
2.580156643894326862e-09
3.507388379730969064e-09
4.426134569968098731e-09
5.306624584200392292e-09
6.141655184421779268e-09
6.929076645789677968e-09
7.661569489947339662e-09
8.339220203268382647e-09
8.964119446730478558e-09
9.530939815149963579e-09
1.005270666709634497e-08
1.052837650394877755e-08
1.096004786926840779e-08
1.134595017937556349e-08
1.169485697172234495e-08
1.200990051852812712e-08
1.229231039179268237e-08
1.254445602949516569e-08
1.276908612179994407e-08
1.297776142106243924e-08
1.315303832516434568e-08
1.330847654301692273e-08
1.344700384375840940e-08
1.357627688047813308e-08
1.367804314256204634e-08
1.375864178143615391e-08
1.383230630036536013e-08
1.389237314075586482e-08
1.393476811717420105e-08
1.396669979669695749e-08
1.399087867781645400e-08
1.399862248341321447e-08
1.399106897004287475e-08
1.397178661655118503e-08
1.394178961167114039e-08
1.389929304984605096e-08
1.384565695428108256e-08
1.377082026188247710e-08
1.368146851365992234e-08
1.359080881169205668e-08
1.346284184133850204e-08
1.333121946167636906e-08
1.317521514110353564e-08
1.300408924986840020e-08
1.280022765559607478e-08
1.257677373356358430e-08
1.232968649400589811e-08
1.204937960519458784e-08
1.173306229951265323e-08
1.139353134060883121e-08
1.101126179126055149e-08
1.058549548016429753e-08
1.011971106912312734e-08
9.604580131217232974e-09
9.039938020372062510e-09
8.422563535503968524e-09
7.750309283238721036e-09
7.024313353198863297e-09
6.244452399606359450e-09
5.412929104942065806e-09
4.539101650102850272e-09
3.628824574164468686e-09
2.697780443483566160e-09
1.777415770121137939e-09
8.944527341014918420e-10
9.397882472228502593e-11
5.646542122761388782e-10
1.012465000727047482e-09
1.158440787740744327e-09
9.001216438875303538e-10
1.470141786086287539e-10
1.207771105349308982e-09
3.247120683447235479e-09
5.994812757315060026e-09
9.431992187280968665e-09
1.339951605228151266e-08
1.767249535600257104e-08
2.189243841765886600e-08
2.563992296256145664e-08
2.848107827357893029e-08
3.003920745481281074e-08
3.013426475018121664e-08
2.873338988962359508e-08
2.603212834184631674e-08
2.236631735375027574e-08
1.818053052549117865e-08
1.390039694459943576e-08
9.873802775395290610e-09
6.364094251587459894e-09
3.531936521028455900e-09
1.407567506994666928e-09
2.497224649289364606e-11
8.468606926825827941e-10
1.161876705957354261e-09
1.054266896005628951e-09
6.381086770090860227e-10
3.330669073875469621e-16
