0.000000000000000000e+00
1.752477109562278201e-05
3.246792853506264009e-05
4.443876528159584893e-05
5.381549002692054273e-05
6.106336305045090285e-05
6.666673893285235408e-05
7.098079693834691284e-05
7.434642514225764387e-05
7.694920941681004933e-05
7.901122315812081354e-05
8.062029795941061394e-05
8.189604462582877886e-05
8.291927276737887098e-05
8.371931267825427625e-05
8.436794409760750568e-05
8.488306261222877680e-05
8.530538152429212317e-05
8.563908833492117623e-05
8.589799037106438107e-05
8.610650544316200694e-05
8.629461360354362398e-05
8.643160752064282804e-05
8.654544464603564080e-05
8.663740366954275629e-05
8.670887878814426131e-05
8.676041330357708858e-05
8.680671300853592953e-05
8.684331187236438154e-05
8.686812022506984476e-05
8.688409737345192951e-05
8.690364214358758943e-05
8.691636409152714293e-05
8.692600456539079090e-05
8.693118526859056061e-05
8.694440769163591654e-05
8.694275475762403005e-05
8.694034276679474260e-05
8.693350110089426153e-05
8.693754919142371307e-05
8.694089324723375256e-05
8.694298472100570052e-05
8.694134019182619966e-05
8.694103425066490587e-05
8.694141260912058300e-05
8.694738749714936432e-05
8.693646980895142207e-05
8.694289165767088434e-05
8.694913099183132488e-05
8.693589832242665238e-05
8.694448342705385357e-05
8.694013085186469425e-05
8.692715869473843782e-05
8.692134843424348389e-05
8.691429005247552908e-05
8.689803233363768697e-05
8.687511367466704826e-05
8.684196705743829625e-05
8.680989522025228666e-05
8.675656967582767720e-05
8.670243138164668295e-05
8.662864489417110292e-05
8.653267645064577351e-05
8.640567544537791633e-05
8.626523340871106171e-05
8.609036142293025051e-05
8.587602066201238671e-05
8.560521478195859402e-05
8.526224987315256243e-05
8.483817240634294876e-05
8.430541208626074479e-05
8.364821985429315987e-05
8.283241693718412790e-05
8.179333339197736308e-05
8.049455945424721648e-05
7.884351218168106357e-05
7.673683883246962267e-05
7.407163892003687522e-05
7.061685576637000139e-05
6.617893397320440130e-05
6.042050219501327035e-05
5.298533904452007448e-05
4.341068059798836032e-05
3.115076862614252207e-05
1.593005236955047366e-05
1.916690160919110042e-06
1.992875244194447504e-05
3.146435920586831969e-05
2.174214642369776129e-05
3.319931814604881737e-05
1.499084957086171954e-04
2.919954584406081466e-04
3.557858228974142278e-04
2.800126012882930837e-04
1.366738130441635946e-04
2.572107109766186284e-05
2.394099427283080672e-05
3.089499940633899655e-05
1.823755184060527057e-05
0.000000000000000000e+00
