0.000000000000000000e+00
3.267065465051288697e-06
6.053265480754355110e-06
8.285601817314969253e-06
1.003427303969406381e-05
1.138599858452327140e-05
1.243099252890011996e-05
1.323559457477863077e-05
1.386329956309939604e-05
1.434875864148033031e-05
1.473333210799676607e-05
1.503342927500206372e-05
1.527135770984511254e-05
1.546218321024639408e-05
1.561139037753456194e-05
1.573235808538520075e-05
1.582841894265385463e-05
1.590717692268039940e-05
1.596940764447829508e-05
1.601769335612956979e-05
1.605658674497245642e-05
1.609164506666260763e-05
1.611719711758219375e-05
1.613842251646513404e-05
1.615556778256088677e-05
1.616889287769929240e-05
1.617851305690809482e-05
1.618714371254270645e-05
1.619396536589601254e-05
1.619857303869487453e-05
1.620154863013478774e-05
1.620520611123055232e-05
1.620755993991807031e-05
1.620935874258044862e-05
1.621032216314599594e-05
1.621277020369404909e-05
1.621247245386925329e-05
1.621202047052960893e-05
1.621075874647104342e-05
1.621149636499286117e-05
1.621211929014876318e-05
1.621250881800317956e-05
1.621220172398629700e-05
1.621216119118695786e-05
1.621223201708765771e-05
1.621331757495347858e-05
1.621129756712580416e-05
1.621249462202545288e-05
1.621364681270165420e-05
1.621120878425585943e-05
1.621278378283186328e-05
1.621197442602806404e-05
1.620957053849458873e-05
1.620849015360192880e-05
1.620717744255095738e-05
1.620414884850873705e-05
1.619986566470110745e-05
1.619371280692227799e-05
1.618771135747376633e-05
1.617779402085517404e-05
1.616769030166054222e-05
1.615393372056406207e-05
1.613604011574398811e-05
1.611236871335020027e-05
1.608617131865219818e-05
1.605357176992505686e-05
1.601359415159819832e-05
1.596309394791273206e-05
1.589913516231167279e-05
1.582004125522118443e-05
1.572068481114907712e-05
1.559812113471892303e-05
1.544598166092203684e-05
1.525219102238573043e-05
1.500996176662106052e-05
1.470204008147124597e-05
1.430909108057765167e-05
1.381206464290407609e-05
1.316766911996225531e-05
1.234005291816941963e-05
1.126607053536510250e-05
9.879420416636364166e-06
8.093875291659280435e-06
5.807700941828919383e-06
2.969694215093632295e-06
3.547652587254646050e-07
3.708319672224291708e-06
5.844662976040027047e-06
4.001670106612564837e-06
6.286052605886105482e-06
2.806413957134878956e-05
5.452714993314788927e-05
6.640318614270501740e-05
5.231671105954127654e-05
2.560941779528036477e-05
4.886630752154452750e-06
4.417969233339036350e-06
5.742518376150584913e-06
3.394982842408467150e-06
0.000000000000000000e+00
