0.000000000000000000e+00
1.430100837751524523e-08
1.979053654288520647e-08
2.016862266085439614e-08
1.578522279555016894e-08
9.441562753842447364e-09
1.318160469665485834e-09
7.942635660285191079e-09
1.748516276212086495e-08
2.743078220124317568e-08
3.647540525175685389e-08
4.474080828043014435e-08
5.185150764308588123e-08
5.933791780154962225e-08
6.632970306341690048e-08
7.204406415883823911e-08
7.716271699376164861e-08
8.181797972461879453e-08
8.611217328091669287e-08
8.938555218218624532e-08
9.211749674165048418e-08
9.503486919637538222e-08
9.748698415190659716e-08
9.957591295961520927e-08
1.014062314119712482e-07
1.023094483576514335e-07
1.036551453559297897e-07
1.041532535772660140e-07
1.048436636397198640e-07
1.059048361229386614e-07
1.075934991101590299e-07
1.070813948622628686e-07
1.070610589071208096e-07
1.086797186689025807e-07
1.070817972070869928e-07
1.077815591221664704e-07
1.071794554219351880e-07
1.076912635733506818e-07
1.067777591901020173e-07
1.058165515210873764e-07
1.053121835292714081e-07
1.049227088545379161e-07
1.041188765205092182e-07
1.030398917301056372e-07
1.008465347895892705e-07
9.957277380401308164e-08
9.738255823954489188e-08
9.459282335200214220e-08
9.250314858544328445e-08
8.966320830250396057e-08
8.617505375951850510e-08
8.205974189046116862e-08
7.734135465398139786e-08
7.217732156394873755e-08
6.623669679406418709e-08
6.048361333998997225e-08
5.370607170096519667e-08
4.589899715856660123e-08
3.755057864651689670e-08
2.800353782195230679e-08
1.911919100816561468e-08
9.991914073914642813e-09
7.543298208290138973e-10
7.557317660555895600e-09
1.415798511761323653e-08
1.848285402505922548e-08
1.906762192582789339e-08
1.428483320520257394e-08
1.411377903437482928e-09
2.173826818552271334e-08
5.854860651854920661e-08
1.134840615923948803e-07
1.898622187246346016e-07
2.908854702665664149e-07
4.245157735338622729e-07
5.913687701752934345e-07
7.886405655188610808e-07
1.015037648932626269e-06
1.265089029200971993e-06
1.519016741613476995e-06
1.762725621468064219e-06
1.978194998364379842e-06
2.135330689712056085e-06
2.222813702101866795e-06
2.225121492727133443e-06
2.149354314640028463e-06
1.999859600809728022e-06
1.790406124135834887e-06
1.549630561648029925e-06
1.296087613900098745e-06
1.046937479598497589e-06
8.162937779054857401e-07
6.152421401228735931e-07
4.441409847677491030e-07
3.084896090799205126e-07
2.012412390062223722e-07
1.206740403159045627e-07
6.276029507201741353e-08
2.463069026514830284e-08
3.330669073875469621e-16
