0.000000000000000000e+00
2.468112292319801782e-08
4.722500757115000170e-08
6.777416194925223181e-08
8.647919835791384457e-08
1.032064254058440156e-07
1.189562779391195591e-07
1.330132554100416087e-07
1.454842177839310580e-07
1.574085052302720555e-07
1.679737681170578867e-07
1.773001606641955163e-07
1.860516340990159279e-07
1.942893015360880327e-07
2.010352108117174907e-07
2.078986350850797749e-07
2.141206008055007715e-07
2.195716856112639448e-07
2.243058419004739790e-07
2.290127602000424645e-07
2.328659575168146034e-07
2.367488814991602908e-07
2.398456498964307571e-07
2.430163460465095682e-07
2.452160613453102656e-07
2.479989067438737038e-07
2.500538164307286593e-07
2.518373701798637398e-07
2.531611256184618242e-07
2.544053935293888458e-07
2.554721453273955944e-07
2.564720508191342674e-07
2.570440484905844869e-07
2.573910793390865592e-07
2.572859097993429600e-07
2.574177301317703837e-07
2.568990883355937171e-07
2.563539539535142353e-07
2.555490609124078105e-07
2.547735825642050145e-07
2.535276893977922441e-07
2.520338132638855200e-07
2.500475304589855341e-07
2.478211319489886932e-07
2.459550521027864534e-07
2.431439263261836459e-07
2.404268504285766994e-07
2.369548368630347568e-07
2.335386987128984515e-07
2.293086764915130971e-07
2.250850567042661510e-07
2.201915479949079213e-07
2.145438203760008378e-07
2.088745998385377334e-07
2.020897723609138552e-07
1.951952556256131288e-07
1.873257443607556638e-07
1.786787573454517997e-07
1.691760117550344944e-07
1.581788448001830716e-07
1.472446450323516842e-07
1.342975111118249743e-07
1.207153482729594884e-07
1.054263623068152356e-07
8.826093755853747780e-08
6.975411059872982378e-08
4.942009701469629590e-08
2.749738114982136494e-08
2.673047116985571847e-09
2.394174902775603186e-08
5.259064017604231367e-08
8.436950182932889675e-08
1.177100706906131222e-07
1.536379284905464715e-07
1.920107566277806654e-07
2.307134164825086486e-07
2.706761081938680036e-07
3.109274546719831278e-07
3.487089164089240967e-07
3.841796962777976887e-07
4.152807769886024403e-07
4.404675836289229096e-07
4.583491505227854645e-07
4.686021121136363377e-07
4.684044071501247686e-07
4.599494103363355180e-07
4.430245125197629363e-07
4.193531492058255594e-07
3.881746787337547744e-07
3.531457503092028105e-07
3.162620124674830890e-07
2.754787292724714121e-07
2.354889427902406851e-07
1.961140837503094758e-07
1.580859237959586494e-07
1.223239948222598628e-07
8.837619036583532761e-08
5.668095848232468370e-08
2.772827489838647352e-08
7.523109912810355127e-10
