0.000000000000000000e+00
9.927118460595352190e-09
1.899467172439273099e-08
2.725995129626568314e-08
3.478353549635215813e-08
4.151136434593638569e-08
4.784662566148512042e-08
5.350072529441973757e-08
5.851660378475287416e-08
6.331321822372615316e-08
6.756289749887400831e-08
7.131401125182179612e-08
7.483415787046254763e-08
7.814788205440237334e-08
8.086091929371264087e-08
8.362187253752040306e-08
8.612474133862235703e-08
8.831736764136621787e-08
9.022147517967482599e-08
9.211492935090603851e-08
9.366468645133352311e-08
9.522669730532840049e-08
9.647219767483505848e-08
9.774771736470455608e-08
9.863221195338667258e-08
9.975190851108095558e-08
1.005784748819849028e-07
1.012958948942710435e-07
1.018282300702111343e-07
1.023286827495084594e-07
1.027578160339714941e-07
1.031601497558654046e-07
1.033902359282024008e-07
1.035298234919324045e-07
1.034873499117239248e-07
1.035405444715919998e-07
1.033317921228515956e-07
1.031125209660643804e-07
1.027887143179029295e-07
1.024769588076068771e-07
1.019758074649601554e-07
1.013749121314688750e-07
1.005757666039386322e-07
9.968007919081145474e-08
9.892978269920860157e-08
9.779889753591675117e-08
9.670612421963653560e-08
9.530939815149963579e-08
9.393543454194741571e-08
9.223380914580303624e-08
9.053505622969026945e-08
8.856670064005811582e-08
8.629475767296668209e-08
8.401460860341103398e-08
8.128527384521078147e-08
7.851228756017292199e-08
7.534689805410721419e-08
7.186878925313777700e-08
6.804647556535314834e-08
6.362257543024441020e-08
5.922500356803084287e-08
5.401697045215314574e-08
4.855416968485570806e-08
4.240454343218402755e-08
3.549980531758478719e-08
2.805591658994188720e-08
1.987713338369445637e-08
1.105986802141245562e-08
1.074607403062088906e-09
9.630082398182082670e-09
2.115254205126149145e-08
3.393469560908357607e-08
4.734388270311029601e-08
6.179404454798032020e-08
7.722834005630119236e-08
9.279328516687002093e-08
1.088657544112692221e-07
1.250550020204244106e-07
1.402490387159005536e-07
1.545144813208665369e-07
1.670224353267357742e-07
1.771517590398730135e-07
1.843431062242828489e-07
1.884681698482992829e-07
1.883869746865940442e-07
1.849866805292421645e-07
1.781800713640535605e-07
1.686617533414036529e-07
1.561211547818075474e-07
1.420334274637724548e-07
1.272017045028661641e-07
1.107972936731371760e-07
9.471394757376572215e-08
7.887774378101397588e-08
6.358301540831945431e-08
4.920014884390866428e-08
3.554641192504703895e-08
2.279833455354207672e-08
1.115365089177089430e-08
3.034996698403347182e-10
