0.000000000000000000e+00
2.727831320825657713e-07
5.199978693193330059e-07
7.473133865065761938e-07
9.501261464262000800e-07
1.143110253121193409e-06
1.315617787489564705e-06
1.470848889906228862e-06
1.611946583768286700e-06
1.738670210138515415e-06
1.856878108386084136e-06
1.962993038784333066e-06
2.053584350014681092e-06
2.145968240885309797e-06
2.225955705315030286e-06
2.298741310413632277e-06
2.366376655849045108e-06
2.425179282949940784e-06
2.479842765024109497e-06
2.529420460195552778e-06
2.574302237601244769e-06
2.616152708245778058e-06
2.651319229385329379e-06
2.680243863739661947e-06
2.713199092729823292e-06
2.739037023191670528e-06
2.756745591359077707e-06
2.776463195464096145e-06
2.799511336637472425e-06
2.808678338572789812e-06
2.820112154355847167e-06
2.832578565370447166e-06
2.838893163104039274e-06
2.839118221187320046e-06
2.845354605818251059e-06
2.844276986824212372e-06
2.840743032694881265e-06
2.834729979972472336e-06
2.821309569522867378e-06
2.808923342700886394e-06
2.800073948372450161e-06
2.783581948051505606e-06
2.760547488600550992e-06
2.741923325944028988e-06
2.711432143698289110e-06
2.689012800427548200e-06
2.655440028864752833e-06
2.620739098735391792e-06
2.579390820489635416e-06
2.535048674312534445e-06
2.487408049312023195e-06
2.433391701694986864e-06
2.372522921012532038e-06
2.308466395040120744e-06
2.235059925581595053e-06
2.151589916676854841e-06
2.064589340378120141e-06
1.975069616522162619e-06
1.868633364598970559e-06
1.754818077182029867e-06
1.626412741706495524e-06
1.488505099622727812e-06
1.335043694483672994e-06
1.166198544177987628e-06
9.775678279089206058e-07
7.749890036379269986e-07
5.422407400867967908e-07
3.039076127420159423e-07
3.197946829569531246e-08
2.622718555667091778e-07
5.755454159928063973e-07
9.323685898898759206e-07
1.294954701913653139e-06
1.694156378184707989e-06
2.111527197867779648e-06
2.561624778296689442e-06
3.000512548978484517e-06
3.443216225695877597e-06
3.872406144966866748e-06
4.252045016528427368e-06
4.596387895849929350e-06
4.879038521199419165e-06
5.077749736459580276e-06
5.183102798733685290e-06
5.184645818667732442e-06
5.091013135505306764e-06
4.907994028968687417e-06
4.637964333920052695e-06
4.296274305759517631e-06
3.894162796336253507e-06
3.495265472719388811e-06
3.053699518806851643e-06
2.605695156421283798e-06
2.167888678239471290e-06
1.746703018667972174e-06
1.342446803942465294e-06
9.680105409470840527e-07
6.157730545464090710e-07
2.972316435201349805e-07
2.070658866593078073e-09
