0.000000000000000000e+00
9.602248263185231281e-08
1.830501930033534563e-07
2.630801325675946600e-07
3.344845542763152935e-07
4.024413328140852286e-07
4.631873262717078887e-07
5.178514179693394226e-07
5.675407617200534105e-07
6.121690306892801914e-07
6.538016634749510558e-07
6.911756500471710751e-07
7.230791614354359353e-07
7.556221602866841636e-07
7.837964153267762413e-07
8.094345345099895894e-07
8.332597456472967679e-07
8.539726413792081416e-07
8.732285264878569819e-07
8.906931689978137001e-07
9.065038153455162728e-07
9.212474250119839780e-07
9.336353479216796813e-07
9.438229517932938961e-07
9.554348476825680336e-07
9.645373461042439089e-07
9.707733938935092510e-07
9.777198758387228850e-07
9.858428142717201581e-07
9.890698582371015846e-07
9.930980309214021418e-07
9.974919108479696206e-07
9.997165674180408246e-07
9.997939613981543516e-07
1.001993508276122213e-06
1.001613858964134351e-06
1.000368832659859208e-06
9.982504072247877502e-07
9.935198831412250797e-07
9.891556231877984828e-07
9.860404697192848289e-07
9.802303430062053735e-07
9.721133632512035661e-07
9.655541740594131284e-07
9.548097017475498660e-07
9.469148625207424175e-07
9.350870404656319579e-07
9.228631216995353270e-07
9.082964010920235864e-07
8.926758260363598652e-07
8.758941730802050074e-07
8.568662174246455265e-07
8.354240945696034260e-07
8.128608827151495575e-07
7.870032657786296681e-07
7.575992784225604737e-07
7.269553502498027342e-07
6.954291327243566911e-07
6.579409730367302700e-07
6.178569820214363517e-07
5.726343641487829927e-07
5.240691578478617885e-07
4.700279474523227918e-07
4.105723452330067857e-07
3.441503934054068736e-07
2.728254371309191129e-07
1.908751674495334782e-07
1.069791413232934474e-07
1.125500281862201746e-08
9.231504238815801955e-08
2.025632350743933330e-07
3.281484866057837735e-07
4.557167287977392789e-07
5.961754827588094940e-07
7.429989163920680539e-07
9.013376351951762899e-07
1.055687948170458412e-06
1.211366297937388481e-06
1.362275625416131675e-06
1.495726105416039786e-06
1.616767731804635844e-06
1.716116940775336275e-06
1.785958657962716245e-06
1.822983816568424231e-06
1.823519156785025075e-06
1.790613179397659849e-06
1.726297354176509202e-06
1.631387896328106990e-06
1.511274077214963540e-06
1.369894593872267308e-06
1.229667868862804880e-06
1.074392101063637028e-06
9.168190643338292034e-07
7.628322764574591019e-07
6.146652753447057194e-07
4.724331759131672470e-07
3.406773664282880532e-07
2.167204694591973180e-07
1.046178095265304364e-07
7.305643867638877964e-10
