0.000000000000000000e+00
7.665001966472573258e-11
1.495606971602114754e-10
2.152922284892611060e-10
2.763892448243154831e-10
3.300657525073802390e-10
3.795126435335305359e-10
4.244616880200169362e-10
4.653201157722719472e-10
5.013828241473561320e-10
5.368694377949623231e-10
5.675921954662044300e-10
5.949506443059249250e-10
6.203997315878950758e-10
6.431686294661176362e-10
6.652064454826245310e-10
6.843702271552842831e-10
7.008744695724544727e-10
7.161680137812709290e-10
7.314344685482865316e-10
7.435451143678051267e-10
7.561703485592374818e-10
7.672695812033225593e-10
7.762168685587766959e-10
7.851823635718346850e-10
7.926668210700427153e-10
7.992334571937931287e-10
8.044260813022674483e-10
8.098043347004590942e-10
8.133738127469314350e-10
8.171908705278951857e-10
8.192454492572665004e-10
8.210736535119167456e-10
8.226871406336044856e-10
8.225797820671232330e-10
8.227737380295252478e-10
8.217496683116110034e-10
8.195022438428622991e-10
8.167069243114610799e-10
8.134894979860973763e-10
8.103413495774702824e-10
8.047212896045152775e-10
7.999626516763669315e-10
7.929848999665978226e-10
7.847573701980081751e-10
7.778050425955029823e-10
7.679350488842828781e-10
7.580318595046264818e-10
7.459104445217690227e-10
7.321643291646751095e-10
7.194203011096078626e-10
7.028566617606202271e-10
6.850566780514100174e-10
6.676017516582533062e-10
6.461974288995975257e-10
6.232958593699322591e-10
5.981287687362168981e-10
5.704797745309519996e-10
5.400954128376156405e-10
5.066915775842062430e-10
4.706115497299379058e-10
4.290927613226358517e-10
3.858147135105127745e-10
3.362525813344063863e-10
2.831952450321750803e-10
2.240887475579711463e-10
1.577772357208573339e-10
8.788014760341411602e-11
9.843903470141412981e-12
7.623690567726271183e-11
1.689772766155783756e-10
2.700939472077834580e-10
3.789628610917361584e-10
4.939146869276100915e-10
6.129574625646228014e-10
7.393901046981454783e-10
8.649987393027913640e-10
9.954699287106905103e-10
1.114343617381052809e-09
1.231488022668258964e-09
1.327051690758196401e-09
1.407531535768669073e-09
1.464663168526669779e-09
1.495050638844475088e-09
1.499498081258821003e-09
1.471193389335212487e-09
1.417090556010691671e-09
1.340383470882500205e-09
1.241771796500756864e-09
1.128517279624929870e-09
1.006968286532128332e-09
8.815240759574294316e-10
7.525572387478973724e-10
6.278160213923911215e-10
5.062436025937699924e-10
3.914141233352097515e-10
2.835994772354410998e-10
1.813519334703528330e-10
8.610767654460005360e-11
8.346656699131926871e-13
