0.000000000000000000e+00
3.647459397848606955e-07
6.928727097621489861e-07
1.003937870724946890e-06
1.278624031764152846e-06
1.525615660580292854e-06
1.760658040361740007e-06
1.966192827329571458e-06
2.157059259100257975e-06
2.320835274960408867e-06
2.484725925122610590e-06
2.624741481604964122e-06
2.750506059356894184e-06
2.868187000015787191e-06
2.978563434341552352e-06
3.075950305686525610e-06
3.166354763828316266e-06
3.246870233675203110e-06
3.313428007634122707e-06
3.384559447483503902e-06
3.446361443448786588e-06
3.500584344173773843e-06
3.547677354220901691e-06
3.586934135157981984e-06
3.626008974522143546e-06
3.666749691322301885e-06
3.691010015072215822e-06
3.721769392228679862e-06
3.739928676638193394e-06
3.760451612433435287e-06
3.780072896808484018e-06
3.791898783744862556e-06
3.796042082115924643e-06
3.799518628611053828e-06
3.807308709524725998e-06
3.805866554573711369e-06
3.801137132497522941e-06
3.791432613864387235e-06
3.781673132419172134e-06
3.766812368355410001e-06
3.746741827348465392e-06
3.724671603144713572e-06
3.700470995626758963e-06
3.670611208428375960e-06
3.636561627606837988e-06
3.593575463090026290e-06
3.554908953429247731e-06
3.502119639398060258e-06
3.451426067724305824e-06
3.392090650478074565e-06
3.321748079154751565e-06
3.256025956965835633e-06
3.176430936613350298e-06
3.082007162702460334e-06
2.987479709171125819e-06
2.886814069569254571e-06
2.768659359886349591e-06
2.640902681649848205e-06
2.500501253277498392e-06
2.346165827948887284e-06
2.172574937953086760e-06
1.983670508520773978e-06
1.786642068180022136e-06
1.560800391930960984e-06
1.312360008998147975e-06
1.038503948280755651e-06
7.358664142476101233e-07
3.985961434249674085e-07
4.551498522520347478e-08
3.543867241884157693e-07
7.862119684176605006e-07
1.238167109840482283e-06
1.736579396172110989e-06
2.270659323122536932e-06
2.826420628876391561e-06
3.408378665525901852e-06
3.999104323804125727e-06
4.598210725070828175e-06
5.160379712987328560e-06
5.680912693262207824e-06
6.140377370345007080e-06
6.521192363218020205e-06
6.772652880848717416e-06
6.919712347008832865e-06
6.923347915299693511e-06
6.796306412759633986e-06
6.559020989560515602e-06
6.194367169420900154e-06
5.739568976870224049e-06
5.226001732694385282e-06
4.671563002767165074e-06
4.070097448960474651e-06
3.493341711235942171e-06
2.898469798395808539e-06
2.347011988645952840e-06
1.801738002460417931e-06
1.296190407118480437e-06
8.400890247894921004e-07
3.954367783221002242e-07
8.186065936222064465e-09
