0.000000000000000000e+00
2.424405802781137709e-07
4.478703578003617736e-07
6.130024483574914029e-07
7.424152234092318281e-07
8.423745493368883785e-07
9.196626243879180151e-07
9.793952880920997472e-07
1.025748446403795811e-06
1.061686956349561228e-06
1.090029913886070290e-06
1.112268350644818327e-06
1.129874604433034335e-06
1.143864417407769452e-06
1.154879062270630641e-06
1.163724836827917386e-06
1.170896120838982313e-06
1.176649143341812476e-06
1.181108323478063937e-06
1.184820333843816798e-06
1.187978582284365814e-06
1.190158760655535275e-06
1.192338210720400582e-06
1.193801051235787725e-06
1.195030080225478741e-06
1.195925530939057069e-06
1.196743998788107888e-06
1.197415780196386947e-06
1.197976436828618318e-06
1.198350871978171028e-06
1.198603043595092288e-06
1.198842056959747993e-06
1.199118686567857139e-06
1.199215901803718509e-06
1.199245529659442866e-06
1.199163048970497414e-06
1.199293839682091800e-06
1.199170759913492645e-06
1.199314761279879349e-06
1.199391945205796617e-06
1.199332882673154188e-06
1.199192566692097728e-06
1.199236218329957637e-06
1.199349458302911842e-06
1.199304309640325528e-06
1.199454354394724476e-06
1.199373689808602705e-06
1.199166586807187684e-06
1.199265714180164366e-06
1.199223605530264081e-06
1.199212655511594505e-06
1.199206773550010041e-06
1.199246833283318381e-06
1.199127214301931588e-06
1.198881765973602853e-06
1.198704787652715709e-06
1.198203557817301146e-06
1.197981095768518855e-06
1.197355951609857527e-06
1.196684571214134962e-06
1.195997749947608213e-06
1.194921562586159780e-06
1.193827147805137656e-06
1.192030059771198580e-06
1.190333948852817514e-06
1.187582816752907888e-06
1.184540619147966822e-06
1.180784022780656528e-06
1.176148862636061665e-06
1.170165518371568680e-06
1.162987788738689687e-06
1.154070014552921464e-06
1.142708925150337507e-06
1.128489971136126258e-06
1.110357573885778493e-06
1.087792436349488412e-06
1.058892141858613911e-06
1.021884439622589014e-06
9.745123500382035786e-07
9.134033380764350341e-07
8.342503039493465167e-07
7.317947283702608274e-07
5.996643601680062829e-07
4.305740505250454930e-07
2.208405517345468638e-07
2.378580543638264544e-08
2.708694035735703665e-07
4.296689669613940055e-07
2.937778551537206795e-07
4.611170990598267849e-07
2.059087999106701261e-06
4.005957986108477087e-06
4.877116498991362903e-06
3.836196669992908426e-06
1.869987603764222683e-06
3.485920125889663268e-07
3.314778492802261667e-07
4.255220454885133563e-07
2.517374119159754287e-07
1.110223024625156540e-15
