0.000000000000000000e+00
1.833227968317530099e-07
3.863668004422393665e-07
6.007163108057156364e-07
8.175073141769573226e-07
1.029126803664404122e-06
1.234816763395762962e-06
1.429329581803528981e-06
1.612824082619646049e-06
1.782995794896713448e-06
1.940894525320757680e-06
2.085434332887992070e-06
2.217720048158788870e-06
2.340113563925605433e-06
2.450167699397098886e-06
2.550602876461027790e-06
2.640806819220742341e-06
2.722322068771099168e-06
2.795959517132295957e-06
2.862413371107486171e-06
2.920530392969133970e-06
2.973273659945263603e-06
3.020287099197993541e-06
3.062478774684684879e-06
3.098884509555865918e-06
3.131089361230188217e-06
3.159437021005295776e-06
3.183876728596324313e-06
3.203878032320695013e-06
3.219071068705225969e-06
3.235507705090512331e-06
3.244505359711880033e-06
3.251716976904184264e-06
3.256551158847820204e-06
3.257633270026261130e-06
3.256005059792954626e-06
3.253391186119891643e-06
3.245736048484992864e-06
3.236195892930560092e-06
3.222446160355829647e-06
3.206224001184310168e-06
3.186940804811300154e-06
3.162777847953712751e-06
3.135145782540149639e-06
3.103355192268786311e-06
3.067140945556268150e-06
3.026049254173379666e-06
2.979838413019741949e-06
2.927609733971436867e-06
2.868970366054490739e-06
2.804547054702233311e-06
2.731929458987814030e-06
2.651173433787512579e-06
2.562551094320575373e-06
2.462880068887507434e-06
2.353902942453522940e-06
2.234259896649604116e-06
2.101679676735912494e-06
1.959030864417954376e-06
1.802466793821011493e-06
1.633591108829435257e-06
1.451270953967132016e-06
1.257533320142556477e-06
1.053925820282408665e-06
8.417349388611938821e-07
6.252325216449250433e-07
4.098288023390850299e-07
2.032985437772083515e-07
1.804601701405061931e-08
1.344791468183004213e-07
2.402280173674498087e-07
2.752016935447798573e-07
2.176769217099305820e-07
4.154763033614727874e-08
2.739094527859364803e-07
7.470378617924211540e-07
1.387131401964225574e-06
2.189208095804140441e-06
3.115116314567067946e-06
4.111909726822737809e-06
5.097728775216303632e-06
5.971996139275681514e-06
6.634113024373000655e-06
7.001645088045016507e-06
7.025533466098465851e-06
6.699569864321297530e-06
6.066639540169838085e-06
5.218504457782380257e-06
4.241198385046551778e-06
3.238961395535255861e-06
2.300279302480667809e-06
1.482619771175919254e-06
8.223334205803567443e-07
3.276313979005962551e-07
6.771068483679698602e-09
1.993839779945716373e-07
2.691667205789727291e-07
2.449687900307750965e-07
1.474204861517947052e-07
0.000000000000000000e+00
