0.000000000000000000e+00
2.349250316502349278e-07
9.221981058793460306e-07
2.048840810120466926e-06
3.613019570414266468e-06
5.567955535079605056e-06
7.875107361110522675e-06
1.054235473585407590e-05
1.349380506254771461e-05
1.668603936477719429e-05
2.006564161116664025e-05
2.357105229588984940e-05
2.716011012759977916e-05
3.076133996859908848e-05
3.430434403506321672e-05
3.777788127201642254e-05
4.109084495795833902e-05
4.418826104091166940e-05
4.701470288015485721e-05
4.956329963679007022e-05
5.178730843025114439e-05
5.360269188459110268e-05
5.497508525209582331e-05
5.598715111565510938e-05
5.649841425503510095e-05
5.655770863477460608e-05
5.626185721108178939e-05
5.541165754019417022e-05
5.415249432016988607e-05
5.246835167338481654e-05
5.044885050098368851e-05
4.799313663994553281e-05
4.527425898237513735e-05
4.223696982186275761e-05
3.899965948883643563e-05
3.556482289268636521e-05
3.199730318081961400e-05
2.836822927165805197e-05
2.471759261524208995e-05
2.113453744856386152e-05
1.764629432043918200e-05
1.431401336526860746e-05
1.120912739449586581e-05
8.376034244861330080e-06
5.849583952111103713e-06
3.697138200142724429e-06
1.933224084593732073e-06
5.581481554717271365e-07
3.648086679408635291e-07
8.201558236997641416e-07
8.307220663583692044e-07
3.565761134138867305e-07
5.417483235348186099e-07
1.909966776736382599e-06
3.692180802872258027e-06
5.868099485439870477e-06
8.379841054062531214e-06
1.119937001026194423e-05
1.429937179242557477e-05
1.760939934858374301e-05
2.110128191468163550e-05
2.469778210101303273e-05
2.832348219827807156e-05
3.195846225534371143e-05
3.552118921867908341e-05
3.895453521884917336e-05
4.221128777981419944e-05
4.523974355574722495e-05
4.799378966524603385e-05
5.043754705325032006e-05
5.244177353747048187e-05
5.410760955848470388e-05
5.537114792231179194e-05
5.619300066073140698e-05
5.656258598274455096e-05
5.647047932322291075e-05
5.592422824129972270e-05
5.494892561230813044e-05
5.352796116886437972e-05
5.172263441344249202e-05
4.955431857411873864e-05
4.698541010228485248e-05
4.416475777524464519e-05
4.107913756057346433e-05
3.776159341062346186e-05
3.431201838621777966e-05
3.074056559415616618e-05
2.714755201471685808e-05
2.356091473931787306e-05
2.005933272863913430e-05
1.667240338054654103e-05
1.349424290197909215e-05
1.054262790889382018e-05
7.878685200135571165e-06
5.560078498056952867e-06
3.608116868392130527e-06
2.051965438232272732e-06
9.217108546399899183e-07
2.151566177444053096e-07
0.000000000000000000e+00
