0.000000000000000000e+00
8.663586470447626198e-08
3.269200976596664532e-07
7.325947358749473892e-07
1.292001180264179538e-06
1.991348111407553745e-06
2.821615313952641202e-06
3.777002020810549254e-06
4.831119066683875474e-06
5.974852704371258483e-06
7.183605769012224584e-06
8.447106651932045907e-06
9.732073078416725309e-06
1.102826986243421459e-05
1.231463103568142259e-05
1.357506142396491811e-05
1.476568245650788924e-05
1.587692618254532562e-05
1.692102956674101932e-05
1.784472635912859317e-05
1.863171881211211911e-05
1.931359001516863572e-05
1.982781481491002751e-05
2.019365246741511299e-05
2.039396370656643143e-05
2.043193822387490144e-05
2.031234139143744954e-05
2.001603265877616167e-05
1.957562663779111034e-05
1.897955090124359145e-05
1.824577326747789385e-05
1.737715872673906148e-05
1.639628236393964045e-05
1.531115623276679827e-05
1.414150036582739745e-05
1.292087578430578532e-05
1.164939232967121541e-05
1.035044748642910406e-05
9.051083927236192039e-06
7.772056918153857907e-06
6.530647012947810026e-06
5.353333601409993037e-06
4.249003702438969299e-06
3.240026167472542795e-06
2.343322348830056967e-06
1.579363424264457194e-06
9.515516947722346686e-07
4.689044409422749027e-07
1.422958839647492368e-07
2.012737632117733710e-08
2.286186095989961586e-08
1.469736032877477783e-07
4.670319647681608899e-07
9.443438441225637803e-07
1.582816148482102392e-06
2.348912661598312468e-06
3.242551329885046130e-06
4.248438252307806806e-06
5.353315989053974988e-06
6.536122484579465208e-06
7.774001444027511809e-06
9.050728114301520577e-06
1.035663582971135810e-05
1.164514772822311528e-05
1.291531253511113420e-05
1.413934470428923618e-05
1.531322254122446935e-05
1.638908650081205565e-05
1.738793843231167813e-05
1.824384116566601932e-05
1.898411273970612712e-05
1.957434496735466212e-05
2.002292224345669780e-05
2.031493636234227296e-05
2.043877066704169465e-05
2.039502953321559175e-05
2.018571272321967314e-05
1.983161379304210215e-05
1.930349872236725162e-05
1.864251840433261975e-05
1.784342156974094706e-05
1.692269263975365590e-05
1.588936996277379166e-05
1.476735864069933513e-05
1.357189358264232482e-05
1.232253411120876052e-05
1.104068603463570497e-05
9.739151216270336420e-06
8.446239710746539231e-06
7.192052717486241420e-06
5.976898545423381393e-06
4.836472299429850352e-06
3.780018454579980869e-06
2.823347483582594464e-06
1.989638378385727435e-06
1.293186272177671015e-06
7.323194037844871218e-07
3.263566987765642580e-07
8.722439959196748305e-08
0.000000000000000000e+00
