0.000000000000000000e+00
3.055193498191499657e-08
1.152884716582036617e-07
2.583554369328666667e-07
4.556402184441310510e-07
7.022853569793596762e-07
9.951095147897603965e-07
1.332076438265161755e-06
1.703883013237650346e-06
2.107315953958632804e-06
2.533703420515287519e-06
2.979425299920457348e-06
3.432746928710983525e-06
3.890050507271425317e-06
4.343908385884276413e-06
4.788636056130002316e-06
5.208752885565992585e-06
5.600874716349402149e-06
5.969313372822249164e-06
6.295268586975488745e-06
6.572980163266350928e-06
6.813595502475067178e-06
6.995037456380970298e-06
7.124104322464575034e-06
7.194737226767777827e-06
7.208063343977499926e-06
7.165766295447184575e-06
7.061089227544670166e-06
6.905548271984862652e-06
6.695056778749375326e-06
6.435971694251918507e-06
6.129303929625073977e-06
5.783028363293141183e-06
5.399978808329208846e-06
4.987118508492649482e-06
4.556293544455414235e-06
4.107553426502263960e-06
3.649151155471486163e-06
3.190630662230908854e-06
2.739315218880378211e-06
2.301302917784298074e-06
1.885927150446775613e-06
1.496325299665812736e-06
1.140382292263986130e-06
8.240584855601085223e-07
5.545720744848381401e-07
3.331198390466028059e-07
1.628746078008447284e-07
4.767303751762597130e-08
9.616502372189472680e-09
1.058219756266964851e-08
4.931999653123853022e-08
1.622117948851808933e-07
3.305718638824117761e-07
5.557824476198902630e-07
8.260221734390782444e-07
1.141262898185502195e-06
1.496117199017987787e-06
1.885911580790100572e-06
2.303222608412980321e-06
2.739989481193028098e-06
3.190494305749247417e-06
3.651321761832804214e-06
4.106043026363970228e-06
4.554319022131991801e-06
4.986345367052891220e-06
5.400693970925019016e-06
5.780478006700562332e-06
6.133094279547890437e-06
6.435278574468128454e-06
6.696656185356530955e-06
6.905083742791973123e-06
7.063510444327292248e-06
7.166672377878491318e-06
7.210467678819831860e-06
7.195107207147444228e-06
7.121297997514375311e-06
6.996378105750267196e-06
6.810034578474954969e-06
6.576793544543768633e-06
6.294807307294369991e-06
5.969897479696228970e-06
5.605263476482491569e-06
5.209342970879937695e-06
4.787516753146370263e-06
4.346695343326878458e-06
3.894431784723373369e-06
3.435245085725568970e-06
2.979122497803743386e-06
2.536683890386193241e-06
2.108037907788684606e-06
1.705771531801403285e-06
1.333142430670619660e-06
9.957229173407355916e-07
7.016825225303335856e-07
4.560591315705408988e-07
2.582595178823865467e-07
1.150924279214038393e-07
3.076145105307404037e-08
0.000000000000000000e+00
