0.000000000000000000e+00
1.080476264014862409e-09
2.282255828767176808e-09
3.546817062272111798e-09
4.822872989862503346e-09
6.080490666526827681e-09
7.294215453867991528e-09
8.446621402313780891e-09
9.526929689585017513e-09
1.053579945509142135e-08
1.146692396591930674e-08
1.232419755137215134e-08
1.311282327165486095e-08
1.382847014674837283e-08
1.447711939217555255e-08
1.506934876882581875e-08
1.560131512867712900e-08
1.607977129225446333e-08
1.652143621910795446e-08
1.690047957136897594e-08
1.725295306620466818e-08
1.756765199978360670e-08
1.784886649591754804e-08
1.809025651500206777e-08
1.829986262524840868e-08
1.849162578615448638e-08
1.866259236038558811e-08
1.880518096797345606e-08
1.891885337279575197e-08
1.902363722106059640e-08
1.910274016747592896e-08
1.916295921944310976e-08
1.921245551539385588e-08
1.923055648056504197e-08
1.924453851831486872e-08
1.923372550116653201e-08
1.921633407953038386e-08
1.916792513600995562e-08
1.911225666617610841e-08
1.903155721905136488e-08
1.894223455867205530e-08
1.881274047654812875e-08
1.867449039849589099e-08
1.851212405590274557e-08
1.833051066491009351e-08
1.811930172568310127e-08
1.788131864799424875e-08
1.760100531988939565e-08
1.729130227889896787e-08
1.695251117261875606e-08
1.656856596365940959e-08
1.614224609536307753e-08
1.566468643687812801e-08
1.514022351933874688e-08
1.455615794565545684e-08
1.391461545985350767e-08
1.319910014618841387e-08
1.242652003519140180e-08
1.158153706271036754e-08
1.065715560244484550e-08
9.658863042716347991e-09
8.585698929586271788e-09
7.444394212186011828e-09
6.236768657075231204e-09
4.981752232957603610e-09
3.706936868574928212e-09
2.441311153233982623e-09
1.225040735519655755e-09
1.292214113490786076e-10
7.719741512701716601e-10
1.388823278603013023e-09
1.589719023087354799e-09
1.249799375102611521e-09
2.037838786606016583e-10
1.661829007737480879e-09
4.466704783823161051e-09
8.243651983264044247e-09
1.296996909871950265e-08
1.843091834707877297e-08
2.428697443157545877e-08
3.010352334076316083e-08
3.524973934965203171e-08
3.914680557492999924e-08
4.130885877806633744e-08
4.142315934707596625e-08
3.951074634134243979e-08
3.581198670943308571e-08
3.076258381362606542e-08
2.499660844978990326e-08
1.911264835285919617e-08
1.357677104074639374e-08
8.751548707941481098e-09
4.859438407223137801e-09
1.933564530709475093e-09
3.833100503669584214e-11
1.171250207931961995e-09
1.594557930140183544e-09
1.451537667840341328e-09
8.774219129037419407e-10
2.220446049250313081e-16
