0.000000000000000000e+00
4.346404347543852964e-10
9.180816107345890487e-10
1.426778029056663399e-09
1.940099747521628615e-09
2.445998847910857421e-09
2.934246179364663476e-09
3.397822356809854227e-09
3.832403616677027003e-09
4.238238648923697838e-09
4.612807136261665164e-09
4.957662280702379576e-09
5.274901737628567844e-09
5.562785565516037423e-09
5.823720727882175652e-09
6.061952273483939280e-09
6.275950759082604691e-09
6.468419577743134141e-09
6.646089567574620105e-09
6.798564045062960304e-09
6.940355290474542471e-09
7.066949803125055496e-09
7.180071648349439783e-09
7.277176972131371713e-09
7.361497300628627727e-09
7.438631821621299878e-09
7.507412136398272651e-09
7.564768145229550100e-09
7.610496788323928286e-09
7.652648847944476529e-09
7.684470837432400003e-09
7.708693128272159356e-09
7.728604201062694301e-09
7.735885487747395928e-09
7.741513652348430696e-09
7.737157803333616357e-09
7.730163509300780333e-09
7.710690086426552625e-09
7.688299219488214931e-09
7.655834521891335953e-09
7.619903485966972312e-09
7.567809823250115642e-09
7.512195088210660288e-09
7.446883554251826354e-09
7.373826105272485165e-09
7.288859182885687460e-09
7.193129536453568562e-09
7.080368402689884988e-09
6.955784392914665659e-09
6.819494413612403605e-09
6.665047402876211891e-09
6.493547810570987622e-09
6.301441257683393360e-09
6.090466908581504413e-09
5.855513074415341634e-09
5.597438623716755046e-09
5.309610418002819188e-09
4.998819691515166141e-09
4.658909258381527252e-09
4.287062593810730959e-09
3.885473942588646423e-09
3.453772712269653766e-09
2.994661518762598007e-09
2.508868557349330786e-09
2.004012289447132389e-09
1.491187728852594319e-09
9.820657620451811454e-10
4.927935837173436084e-10
5.197808849999319136e-11
3.105505852474266248e-10
5.586894280540377622e-10
6.395095564215580453e-10
5.027724903072794405e-10
8.199096956928997315e-11
6.684823805613859804e-10
1.796797266528926684e-09
3.316147023646465186e-09
5.217403065138626062e-09
7.414174829634134767e-09
9.769886344379585807e-09
1.210971101173186071e-08
1.417987827156963476e-08
1.574754981970016843e-08
1.661727810908786296e-08
1.666325699645199165e-08
1.589395315360064842e-08
1.440605557068153075e-08
1.237483149285623085e-08
1.005535177345251441e-08
7.688419123574874448e-09
5.461501806358626254e-09
3.520462255046652444e-09
1.954782447022296310e-09
7.777964938782133686e-10
1.543665195669063905e-11
4.711702139559292846e-10
6.414538900045840819e-10
5.839191352663419821e-10
3.529684322600701307e-10
6.772360450213454897e-15
