0.000000000000000000e+00
7.569129356621573379e-08
1.428500281397404592e-07
2.089812414229896831e-07
2.665957837821864018e-07
3.169496481936207033e-07
3.666303080018806781e-07
4.099278915203896645e-07
4.492854510651511646e-07
4.850686767809975208e-07
5.171856565233667880e-07
5.472145213625267957e-07
5.741513234847062108e-07
5.986657852785626233e-07
6.193662154263535058e-07
6.408870890650675278e-07
6.593606308724631049e-07
6.765375777373350275e-07
6.902768828753735875e-07
7.037518442443158051e-07
7.181371569631167517e-07
7.290755149602645702e-07
7.396228550726746676e-07
7.473197456420166418e-07
7.554692801337026253e-07
7.623284296043308927e-07
7.704237133809854754e-07
7.759170789212177510e-07
7.806118601516587319e-07
7.845394572880692863e-07
7.877258471067349888e-07
7.901919002462065578e-07
7.905865365698261371e-07
7.930225066621332530e-07
7.920402717020991190e-07
7.927527853057725338e-07
7.921183736714354495e-07
7.900877802002881367e-07
7.877063907812953403e-07
7.849606246113083330e-07
7.797407909349018951e-07
7.761659163163514563e-07
7.711264611298673799e-07
7.648998081588587183e-07
7.563838790858312677e-07
7.483489846693558434e-07
7.393327028371032839e-07
7.292699862881946160e-07
7.180867970246751497e-07
7.068120867481653136e-07
6.935190918211375788e-07
6.784468020715195280e-07
6.614623504486161210e-07
6.431982306764894020e-07
6.235161159606761316e-07
6.014562012879309805e-07
5.768079819334914760e-07
5.501671705987476457e-07
5.195608859809297542e-07
4.869073380042721055e-07
4.533199954304123480e-07
4.143996199523769519e-07
3.715837345596995078e-07
3.244784695377589401e-07
2.705478558961971203e-07
2.134848651191845192e-07
1.535878197955753421e-07
8.491052161385681529e-08
7.297286663821012098e-09
7.324622131044122852e-08
1.622597912698253708e-07
2.612425962222886255e-07
3.629701749163771751e-07
4.736773903113444817e-07
5.900535473557511068e-07
7.074362826653413094e-07
8.321852581483213385e-07
9.534963929525019921e-07
1.076143163580844941e-06
1.182116771913932496e-06
1.277453290815522280e-06
1.354991835067487216e-06
1.415502232871013177e-06
1.437631267919847744e-06
1.440222367476984289e-06
1.419531408197727274e-06
1.367324615975107349e-06
1.288761127260507067e-06
1.194419833039361833e-06
1.086843481878929651e-06
9.735931681964515860e-07
8.460183062997117531e-07
7.213439964237622348e-07
6.051213324864690435e-07
4.898771092110010272e-07
3.789523671526850990e-07
2.711297264479384239e-07
1.755910612466493603e-07
8.300181686404783932e-08
2.204647686632199566e-09
