0.000000000000000000e+00
8.285913123406984937e-07
1.252681677277323047e-06
1.527424740799254721e-06
1.727970288856184311e-06
1.885905605458759737e-06
2.031715958472624095e-06
2.164958850969789239e-06
2.294436435845703670e-06
2.411512628808232250e-06
2.518908571280675801e-06
2.624350639912620409e-06
2.723892798317528730e-06
2.816810374506317771e-06
2.902756877976031546e-06
2.979692534821332117e-06
3.050812671379077301e-06
3.118982243921486486e-06
3.179763785832179224e-06
3.238703749630644779e-06
3.293547444327415974e-06
3.343833236524318409e-06
3.388684920224704911e-06
3.429835661705737948e-06
3.468435511355671963e-06
3.503553687611571377e-06
3.532561380303889109e-06
3.562036173021532193e-06
3.591195725016760321e-06
3.617434209290948388e-06
3.637594427452484069e-06
3.658798063854717952e-06
3.676997344603805118e-06
3.692293949253411256e-06
3.705911153506491473e-06
3.720048385114083089e-06
3.732649939802712424e-06
3.737237717849062335e-06
3.747601847070569647e-06
3.751581965527606144e-06
3.758938934228517326e-06
3.759305827966130664e-06
3.761228792642512531e-06
3.760487627624264917e-06
3.758832932909683677e-06
3.758467584935587524e-06
3.754429794167180034e-06
3.745522684783786360e-06
3.740728325651865305e-06
3.731823567276748577e-06
3.716265513764582806e-06
3.708590512685461249e-06
3.690927468436022707e-06
3.677449942562915908e-06
3.656643548399785004e-06
3.635579069904970595e-06
3.613742181052259639e-06
3.588782108376875613e-06
3.563221347202549794e-06
3.531621993957401173e-06
3.497384798545333240e-06
3.465318356044022607e-06
3.426049697385913362e-06
3.382341668523025646e-06
3.338238287353689770e-06
3.290187335136529612e-06
3.235033064430403726e-06
3.174357861679411030e-06
3.112668591209732938e-06
3.044070408964039132e-06
2.973010686080357345e-06
2.889001649908351510e-06
2.803706859122456763e-06
2.713942281795667100e-06
2.618296645051643168e-06
2.512981146729487136e-06
2.406302074930977142e-06
2.284197622604011713e-06
2.157351976839194663e-06
2.026047393188790124e-06
1.877101814207193797e-06
1.717695567116095390e-06
1.523058267727250836e-06
1.258464824238636481e-06
8.145325307573614282e-07
1.617144218535315758e-08
1.714323842438858492e-06
5.341710937689647665e-06
1.259485493321221838e-05
2.598874768311443262e-05
4.601926702973990757e-05
6.696543608830651806e-05
7.591423401176466967e-05
6.590570500342174398e-05
4.469215710045659762e-05
2.505345771552924816e-05
1.209489999187685072e-05
5.109545830217498974e-06
1.632908717241754459e-06
1.665334536937734811e-15
