0.000000000000000000e+00
1.331795784764722157e-10
2.047342295696807923e-10
2.469265902860229289e-10
2.784331654126503963e-10
3.044530183515803401e-10
3.273508131229618812e-10
3.485939314984420889e-10
3.692472994032414135e-10
3.888741550994723184e-10
4.073137382931690809e-10
4.242430851064682429e-10
4.409367315716394842e-10
4.555079646806348137e-10
4.697648936513587614e-10
4.826257171686165748e-10
4.945077680673648501e-10
5.062458230398192427e-10
5.162672511715982182e-10
5.258808943864323737e-10
5.348715914621493539e-10
5.430577099119204831e-10
5.503474342916092610e-10
5.576262784856567123e-10
5.633304933638783041e-10
5.699505312151131875e-10
5.753140186470773187e-10
5.797479163405228064e-10
5.846887418670121406e-10
5.884915887932606893e-10
5.924848389682324523e-10
5.957327964267733478e-10
5.986490192455562465e-10
6.013893827372385203e-10
6.037309541184754380e-10
6.057606638520951492e-10
6.073926916982941293e-10
6.088638482282249242e-10
6.102013339059908503e-10
6.111389172502867950e-10
6.123297424664997379e-10
6.127833795943615769e-10
6.128274554484391956e-10
6.126917861948300015e-10
6.123791473910955574e-10
6.119678097604719369e-10
6.108010763838933599e-10
6.101892324750224361e-10
6.088090032108084415e-10
6.072039537841078527e-10
6.055853596365068370e-10
6.034496236040354233e-10
6.011731112920415399e-10
5.986764417542644878e-10
5.950943071653114202e-10
5.915775647125087744e-10
5.876197306520225538e-10
5.840694594638762283e-10
5.787877954688269710e-10
5.745494080500179734e-10
5.692168958404408841e-10
5.630210742069152730e-10
5.567973859754715704e-10
5.498645982981997804e-10
5.423512750013514960e-10
5.339891862021772795e-10
5.251059587152440145e-10
5.156562954411469946e-10
5.050520002214398119e-10
4.931376418326749445e-10
4.810082332440401842e-10
4.687445986917282426e-10
4.541370612898276704e-10
4.395047659144779573e-10
4.230245043146396711e-10
4.054323543556392906e-10
3.868355635816556060e-10
3.670835857505494459e-10
3.463868081254872777e-10
3.245551605246532745e-10
3.005603543826396162e-10
2.744536820031839852e-10
2.427508194458027901e-10
1.983407882377719034e-10
1.231602597684400280e-10
1.921884873468115984e-11
3.080222743534477559e-10
9.128520161993947113e-10
2.120186470833118619e-09
4.334939185390851435e-09
7.688651493253928493e-09
1.122145854015599298e-08
1.271228722288242352e-08
1.093449741862428937e-08
7.333663898378972590e-09
4.066070258268439375e-09
1.963979645580593569e-09
8.302564191708938779e-10
2.700104584363316462e-10
0.000000000000000000e+00
