0.000000000000000000e+00
4.562853817002832102e-08
8.730552547575598510e-08
1.252945168728203384e-07
1.598740262398479217e-07
1.913232823280708317e-07
2.188058150220939524e-07
2.458991326115267384e-07
2.695205517655452354e-07
2.906242215772181225e-07
3.099010053020379019e-07
3.279379681142557956e-07
3.444615013226126621e-07
3.591743255038082339e-07
3.722262019723032722e-07
3.844162781430071618e-07
3.958338825604812428e-07
4.053655843216930066e-07
4.145252062714988028e-07
4.225155180170858671e-07
4.308772882932743187e-07
4.376634253899780447e-07
4.432596668602073464e-07
4.484345275113099660e-07
4.541332363494632318e-07
4.581567846217993178e-07
4.619569171637749605e-07
4.650608779188658559e-07
4.683726866350212958e-07
4.702401679157475201e-07
4.726422879741676297e-07
4.736354799472763943e-07
4.751796931490304132e-07
4.758211842315063222e-07
4.760509481060992698e-07
4.758704574836514212e-07
4.749827954286800491e-07
4.734885142854139417e-07
4.725457973808744327e-07
4.704931572119264160e-07
4.686796184483199568e-07
4.659181445099136454e-07
4.626798334461668105e-07
4.589427835544057643e-07
4.546813718864228804e-07
4.498659136320526386e-07
4.441537757582381118e-07
4.379143182520195410e-07
4.317292621180968126e-07
4.237759069214419583e-07
4.155660510152259235e-07
4.070563883740163647e-07
3.970949318254923810e-07
3.855744657998982916e-07
3.735165666762796377e-07
3.608490481976645015e-07
3.463016160498710860e-07
3.303169006096950966e-07
3.127501525534981397e-07
2.934400868959130548e-07
2.722076272165807609e-07
2.488549275536655614e-07
2.227638963292477570e-07
1.949008793244999538e-07
1.633830700731309093e-07
1.296198166578221844e-07
9.159878033848656287e-08
5.083499377001032826e-08
5.693756688351925277e-09
4.505055950509984086e-08
9.820861646137046819e-08
1.562885441064310044e-07
2.182070233391897318e-07
2.841560469146742207e-07
3.541015822783322164e-07
4.266714959122452910e-07
5.005655185907897931e-07
5.754298724180983982e-07
6.456288696998768728e-07
7.104477153241361975e-07
7.687842578096848456e-07
8.161503322057228615e-07
8.492468845933132116e-07
8.651870397891059383e-07
8.661947831223315575e-07
8.505597366426087547e-07
8.192622084068901245e-07
7.741817138473550131e-07
7.178350809322608939e-07
6.530613056998646471e-07
5.827191095209016680e-07
5.107881646537748566e-07
4.361830876487005071e-07
3.626955618063476550e-07
2.923804555132747396e-07
2.253826880682652245e-07
1.630801349516985965e-07
1.039596760898930938e-07
5.074808306915201683e-08
0.000000000000000000e+00
