0.000000000000000000e+00
7.512018691535615744e-07
8.431178293299979032e-07
8.641943782805583396e-07
8.707756192771753945e-07
8.732221969953712915e-07
8.742082086010682929e-07
8.746132722503574541e-07
8.747655144691890428e-07
8.748020993154526082e-07
8.747875371861724147e-07
8.747466679892568209e-07
8.746938717774099814e-07
8.746401498616052095e-07
8.745844048974049656e-07
8.745346777860873999e-07
8.744860998666226237e-07
8.744429115248308904e-07
8.744050268294500938e-07
8.743679446032714964e-07
8.743362542862342934e-07
8.743056216786726509e-07
8.742774506576012072e-07
8.742515080761847912e-07
8.742272775696946496e-07
8.742048043242078847e-07
8.741855339611248610e-07
8.741682375745796207e-07
8.741536541290173545e-07
8.741397115041849020e-07
8.741268573420057919e-07
8.741147716762043274e-07
8.741030499415103350e-07
8.740931553008479682e-07
8.740851914490477270e-07
8.740757622138772831e-07
8.740683417052252935e-07
8.740635616399927699e-07
8.740560615283499146e-07
8.740507465576641266e-07
8.740460776257563680e-07
8.740432984044588238e-07
8.740381142180453367e-07
8.740349449753992417e-07
8.740323806932792650e-07
8.740305205146015055e-07
8.740307555488158187e-07
8.740302652743281442e-07
8.740297962051002401e-07
8.740276660201828918e-07
8.740302190890503198e-07
8.740306536303421581e-07
8.740323765854540738e-07
8.740321519873361922e-07
8.740362485992747565e-07
8.740390394779140593e-07
8.740422856590157608e-07
8.740467787315964188e-07
8.740493305792185197e-07
8.740561199260810099e-07
8.740619850122754997e-07
8.740686695540844653e-07
8.740759172010115208e-07
8.740835457654583251e-07
8.740917532001901691e-07
8.741029833281288575e-07
8.741136875434207809e-07
8.741255048683171935e-07
8.741383432653293539e-07
8.741507038223517156e-07
8.741669467182688891e-07
8.741828908531701359e-07
8.742038795084283720e-07
8.742237196379676334e-07
8.742459176591665937e-07
8.742735596589668035e-07
8.742994068722254042e-07
8.743305688341251880e-07
8.743627972762624267e-07
8.743994790449960419e-07
8.744382745673462409e-07
8.744788401182645998e-07
8.745269135523869863e-07
8.745786502784014260e-07
8.746302614381917806e-07
8.746863291442252830e-07
8.747378432705232854e-07
8.747806500286614551e-07
8.748049246110056743e-07
8.747797592967287983e-07
8.746468773690452281e-07
8.742950363682666648e-07
8.734309914215643289e-07
8.713030299478674578e-07
8.656850655208714329e-07
8.482527003028650370e-07
7.765734484355135692e-07
2.933812109917610655e-07
3.180118900436568197e-06
9.388650961273531381e-10
