0.000000000000000000e+00
8.571268367285611589e-07
9.619927224813196176e-07
9.860386731563863805e-07
9.935471269040263564e-07
9.963383865718711263e-07
9.974633241593977573e-07
9.979254480541044359e-07
9.980991402258609924e-07
9.981408833903415712e-07
9.981242652390420744e-07
9.980776372042754474e-07
9.980174028312305268e-07
9.979561097495093236e-07
9.978925136211458380e-07
9.978357782269853260e-07
9.977803558935960382e-07
9.977310859721200131e-07
9.976878648787490533e-07
9.976455570548381502e-07
9.976094035302196517e-07
9.975744518220253099e-07
9.975423144181760904e-07
9.975127206462985896e-07
9.974850750937847010e-07
9.974594312733842116e-07
9.974374454158052572e-07
9.974177197502598347e-07
9.974010783952991233e-07
9.973851692324231522e-07
9.973705037413793661e-07
9.973567142163020094e-07
9.973433434673495412e-07
9.973320537204344305e-07
9.973229678772455031e-07
9.973122061524009041e-07
9.973037420341057668e-07
9.972982869532742711e-07
9.972897310195349974e-07
9.972836720884004080e-07
9.972783447942390467e-07
9.972751733311469025e-07
9.972692611714961686e-07
9.972656421775027979e-07
9.972627160736990959e-07
9.972605932162537101e-07
9.972608674413407925e-07
9.972603027819104682e-07
9.972597680985018087e-07
9.972573400407469535e-07
9.972602512675621256e-07
9.972607483144102503e-07
9.972627115217846949e-07
9.972624577248012656e-07
9.972671290991996784e-07
9.972703135519012108e-07
9.972740122599077495e-07
9.972791443768613817e-07
9.972820534942528070e-07
9.972897974108718699e-07
9.972964944982010138e-07
9.973041161792650655e-07
9.973123856754639860e-07
9.973210932656684236e-07
9.973304528898552235e-07
9.973432653076486076e-07
9.973554789821648114e-07
9.973689601983082298e-07
9.973836088139620415e-07
9.973977121990884598e-07
9.974162429315924783e-07
9.974344332697171467e-07
9.974583765615108177e-07
9.974810141200052271e-07
9.975063421929775132e-07
9.975378718607430528e-07
9.975673602724555167e-07
9.976029192726443284e-07
9.976396853073055127e-07
9.976815296131036348e-07
9.977257990900767481e-07
9.977720776266352232e-07
9.978269208676948665e-07
9.978859510928472787e-07
9.979448341024266256e-07
9.980087982697227744e-07
9.980675744758471524e-07
9.981164093009198268e-07
9.981440988182654905e-07
9.981153874516479618e-07
9.979637871637692115e-07
9.975623780356102088e-07
9.965765996877706812e-07
9.941488362530392919e-07
9.877393779555987408e-07
9.678510185517907871e-07
8.860729637794051428e-07
3.347969896871916262e-07
3.627853918497514485e-06
9.945426951603331123e-10
