0.000000000000000000e+00
1.243050773425125044e-09
2.296499213017000329e-09
3.142725413241009846e-09
3.806050696830709512e-09
4.318782109713481532e-09
4.714826640217495424e-09
5.020563409452449832e-09
5.257935753455456052e-09
5.442501893604401175e-09
5.586954787695219693e-09
5.701837335614357016e-09
5.791838009194805181e-09
5.863664220839837071e-09
5.920479106968912220e-09
5.965315463818399166e-09
6.002739416643976256e-09
6.030851706917417232e-09
6.054699519530970520e-09
6.073490599334263607e-09
6.089018289578973508e-09
6.101984695305873174e-09
6.111936845520915540e-09
6.119488360489810930e-09
6.125312923543901888e-09
6.131141816467788885e-09
6.134550867287202891e-09
6.137641284098549477e-09
6.140140951238493017e-09
6.142682473786464925e-09
6.143976438721665545e-09
6.145392195122667545e-09
6.145555508929589905e-09
6.147290343427869175e-09
6.146993913880294258e-09
6.147183095883690385e-09
6.147474085338444638e-09
6.147649611598637875e-09
6.146845143994994487e-09
6.146791409200602629e-09
6.147685360780030805e-09
6.147802267264523834e-09
6.147851228099909804e-09
6.147263031941463396e-09
6.147072295625832794e-09
6.147713782489461209e-09
6.147354514318692509e-09
6.147324094207817780e-09
6.147983566684445123e-09
6.147584663551697304e-09
6.146946396334840301e-09
6.146593456435311964e-09
6.146520514782594091e-09
6.146235964621382664e-09
6.145025044368424005e-09
6.143460518082122235e-09
6.142033215361664134e-09
6.139934116689005350e-09
6.137928498795020005e-09
6.134834196203087231e-09
6.129938889820607528e-09
6.125407181478692564e-09
6.119528328518697435e-09
6.110279060500545256e-09
6.100857263824366328e-09
6.087806814214502538e-09
6.072335634321746056e-09
6.053476941936253297e-09
6.029820975861355237e-09
5.998242014193522209e-09
5.962105142920393064e-09
5.915742673501256377e-09
5.857590634761322690e-09
5.784308032552587520e-09
5.691625171166947439e-09
5.575965800197479894e-09
5.427860383377947073e-09
5.238562694742654458e-09
4.995146851705101199e-09
4.681505516579420600e-09
4.276297760341662979e-09
3.750239119248988118e-09
3.072911591850413515e-09
2.205963745005590226e-09
1.132451021845781725e-09
1.237048241620186673e-10
1.396785243024112333e-09
2.206161808793183354e-09
1.513378311557289635e-09
2.347979144445844213e-09
1.052923970235042361e-08
2.051473602104891825e-08
2.499280538081904979e-08
1.966240248396644574e-08
9.586135552019925399e-09
1.794374093755379818e-09
1.690804496412567914e-09
2.179059377382941420e-09
1.284981565596865494e-09
2.442490654175344389e-15
