0.000000000000000000e+00
8.661042860680367994e-08
1.828452514951450780e-07
2.846277150636566944e-07
3.874067184828078325e-07
4.876571114698080578e-07
5.851298625625389604e-07
6.775295493532951241e-07
7.642979464872468043e-07
8.449990693826237020e-07
9.198263500875825116e-07
9.888253642564848178e-07
1.051920422323604498e-06
1.109420814326966820e-06
1.161613570777042526e-06
1.209096964660538731e-06
1.251752543063311407e-06
1.290276852472516111e-06
1.325364043402998959e-06
1.357283148761823099e-06
1.385070901749330119e-06
1.409358476922584202e-06
1.432222142216943439e-06
1.451971650578975925e-06
1.469045143975833412e-06
1.484024055420363197e-06
1.497697300845146628e-06
1.508696415242205546e-06
1.518735731731446492e-06
1.526997074341451821e-06
1.533252282692743051e-06
1.537770656367953848e-06
1.541116156800192982e-06
1.543838970219368889e-06
1.544306494571934252e-06
1.543903641265664817e-06
1.541228663359817119e-06
1.537979207322237585e-06
1.533417495092059823e-06
1.528127464789363898e-06
1.520861963477670997e-06
1.510480168387395850e-06
1.499033652985204412e-06
1.485581530014101759e-06
1.470473209641554035e-06
1.453656105154799150e-06
1.433684984841754328e-06
1.412067695993890482e-06
1.387130394103763820e-06
1.359806596656909505e-06
1.329298573882198298e-06
1.294751171831975967e-06
1.256566711682616244e-06
1.214590074627430738e-06
1.167336037055655140e-06
1.115956803521278573e-06
1.059169367212398072e-06
9.966704013208982360e-07
9.284428126310473317e-07
8.544424607848100095e-07
7.746141581499443873e-07
6.884551572161612398e-07
5.966748870545046657e-07
4.999110566616948859e-07
3.990819759103203523e-07
2.969129120344859984e-07
1.954287933703113822e-07
9.799592726178474322e-08
9.827173297338731572e-09
6.313014289105467469e-08
1.123012286496916090e-07
1.286693090962742758e-07
1.012984957027285304e-07
1.808344385345606042e-08
1.316130971984463827e-07
3.564328823202345120e-07
6.592636238034188523e-07
1.038171908662732790e-06
1.477639369418248805e-06
1.949300260539743590e-06
2.416205178490393735e-06
2.830492972893949855e-06
3.143071747535586269e-06
3.316645362350101323e-06
3.328590745255155525e-06
3.173642690201816663e-06
2.873739522235574384e-06
2.470117371089486369e-06
2.006272673882314450e-06
1.532637844969819696e-06
1.088326678222450994e-06
7.008210469727771397e-07
3.885557768867897721e-07
1.542783399921532350e-07
3.890103905668240714e-09
9.444527382385103920e-08
1.284775432708329390e-07
1.164598174563380439e-07
7.070607477288604059e-08
0.000000000000000000e+00
