0.000000000000000000e+00
1.062498460324690086e-07
2.004479298101102813e-07
2.897044973915186006e-07
3.716230945194354263e-07
4.448768692322246920e-07
5.114704001440983916e-07
5.726135569039669804e-07
6.276219072232080975e-07
6.753754577815129778e-07
7.214912732811384899e-07
7.639287651350912256e-07
8.005949991840566327e-07
8.348925915058202918e-07
8.675906281174761148e-07
8.945124093662215614e-07
9.217812201312014508e-07
9.447275983731628912e-07
9.665617110021784697e-07
9.853818840888095565e-07
1.003392811504966176e-06
1.019196966711710672e-06
1.031606129631157387e-06
1.045682972877770567e-06
1.056258471687776535e-06
1.067628987660995676e-06
1.076475502848062149e-06
1.083667418466660592e-06
1.090715938567576870e-06
1.096205736517141816e-06
1.100659507979884211e-06
1.103624954090776100e-06
1.106568929487572461e-06
1.107582415560415257e-06
1.108598018717543709e-06
1.108177669073562299e-06
1.106799164873883967e-06
1.103204990138273445e-06
1.101125929880986121e-06
1.095538202044998854e-06
1.089684627308962206e-06
1.083731638651386220e-06
1.076182423509486341e-06
1.068754505784141884e-06
1.057536289761351611e-06
1.045815019362628107e-06
1.035030832485794861e-06
1.020483810121319834e-06
1.005376964458015721e-06
9.867232775295775582e-07
9.689836372173132872e-07
9.465132450037216927e-07
9.247180252636155728e-07
8.977450376423945499e-07
8.711400468763841332e-07
8.382498760672874027e-07
8.058735300187080952e-07
7.692032752970590082e-07
7.266720706278206876e-07
6.816583444368973232e-07
6.338794602545050338e-07
5.794968412908829691e-07
5.196714043531613925e-07
4.513146268925183335e-07
3.794814678048652468e-07
2.997866980214425325e-07
2.143589574732374103e-07
1.161422306106274505e-07
1.250554104714751702e-08
1.047644139218206760e-07
2.272092998190089475e-07
3.642298154193923665e-07
5.067258714852584944e-07
6.613889810269668601e-07
8.242326475782491002e-07
9.965364820008204561e-07
1.165213367571027447e-06
1.341034746582536741e-06
1.502258559216151923e-06
1.657841651292457641e-06
1.793065974253771344e-06
1.896118419719705628e-06
1.978698424776048626e-06
2.015295779256298658e-06
2.016377486424580923e-06
1.979981464783620027e-06
1.908362203484337272e-06
1.802183151711211906e-06
1.672190476864621189e-06
1.521362727241459822e-06
1.356468672275568110e-06
1.185887487764603065e-06
1.013740817290553764e-06
8.452086848187434498e-07
6.835732202503663757e-07
5.276892498518037655e-07
3.784207021073626720e-07
2.420736610053708660e-07
1.159808014072893911e-07
0.000000000000000000e+00
