0.000000000000000000e+00
1.982665687183526870e-08
3.740267107144035208e-08
5.405858483076286802e-08
6.934619956044940636e-08
8.301564025092744714e-08
9.544224877089391157e-08
1.068519192015671138e-07
1.171166786884114686e-07
1.260265868330279204e-07
1.346321308881570644e-07
1.425519154940602107e-07
1.493932461071878492e-07
1.557933323459437247e-07
1.618956833038254217e-07
1.669186511232823023e-07
1.720078331990393394e-07
1.762896106871636448e-07
1.803640218289714880e-07
1.838758408867491312e-07
1.872368281530256695e-07
1.901859362218871752e-07
1.925008369374481276e-07
1.951282257994790825e-07
1.971011516221921056e-07
1.992235054704138975e-07
2.008742975290189747e-07
2.022162465253884989e-07
2.035316090109873244e-07
2.045560193453255238e-07
2.053871083207425841e-07
2.059403904075551850e-07
2.064898300124795583e-07
2.066788675758601812e-07
2.068684639144890980e-07
2.067900228830410470e-07
2.065327932010418976e-07
2.058615627964499595e-07
2.054741480295163569e-07
2.044309106441488666e-07
2.033385279043287142e-07
2.022277575397524174e-07
2.008190413960164733e-07
1.994335321331419664e-07
1.973396005494620908e-07
1.951522753396162102e-07
1.931405861910207022e-07
1.904259789853313123e-07
1.876070804263108016e-07
1.841255938828112448e-07
1.808159639793416318e-07
1.766222316179621998e-07
1.725558522736037048e-07
1.675218722629878698e-07
1.625580197117670878e-07
1.564197150694113247e-07
1.503789583967574117e-07
1.435362642077109285e-07
1.355988901163840410e-07
1.271991224571777934e-07
1.182843616387430075e-07
1.081363665278445296e-07
9.697271985409372519e-08
8.421572461614346139e-08
7.081143638121289996e-08
5.593997765007685530e-08
4.000025100037163384e-08
2.167092916227630894e-08
2.333396809106602632e-09
1.955171058387605854e-08
4.239843964803924337e-08
6.796932039421221816e-08
9.455725269447157189e-08
1.234181036258163999e-07
1.538055098837531887e-07
1.859619944699630878e-07
2.174342066396661721e-07
2.502483265054422645e-07
2.803290336528263538e-07
3.093666215425727728e-07
3.346010727378612160e-07
3.538250563650535696e-07
3.692417038791973027e-07
3.760647592221388891e-07
3.762660905071157913e-07
3.694743823112744963e-07
3.561103140148347279e-07
3.362962004427316742e-07
3.120392939592875337e-07
2.838939808791351993e-07
2.531234387648240158e-07
2.212920997557432656e-07
1.891686642885304082e-07
1.577200476887696823e-07
1.275608678685813402e-07
9.847189408329626303e-08
7.061492812709957434e-08
4.517196794395772486e-08
2.164250234581999166e-08
0.000000000000000000e+00
