0.000000000000000000e+00
7.968391502188865161e-10
3.197991982339942751e-09
7.127559320529996967e-09
1.256468307175850896e-08
1.938396732015235102e-08
2.753054095805396173e-08
3.682036675556332739e-08
4.713434109682168582e-08
5.830919247440391473e-08
7.015155034650888410e-08
8.246694194191661609e-08
9.504391940140521911e-08
1.077264859539184272e-07
1.202381851861389350e-07
1.325095055904057517e-07
1.441275935265551311e-07
1.551686894529780147e-07
1.652266519158729352e-07
1.741642192687464785e-07
1.821284048020288537e-07
1.886060767564146090e-07
1.936374000033325160e-07
1.972288538043542871e-07
1.992684993679105787e-07
1.996438880880191391e-07
1.983957256257440349e-07
1.955743358372785679e-07
1.913559305455336812e-07
1.855951230478325442e-07
1.783136868160895006e-07
1.698975343744635325e-07
1.603964893126530455e-07
1.497785743209689713e-07
1.385174867030158907e-07
1.264962969926841652e-07
1.140936792820568257e-07
1.014955701705844149e-07
8.884887525706375300e-08
7.637273602423277907e-08
6.427469534386887062e-08
5.272201297756851091e-08
4.199215175582082793e-08
3.217435962099557401e-08
2.344595773084989787e-08
1.597721266399787510e-08
9.795980471238863174e-09
5.100483813080813889e-09
1.902098922812456294e-09
3.115262492414672124e-10
3.390770997313552471e-10
1.927345505414734816e-09
5.055489915584132632e-09
9.763274189111825763e-09
1.589016029868162150e-08
2.342655780473990035e-08
3.218251609649058764e-08
4.199625536216444743e-08
5.273606584754730875e-08
6.423309517611386354e-08
7.632273901769792701e-08
8.873545731535870118e-08
1.014648024488806755e-07
1.141271974702817715e-07
1.264187013960693662e-07
1.383689297584922429e-07
1.497330569533161793e-07
1.602600909755835801e-07
1.698082615630980285e-07
1.782533722849422020e-07
1.854123554689834918e-07
1.912262115322249656e-07
1.956500496058666272e-07
1.983342938771670561e-07
1.995664504761407443e-07
1.990986193689536776e-07
1.971425308555652123e-07
1.935822402376885520e-07
1.884876132951518457e-07
1.819943267200585524e-07
1.741527744236748276e-07
1.651385970191654451e-07
1.550454766796605099e-07
1.440944668029686682e-07
1.323882754533656225e-07
1.202976946945710779e-07
1.077366171831073416e-07
9.501617925788963248e-08
8.241120408314372980e-08
7.013559488733278613e-08
5.828771099114504750e-08
4.714359180812977002e-08
3.684398286463164141e-08
2.756155681460370488e-08
1.939176141885212701e-08
1.253373016485426206e-08
7.099948517996779174e-09
3.167992201902336546e-09
7.869773721580486381e-10
0.000000000000000000e+00
