0.000000000000000000e+00
1.149683978762805481e-05
2.016117102032755071e-05
2.679654239712281338e-05
3.180734194552226057e-05
3.580783432088896490e-05
3.895733367409448533e-05
4.146656846393259599e-05
4.353250467059588402e-05
4.526224007694867879e-05
4.665766564848627951e-05
4.787295115193934691e-05
4.885584293834455138e-05
4.974648627897870767e-05
5.049531019618580530e-05
5.113768382869476881e-05
5.166683282531447929e-05
5.218005786800095080e-05
5.261609858420168706e-05
5.299559468541215068e-05
5.333171681498605210e-05
5.363035591454679007e-05
5.389640328978817507e-05
5.413394380637814862e-05
5.432606629096614625e-05
5.453126114196571450e-05
5.470184989164739164e-05
5.485478463163051543e-05
5.499184381807520339e-05
5.511982337569332202e-05
5.521029120536535828e-05
5.532714526490511986e-05
5.539496081541361860e-05
5.548526886400839686e-05
5.553886490639037277e-05
5.561586933133799704e-05
5.566581760085842490e-05
5.568421170443205170e-05
5.573720434992601724e-05
5.576950662067314823e-05
5.578963039176709771e-05
5.580285220285752246e-05
5.578579987286502728e-05
5.580385650649777318e-05
5.578349628831968943e-05
5.578800928429661354e-05
5.576721907174508885e-05
5.573423122995357915e-05
5.570416981182102489e-05
5.564281942105342438e-05
5.560552269734397868e-05
5.555156342273992465e-05
5.546473942519281053e-05
5.540083991040223310e-05
5.529926725367229068e-05
5.521951455700335742e-05
5.510869412606034246e-05
5.498471015141781493e-05
5.484624021834250129e-05
5.468635635863527966e-05
5.451940720069270441e-05
5.432712282738005882e-05
5.408621166280713766e-05
5.387229354325562269e-05
5.358199038096866929e-05
5.327959604528587079e-05
5.293915285453643094e-05
5.257735081076742034e-05
5.214209096293664913e-05
5.164667709978143506e-05
5.107386395375446142e-05
5.042905791574625596e-05
4.967635730335207001e-05
4.880068952961558182e-05
4.777458595406347541e-05
4.656330493757465661e-05
4.508836840710905847e-05
4.338685360849581230e-05
4.127492058003667807e-05
3.865434876526574470e-05
3.546797994546935229e-05
3.137581111489762264e-05
2.624161282682724305e-05
1.948052850286874360e-05
1.057653797631452619e-05
1.314893658732607662e-06
1.729143819195755327e-05
3.880236657216595830e-05
6.732784002261293921e-05
1.027280424262810854e-04
1.414340746920261793e-04
1.739451477635878263e-04
1.860155767006155259e-04
1.715330558884620160e-04
1.380296377018197518e-04
9.900997431133706783e-05
6.414129185960959489e-05
3.641458848957501715e-05
1.557574860300281472e-05
2.623169059745578124e-08
