0.000000000000000000e+00
2.113905905876123370e-08
3.101662515714309620e-08
3.031577167078580715e-08
2.474155347265138971e-08
1.441247510225451833e-08
1.843530217371380786e-09
1.080424172350546996e-08
2.436253065951632379e-08
3.887687460846223075e-08
5.262757274415719166e-08
6.529159379820015374e-08
7.675079238822490879e-08
8.699985232230034171e-08
9.657982702471201719e-08
1.055745469935587266e-07
1.139796741433940497e-07
1.210087029468454034e-07
1.265766125246869933e-07
1.323496726657324984e-07
1.363497704742755445e-07
1.401568237024974906e-07
1.435396489446461032e-07
1.468489251310600707e-07
1.498857314929935569e-07
1.521700585538354744e-07
1.539179669274304274e-07
1.550601715916144485e-07
1.566447942469295640e-07
1.574619070687788280e-07
1.587439415473568260e-07
1.615177638303322283e-07
1.621030101262022072e-07
1.625350227740796072e-07
1.596475934784180595e-07
1.635395021626351308e-07
1.596086713906430532e-07
1.623917869064683828e-07
1.607938233672001616e-07
1.577261179441791228e-07
1.575699202227553997e-07
1.553713119273325560e-07
1.540871729099890786e-07
1.536025195925105891e-07
1.504061872825701585e-07
1.481115359247553442e-07
1.452333572293795783e-07
1.417410654402928571e-07
1.380113140436733943e-07
1.349312515053213701e-07
1.298794010118342612e-07
1.232777542270468984e-07
1.160610909600734431e-07
1.083126025536174097e-07
1.000896674430151734e-07
9.035607229090913961e-08
8.161014830587731694e-08
6.824353870893418161e-08
5.636860755942052492e-08
4.312523094185394257e-08
2.896984996336726681e-08
1.509214042627604613e-08
6.030276278323754013e-10
1.015062944809130840e-08
2.121656972331464885e-08
2.682224842232017181e-08
2.874716664713616865e-08
2.114946062725664433e-08
1.854066788986585834e-09
3.308364848741973674e-08
8.946110718888178326e-08
1.715732755869225912e-07
2.869547770512070883e-07
4.403316640200216625e-07
6.385512423268124849e-07
8.866235243765174801e-07
1.181427417118463552e-06
1.521471598264767522e-06
1.893523505325234169e-06
2.276346208640589452e-06
2.639620209854420807e-06
2.961681175528418919e-06
3.201552780884853178e-06
3.331215445157020838e-06
3.338914892792033129e-06
3.220740064202587405e-06
2.991967134269302164e-06
2.682516059393513785e-06
2.318062406359011618e-06
1.940776467534988114e-06
1.564154221367353159e-06
1.220630529985555768e-06
9.190282030946406167e-07
6.645629031520883245e-07
4.598470719763270154e-07
3.000376368467172483e-07
1.799814719483094905e-07
9.579761162115119077e-08
3.685408689335645249e-08
1.998401444325281773e-15
