0.000000000000000000e+00
4.846893775223293233e-09
7.495114973110617029e-09
9.602198147717899701e-09
1.125124082790307511e-08
1.252703407672584035e-08
1.351634693058656467e-08
1.428416696036549638e-08
1.488205336741543761e-08
1.535299243293763993e-08
1.572601970867282262e-08
1.602322297067360068e-08
1.626104650931381457e-08
1.645070724087815961e-08
1.660538728742722014e-08
1.673163529947174766e-08
1.683398598295582360e-08
1.691772544276659573e-08
1.698655149873218306e-08
1.704243057787380167e-08
1.709175379005500872e-08
1.713099351263736025e-08
1.716395725548380824e-08
1.719179132386727815e-08
1.721334030868604259e-08
1.723230580452650429e-08
1.724801390601271578e-08
1.726166865001488304e-08
1.727416865104913768e-08
1.728361520569876575e-08
1.729179532894420390e-08
1.729860976684705065e-08
1.730320708936972096e-08
1.730682464007315957e-08
1.731022636342061105e-08
1.731558374462593974e-08
1.731740817412230626e-08
1.731966670082130122e-08
1.732198395831829885e-08
1.732259635733868208e-08
1.732400145559864768e-08
1.732506793583610261e-08
1.732462329151474023e-08
1.732408194676793300e-08
1.732503074336477766e-08
1.732397614251368623e-08
1.732161403200649374e-08
1.732037169244193819e-08
1.732031740253603402e-08
1.731762044876461459e-08
1.731530696602590069e-08
1.731034438012812871e-08
1.730702214874924039e-08
1.730135601452076344e-08
1.729755572110747153e-08
1.729062981681295241e-08
1.728374843246172077e-08
1.727374665527747766e-08
1.725996434664978096e-08
1.724813536441160977e-08
1.723211673354541063e-08
1.721255249442776858e-08
1.718942432837877732e-08
1.715986208683517589e-08
1.712634323247641532e-08
1.708651731213706171e-08
1.703765917238087013e-08
1.698083229584312903e-08
1.691048023833019442e-08
1.682522088319871045e-08
1.672210103720317420e-08
1.659295389977444302e-08
1.643437430587368908e-08
1.624073087125310622e-08
1.599907539784339860e-08
1.569454644023693390e-08
1.531295068524229919e-08
1.483249012501630659e-08
1.421981576932296321e-08
1.343430633404807395e-08
1.242246727706231013e-08
1.111192748926015383e-08
9.420459967657279776e-09
7.269847501767401354e-09
4.565330002925804820e-09
1.745114053264273934e-09
2.068989091164041838e-09
4.744215909013860255e-09
4.417976762205455543e-09
2.434781820603859614e-09
1.849552577759538963e-08
3.871622533679897060e-08
4.787724050547836896e-08
3.695626316080335982e-08
1.661429982480200351e-08
1.387984283063303792e-09
4.671497411123937127e-09
4.569790212904933924e-09
1.758223011627535470e-09
2.092524179105048621e-11
