0.000000000000000000e+00
2.915757538191066089e-06
3.400150899501852564e-06
3.553757844665383914e-06
3.620518632563296535e-06
3.655240636168954893e-06
3.675726541363388833e-06
3.688725177863894089e-06
3.697523712209438429e-06
3.703763928553094331e-06
3.708304547322960332e-06
3.711837802122808228e-06
3.714515808606044800e-06
3.716674403464459431e-06
3.718407802555390163e-06
3.719828279513670566e-06
3.720998849376933038e-06
3.721997591243919601e-06
3.722816311446663917e-06
3.723567858382459406e-06
3.724186603437651399e-06
3.724704309759907517e-06
3.725192437853408478e-06
3.725585439262601994e-06
3.725948710786575191e-06
3.726276881610424141e-06
3.726574129392368206e-06
3.726828866956743980e-06
3.727039217471528332e-06
3.727243386708600781e-06
3.727432573041866704e-06
3.727608115511316100e-06
3.727755985227787505e-06
3.727888940541213003e-06
3.727991854662882076e-06
3.728115721579605690e-06
3.728211856457441797e-06
3.728287019000298130e-06
3.728374203593176617e-06
3.728441888006805982e-06
3.728490731269573644e-06
3.728537047442692653e-06
3.728581619455439977e-06
3.728624743293273980e-06
3.728666336022534722e-06
3.728664334401443625e-06
3.728709350392378497e-06
3.728711123196504218e-06
3.728728060981012504e-06
3.728728499852174139e-06
3.728723019014168472e-06
3.728711576167498265e-06
3.728678053316336616e-06
3.728670417313395546e-06
3.728640387890003183e-06
3.728577056660853373e-06
3.728560295956917514e-06
3.728509599620899451e-06
3.728451280271549706e-06
3.728368573763241045e-06
3.728299025063108729e-06
3.728225317134459260e-06
3.728130769320436855e-06
3.728025217308861272e-06
3.727896727423463119e-06
3.727776757611600544e-06
3.727614319437577706e-06
3.727441252543428618e-06
3.727272025244587894e-06
3.727088492833097177e-06
3.726835683504070573e-06
3.726614049126553141e-06
3.726333244524759891e-06
3.726017474559029097e-06
3.725661117059964056e-06
3.725226536910319908e-06
3.724797665527468382e-06
3.724271648519739131e-06
3.723666117894097738e-06
3.722930788763179066e-06
3.722144972240215566e-06
3.721179958504627905e-06
3.719995196438397045e-06
3.718652479167694480e-06
3.716972059475409651e-06
3.714879322047615062e-06
3.712267821032178006e-06
3.708936860413736269e-06
3.704538469651019739e-06
3.698590475775809239e-06
3.690254588462060781e-06
3.678034435017352166e-06
3.659043278037010793e-06
3.627115942150815897e-06
3.567120374081689249e-06
3.433578090183964093e-06
3.037473455869132977e-06
9.448504765252607740e-07
2.111414134320366287e-05
4.440892098500626162e-16
