0.000000000000000000e+00
1.576812014292272579e-10
6.103704208726412617e-10
1.387875703251495452e-09
2.484265904101334854e-09
3.842581697277580588e-09
5.438911765409670807e-09
7.270043345108945232e-09
9.324984340253195114e-09
1.156301288052219434e-08
1.388789283573999001e-08
1.632607093959848044e-08
1.883632227972498185e-08
2.134493803929160549e-08
2.384603925431605376e-08
2.625192885297167322e-08
2.857179171034118781e-08
3.072132570558494535e-08
3.277145954605487077e-08
3.455621455650259577e-08
3.606069864936500835e-08
3.735363029999660966e-08
3.834531081547964959e-08
3.909871004736942268e-08
3.947246263180659298e-08
3.957470273707741626e-08
3.939155335253019530e-08
3.876168253036382794e-08
3.788300018126022906e-08
3.678890347913466030e-08
3.540092308185194270e-08
3.368989054397530936e-08
3.172947005136705911e-08
2.968243673073800437e-08
2.748664951202073325e-08
2.508136565104734927e-08
2.260464404546524975e-08
2.012395949879675072e-08
1.762213208689189514e-08
1.509894609341699834e-08
1.271084149045975664e-08
1.043851816096008633e-08
8.316564326094066928e-09
6.381104422636951767e-09
4.648982310229143877e-09
3.186321428927385568e-09
1.953114447950099475e-09
1.022265161410018663e-09
4.015685561853388208e-10
7.455469575035067464e-11
5.540634617773321224e-11
3.673692461347854987e-10
9.855081195553339057e-10
1.922079495564332774e-09
3.155068650784187412e-09
4.634595596186841249e-09
6.344305636396541104e-09
8.301808018806866585e-09
1.043788810939361156e-08
1.272857286238604502e-08
1.512250413782112446e-08
1.757748613329113141e-08
2.005877874911021763e-08
2.253586273148755481e-08
2.503898999250964152e-08
2.742438454106377321e-08
2.963560641333629064e-08
3.174047724652240277e-08
3.366304968110966911e-08
3.533320147575125247e-08
3.672824755440728950e-08
3.785825863911185252e-08
3.878965215697860458e-08
3.931773340237754155e-08
3.954860994248576844e-08
3.943776460957337804e-08
3.907972634387135713e-08
3.836787432209831650e-08
3.733738229705352296e-08
3.607438192609890848e-08
3.449327423687975624e-08
3.271472281962672923e-08
3.068127052419100664e-08
2.851971792061647193e-08
2.625257022881299918e-08
2.383962738328193609e-08
2.129504461656495096e-08
1.878843280955777573e-08
1.631193058404534213e-08
1.391664539163173231e-08
1.155628326365842895e-08
9.341136197882349279e-09
7.281995229035942430e-09
5.438089312193028491e-09
3.826776895365924247e-09
2.469209503530578331e-09
1.383886338857109877e-09
6.182072631588653167e-10
1.516542447177471331e-10
0.000000000000000000e+00
