0.000000000000000000e+00
2.942268650940604857e-11
1.138967808955726468e-10
2.589808367758905661e-10
4.635734018876291884e-10
7.170375404541573516e-10
1.014913264540950877e-09
1.356608159142069781e-09
1.740061095212297460e-09
2.157683476333716044e-09
2.591511227834075726e-09
3.046481289459279651e-09
3.514898372358743472e-09
3.983010699037947688e-09
4.449724255728426670e-09
4.898663918950774132e-09
5.331561192534195470e-09
5.732668117985895151e-09
6.115226769409787266e-09
6.448264922020996437e-09
6.729006463146447459e-09
6.970269805783857464e-09
7.155318559881607143e-09
7.295901216508582365e-09
7.365649423718423350e-09
7.384726163905952490e-09
7.350547726048262120e-09
7.233011856122573136e-09
7.069049123842319204e-09
6.864889434687881931e-09
6.605889391053665349e-09
6.286605458427629856e-09
5.920787193858245701e-09
5.538805303295646354e-09
5.129066615872091006e-09
4.680238530063718372e-09
4.218074778350455745e-09
3.755171618102792763e-09
3.288327166117710476e-09
2.817498345741853427e-09
2.371872143136499744e-09
1.947849881389629445e-09
1.551890060902394453e-09
1.190727294542170966e-09
8.675101748067959306e-10
5.945748338120893095e-10
3.644565760296814005e-10
1.907591862249091719e-10
7.493394793556262812e-11
1.391042836473843636e-11
1.033939600603162035e-11
6.855160883389999071e-11
1.838965646427936917e-10
3.586639873986996463e-10
5.887430543083382872e-10
8.648273208677892399e-10
1.183860565134864373e-09
1.549134931444484664e-09
1.947729977302969928e-09
2.375176277880086673e-09
2.821890499049573009e-09
3.279996940719343002e-09
3.743008125667302011e-09
4.205242820631838185e-09
4.672331632704640469e-09
5.117448909075505981e-09
5.530065294578889734e-09
5.922839774186172690e-09
6.281596354185126074e-09
6.593250501119030105e-09
6.853569489706501372e-09
7.064433260595137654e-09
7.238231347628243384e-09
7.336772966937132878e-09
7.379853839140082528e-09
7.359169829079803549e-09
7.292362269595287216e-09
7.159530746037034987e-09
6.967233789900717511e-09
6.731559754058480394e-09
6.436520094688091831e-09
6.104638128334727298e-09
5.725191654093464422e-09
5.321840745864392375e-09
4.898786931661902599e-09
4.448525436906436425e-09
3.973703921467119926e-09
3.505962631322745438e-09
3.043844620798097367e-09
2.596879045135835895e-09
2.156429479427401930e-09
1.743076905036389235e-09
1.358837486975517095e-09
1.014758721495923055e-09
7.140841251640495102e-10
4.607596526540191917e-10
2.582369873493917112e-10
1.153593887082138281e-10
2.830180534374449053e-11
0.000000000000000000e+00
