0.000000000000000000e+00
3.799473180521317772e-09
1.502225099869747282e-08
3.336921339247567175e-08
5.875797393084525311e-08
9.070248296882965633e-08
1.290497061434692228e-07
1.726479723629381624e-07
2.209848208867271069e-07
2.733644108854349497e-07
3.287837699872397934e-07
3.864279379817148197e-07
4.454466657755062897e-07
5.050927085470391376e-07
5.637001558866927553e-07
6.210848105814292808e-07
6.755692625315390387e-07
7.274504681964444330e-07
7.745222979638199945e-07
8.163840611308259554e-07
8.537083333592931922e-07
8.840543823662727618e-07
9.078125713379847639e-07
9.247031629300295208e-07
9.340617801445461055e-07
9.358955416205461120e-07
9.299752476987777072e-07
9.169651891127728049e-07
8.970700603461168043e-07
8.700820171014811422e-07
8.360077353719574944e-07
7.965003875343157347e-07
7.517968135806185614e-07
7.021420165287395321e-07
6.492674053948377377e-07
5.930466605574835626e-07
5.349478414684583072e-07
4.757950078371209202e-07
4.165080075280158667e-07
3.580151399784625710e-07
3.012978196936799691e-07
2.471133661030577855e-07
1.969076055541307824e-07
1.508652487380857110e-07
1.099878247368124562e-07
7.491363462897027148e-08
4.587647195464228389e-08
2.381192176770241531e-08
8.857687028296368226e-09
1.453569486997707827e-09
1.577050379175659600e-09
9.075850071482705061e-09
2.378053243212718826e-08
4.580216239613577045e-08
7.446450456249920080e-08
1.097390056603586572e-07
1.508351608059399496e-07
1.968279866870759065e-07
2.472792175467475317e-07
3.011596360069646039e-07
3.578479331745043623e-07
4.160457428570296656e-07
4.757349240103181387e-07
5.350186578212401400e-07
5.927027783014793272e-07
6.488805768256611373e-07
7.020912486943586828e-07
7.515814017811095482e-07
7.961965325931075199e-07
8.357495888677846096e-07
8.693887127986243968e-07
8.966773474838873881e-07
9.173017755381707161e-07
9.301111432158393200e-07
9.358227472944236069e-07
9.337037132350900492e-07
9.243244089018887166e-07
9.076830369547650434e-07
8.839613632183329628e-07
8.534878979116200526e-07
8.166975689061217736e-07
7.743864491871477185e-07
7.269742366977638426e-07
6.757373323118542885e-07
6.208611019742349413e-07
5.640209466140078121e-07
5.050706679554650691e-07
4.456142765896231595e-07
3.865664198743345992e-07
3.289175813936395798e-07
2.732668601401755382e-07
2.210075240594022716e-07
1.727025363829071125e-07
1.292311804235168893e-07
9.108288678838505348e-08
5.890655074836104177e-08
3.332862708038675237e-08
1.482069778013794803e-08
3.625026390174923563e-09
3.330669073875469621e-16
