0.000000000000000000e+00
1.528438264841724958e-09
6.043093025986934208e-09
1.342363431522386463e-08
2.363691975482140606e-08
3.648742596951137784e-08
5.191359397915817908e-08
6.945213715248144126e-08
8.889690472635436436e-08
1.099679710625522944e-07
1.322618693455623884e-07
1.554507625955992012e-07
1.791926061978088569e-07
2.031868139296122422e-07
2.267632194241642196e-07
2.498477269519128185e-07
2.717655509520966461e-07
2.926361419852696599e-07
3.115720231816609953e-07
3.284120069224627514e-07
3.434266609980696217e-07
3.556341228172499314e-07
3.651914259883426439e-07
3.719860278694753219e-07
3.757506769064278274e-07
3.764882365864252733e-07
3.741064997786480717e-07
3.688726946116105410e-07
3.608691704348743201e-07
3.500123171296110058e-07
3.363048202142948639e-07
3.204117091648583937e-07
3.024282806407541102e-07
2.824530862532981246e-07
2.611826381837545341e-07
2.385661267423344611e-07
2.151941203010210302e-07
1.913981273471421218e-07
1.675481708929282831e-07
1.440177059830460848e-07
1.212015184881565233e-07
9.940425993448798181e-08
7.920755229484655047e-08
6.068569802231138510e-08
4.424159105731462205e-08
3.013200200463472811e-08
1.845098984709636625e-08
9.574910420084847829e-09
3.559161187993709063e-09
5.806546354847341718e-10
6.303384481043394771e-10
3.646947188684634966e-09
9.562332814461171893e-09
1.842115926464771292e-08
2.995140790940098441e-08
4.414158771837151107e-08
6.067368785167559508e-08
7.917563404902239199e-08
9.947111256902729792e-08
1.211460870509384335e-07
1.439506209788277147e-07
1.673624185904998285e-07
1.913741682901815011e-07
2.152228285590140899e-07
2.384280062273091971e-07
2.610272336056596032e-07
2.824328686479304906e-07
3.023418227998675434e-07
3.202896612375383256e-07
3.362011423702071511e-07
3.497335827606917746e-07
3.607113617798418659e-07
3.690082792662252587e-07
3.741613514574027022e-07
3.764591167687569850e-07
3.756067870064327963e-07
3.718338045244351520e-07
3.651394355763670774e-07
3.555968072221915577e-07
3.433380736383995213e-07
3.285382010886905846e-07
3.115174280754473557e-07
2.924445922092289152e-07
2.718331653106531576e-07
2.497577316074028886e-07
2.268922543180451612e-07
2.031779240407871612e-07
1.792600062833216157e-07
1.555064379488158011e-07
1.323156635368860634e-07
1.099286981443015065e-07
8.890600144972893304e-08
6.947406305801706594e-08
5.198657304639198173e-08
3.664043324302923565e-08
2.369667639889883048e-08
1.340729538501506113e-08
5.962003890580547250e-09
1.458260845410563888e-09
0.000000000000000000e+00
