0.000000000000000000e+00
3.999464759374404821e-09
6.134977192928658951e-09
7.422319869831994765e-09
8.367674553255710634e-09
9.139030865412678395e-09
9.835751102471590457e-09
1.047440090218287878e-08
1.108862279775024717e-08
1.168398688911054251e-08
1.223760170976362360e-08
1.275598915384534848e-08
1.324590293005911690e-08
1.371042068765149224e-08
1.410892958020326660e-08
1.451731457269289649e-08
1.488224676826632731e-08
1.521339632049034662e-08
1.553169803880649624e-08
1.580312425364382989e-08
1.609059174789706503e-08
1.632720203481596855e-08
1.654920889215816260e-08
1.675904648390513785e-08
1.694104012628372402e-08
1.710581110092590507e-08
1.728922327526305480e-08
1.743403310605629031e-08
1.757102574551083762e-08
1.769138990859175919e-08
1.779386238354163652e-08
1.790738057838581199e-08
1.799772975097368999e-08
1.807567462375203604e-08
1.814130212718367829e-08
1.820004991159862584e-08
1.825713780156945631e-08
1.829960394328367101e-08
1.833076912483022625e-08
1.837601670828803435e-08
1.840000740660485690e-08
1.840879781944693150e-08
1.841933894297653751e-08
1.842116759132039761e-08
1.840448660139770709e-08
1.839158181304867412e-08
1.836177254688209359e-08
1.832637375187573525e-08
1.829168905231881581e-08
1.824910578207550316e-08
1.819990425033779502e-08
1.814043781855900761e-08
1.806970506557092904e-08
1.798233428829121294e-08
1.788605519248420705e-08
1.778065927826588677e-08
1.766690971294337942e-08
1.755348655319011186e-08
1.739940125311534302e-08
1.725679044106698257e-08
1.708914298959030020e-08
1.692232909356050641e-08
1.673987548578281803e-08
1.652856174150230117e-08
1.630640966698848615e-08
1.605651001046481952e-08
1.577598340851693592e-08
1.550102923797425092e-08
1.516148095959124475e-08
1.482288480847415713e-08
1.445641983899292882e-08
1.408442074080085149e-08
1.366258506330098044e-08
1.319816478329016718e-08
1.269104643597529503e-08
1.218106704392596384e-08
1.163080598498567042e-08
1.103602398355718606e-08
1.041683683755678658e-08
9.770919406903999516e-09
9.047344873280849242e-09
8.264399942170541635e-09
7.297074722245611156e-09
5.982617290456460069e-09
3.709284546182800568e-09
5.567599714595417026e-10
9.187408500643812204e-09
2.731720394333336799e-08
6.363796856145853553e-08
1.301595646818753949e-07
2.310141997696746330e-07
3.371118938444439550e-07
3.822460712399333715e-07
3.288239297516426518e-07
2.202810147622358272e-07
1.222225278763033884e-07
5.904668998191198170e-08
2.499919637966030450e-08
8.091537107013380137e-09
2.220446049250313081e-16
