0.000000000000000000e+00
4.475907346979113299e-07
8.686457428908056499e-07
1.246523472442362390e-06
1.579198951828786335e-06
1.887077385021029841e-06
2.172222710150606417e-06
2.436557590912435955e-06
2.660328878301143618e-06
2.874982897638211909e-06
3.072373680801376850e-06
3.250113323804981746e-06
3.402980514488618269e-06
3.552453407440481215e-06
3.680534928607315237e-06
3.800868998427020529e-06
3.914209950162117480e-06
4.015863786177575889e-06
4.100222348868420852e-06
4.188037280417056252e-06
4.260013591661504506e-06
4.329116783052811002e-06
4.389382843528188971e-06
4.437828359460382899e-06
4.489497600790315346e-06
4.532187910744056580e-06
4.569670925880231493e-06
4.604273708963546596e-06
4.632070491616957497e-06
4.655324919666803396e-06
4.668841515731436687e-06
4.688791714668738564e-06
4.699222664994451293e-06
4.705551078787451047e-06
4.707817708449191230e-06
4.706037138757501737e-06
4.694875056721059536e-06
4.690262452977655983e-06
4.668767857207711813e-06
4.657818554631987240e-06
4.629709458692232715e-06
4.607856056826342694e-06
4.570460413355625917e-06
4.536956783152135131e-06
4.494906439722612390e-06
4.449497489122933302e-06
4.396189491995272647e-06
4.334557284768614238e-06
4.270574570641727519e-06
4.197333480115972293e-06
4.116409430210410392e-06
4.024952630632405715e-06
3.922785717147547757e-06
3.818514782927273643e-06
3.699629282705174660e-06
3.562505109022673366e-06
3.425390806777173225e-06
3.263295174971148072e-06
3.089813114476314126e-06
2.903751543881227803e-06
2.689426575663844687e-06
2.455474435558713253e-06
2.212236174248261023e-06
1.930602554711668972e-06
1.618065755826236796e-06
1.289202980703230139e-06
9.093096282608570391e-07
5.021473019617417322e-07
6.634911475789095903e-08
4.200996329695172449e-07
9.492680846934220540e-07
1.521907419199663991e-06
2.137333973029065248e-06
2.798903436684874180e-06
3.493512864771730619e-06
4.221194967235497586e-06
4.930854339613155446e-06
5.655927300729501894e-06
6.362051126806989032e-06
7.004635092289213105e-06
7.577605416808630423e-06
8.032167463811745733e-06
8.381485538166977278e-06
8.532222665724731314e-06
8.542171349379401590e-06
8.387818870914109937e-06
8.078845209702478769e-06
7.633809123719359491e-06
7.077561656410047419e-06
6.443062217975636941e-06
5.763320868434895772e-06
5.039197341849543932e-06
4.288708568944699095e-06
3.578387324232323863e-06
2.876113853300665824e-06
2.215879417732935508e-06
1.593552828804689625e-06
1.030452571937345851e-06
4.920135847630291437e-07
0.000000000000000000e+00
