0.000000000000000000e+00
1.894788914658107615e-08
2.350395733596855052e-08
2.554581934877120375e-08
2.662235365491483208e-08
2.725643344358985587e-08
2.765978324159590329e-08
2.793570763603980822e-08
2.812994059908646705e-08
2.827319633968983226e-08
2.838145296557570418e-08
2.846556435009972574e-08
2.853269542857361785e-08
2.858772674141363268e-08
2.863181114420854101e-08
2.866859494243811923e-08
2.869957438367265468e-08
2.872674043086220763e-08
2.874935578489612453e-08
2.876840066168284693e-08
2.878582239240756735e-08
2.880058358467607604e-08
2.881355309902744466e-08
2.882474092746889482e-08
2.883521532659472086e-08
2.884429139982103152e-08
2.885227334825657408e-08
2.885944294650499842e-08
2.886589467454570013e-08
2.887168448761912032e-08
2.887686678665346562e-08
2.888150718582949139e-08
2.888594330396898613e-08
2.888976879944493703e-08
2.889308570175330715e-08
2.889617078949413553e-08
2.889892014579231727e-08
2.890153660839445138e-08
2.890388761667139761e-08
2.890564365642944722e-08
2.890743766581493901e-08
2.890919714726436496e-08
2.891053507703134073e-08
2.891160899576306065e-08
2.891266304150263977e-08
2.891319683673287955e-08
2.891386308156995710e-08
2.891431638563091155e-08
2.891434069951515085e-08
2.891444095265427450e-08
2.891424955020482912e-08
2.891389094816787519e-08
2.891333861221312418e-08
2.891266093207889298e-08
2.891164296858761418e-08
2.891068107135907894e-08
2.890940509203687725e-08
2.890791173104645395e-08
2.890588357562506872e-08
2.890392014620601913e-08
2.890183437020965584e-08
2.889958927720925885e-08
2.889666728123074790e-08
2.889368755365495645e-08
2.889016126328414202e-08
2.888646244425530085e-08
2.888217487395650096e-08
2.887772398985077871e-08
2.887250749594727495e-08
2.886690719794415827e-08
2.886050209927049082e-08
2.885341199299062964e-08
2.884557137594612186e-08
2.883666327946343699e-08
2.882634986267618160e-08
2.881539906685048891e-08
2.880267735427821663e-08
2.878764959746149543e-08
2.877102589504687558e-08
2.875169957672341070e-08
2.872948046128698252e-08
2.870437154633975751e-08
2.867410997531294470e-08
2.863798276298012979e-08
2.859453063219774549e-08
2.854143554831267693e-08
2.847725832921810252e-08
2.839544610555577719e-08
2.829124412517813880e-08
2.815415645063268357e-08
2.796784071001923166e-08
2.770734819357301149e-08
2.732820114648149001e-08
2.673762067306739709e-08
2.575004909299849487e-08
2.390762032788984470e-08
1.992987130883250302e-08
6.666832974566716530e-09
7.216968481715824169e-07
2.220446049250313081e-16
