0.000000000000000000e+00
1.980194808126611861e-08
3.840034834556860233e-08
5.448483020309424774e-08
7.014131764293551896e-08
8.358173320122119776e-08
9.622781893536824782e-08
1.077689619766175610e-07
1.178145895286419886e-07
1.272164396048935942e-07
1.360383280468724365e-07
1.438100026840416490e-07
1.508816339645946414e-07
1.570637032655142207e-07
1.629258558066837281e-07
1.682603650854375132e-07
1.731130031545902170e-07
1.776198492731140277e-07
1.813915990744874307e-07
1.853952453778617837e-07
1.886823119967573348e-07
1.915152800791020127e-07
1.943230583112409704e-07
1.967187824858385170e-07
1.985038254881388298e-07
2.007477685195269146e-07
2.024094059027703452e-07
2.038516235813858657e-07
2.047404515925776991e-07
2.061153303589691177e-07
2.069518791891766796e-07
2.075993117411911726e-07
2.080618447530824255e-07
2.083424582854931373e-07
2.081034052858754535e-07
2.082353083299182117e-07
2.079762819739983115e-07
2.075355438613257775e-07
2.068274245203838291e-07
2.060963305572371951e-07
2.050884653215234721e-07
2.036654065395993030e-07
2.025939077610061645e-07
2.009591741902738704e-07
1.990950713182115805e-07
1.966348216475566346e-07
1.946248688877716404e-07
1.917621745839426239e-07
1.886913352233676733e-07
1.856695339697012059e-07
1.822192420286583570e-07
1.780261723594023238e-07
1.737620669572947918e-07
1.689664921311617718e-07
1.636943955940495243e-07
1.577968797850104465e-07
1.516865415496226888e-07
1.444302393238672266e-07
1.370104716347242402e-07
1.285639369408286825e-07
1.191113906395813160e-07
1.090618563237555350e-07
9.752108987015617458e-08
8.528296024934434172e-08
7.186243577983475461e-08
5.690825288784395752e-08
4.012545362641617430e-08
2.244862817857296022e-08
2.320370340314070745e-09
1.885631062403803071e-08
4.231008410293668476e-08
6.813410402539687993e-08
9.496491371052684372e-08
1.240156400905689793e-07
1.546029638754831126e-07
1.863374012867069496e-07
2.189559622500780733e-07
2.513766432787889471e-07
2.823741381829947272e-07
3.110795926408727041e-07
3.355734189414150137e-07
3.559386014817533805e-07
3.703969927437711362e-07
3.787990057180223857e-07
3.785273045009418524e-07
3.720609995649937218e-07
3.583703559462136923e-07
3.386503991675837710e-07
3.136563253569590870e-07
2.853330181018520761e-07
2.548951054670567373e-07
2.234182592264488676e-07
1.907482761742684829e-07
1.583610942379465314e-07
1.278797598924796830e-07
9.836174585942103477e-08
7.110895960948937500e-08
4.525475671979251047e-08
2.157051393059106204e-08
0.000000000000000000e+00
