0.000000000000000000e+00
7.964492620970986536e-09
1.544565042532752841e-08
2.191475867441283754e-08
2.821272604425217878e-08
3.361854428174382292e-08
3.870540710160241815e-08
4.334773662240110070e-08
4.738816827831726641e-08
5.116993406772962771e-08
5.471866837414296469e-08
5.784472090208936379e-08
6.068920133106558978e-08
6.317566358937654059e-08
6.553365972106206527e-08
6.767942350993649825e-08
6.963135623649918671e-08
7.144431946048968030e-08
7.296130100087339088e-08
7.457197892524192184e-08
7.589417638786954967e-08
7.703365623168423326e-08
7.816313041253408755e-08
7.912679278465617472e-08
7.984460226317935394e-08
8.074743163000164259e-08
8.141581819831600342e-08
8.199594092594963968e-08
8.235326098837703057e-08
8.290650421738376963e-08
8.324300282414043295e-08
8.350343094765122487e-08
8.368947879144883473e-08
8.380235527738477685e-08
8.370599935414446691e-08
8.375919990921687486e-08
8.365500969720329749e-08
8.347772229022609736e-08
8.319279509727550703e-08
8.289880848444397543e-08
8.249339822352652618e-08
8.192083111868697642e-08
8.149002961310713999e-08
8.083246683110445474e-08
8.008264240633167219e-08
7.909280530515871988e-08
7.828452963654086716e-08
7.713286587218703971e-08
7.589757455850332235e-08
7.468224771933762440e-08
7.329445750325902509e-08
7.160764370350847230e-08
6.989255707523511774e-08
6.796357643334971499e-08
6.584292588929230305e-08
6.347058023603580068e-08
6.101297067573341337e-08
5.809398018197242664e-08
5.510969769417783937e-08
5.171219241706381808e-08
4.790995633552341815e-08
4.386778085230247370e-08
3.922541047529648495e-08
3.430304096330161201e-08
2.890500816477015178e-08
2.289001443944727043e-08
1.613913602760419508e-08
9.029480829703118161e-09
9.329815808811758870e-10
7.584221806133939481e-09
1.701772667228595992e-08
2.740513183052684099e-08
3.819615035371981548e-08
4.988057089594377658e-08
6.218291670467834820e-08
7.494651532713447750e-08
8.806588924770153426e-08
1.011060642985839308e-07
1.135730097745479839e-07
1.251180118400085917e-07
1.349676664874621679e-07
1.431581245769919519e-07
1.489729624104541017e-07
1.523536147240989180e-07
1.522427796052383542e-07
1.496426311753396021e-07
1.441365538035199734e-07
1.362055835896214262e-07
1.261530092611096165e-07
1.147618028385366529e-07
1.025203676396913011e-07
8.986163801960600495e-08
7.672150326154536515e-08
6.369444094378451382e-08
5.143497838755450857e-08
3.956238703306524940e-08
2.860122838566070413e-08
1.820211792402659512e-08
8.675924534351509010e-09
0.000000000000000000e+00
