0.000000000000000000e+00
1.487810418632218301e-05
1.838810330279105898e-05
1.997162398559293450e-05
2.080496622625105374e-05
2.129514519222386326e-05
2.160941392537196748e-05
2.182179508358750297e-05
2.197294124306470309e-05
2.208374579515393066e-05
2.216760835693776244e-05
2.223282361735190449e-05
2.228476979482252318e-05
2.232704817117792118e-05
2.236131993516021765e-05
2.239049744623411442e-05
2.241413574133321873e-05
2.243462728512835014e-05
2.245219830832034802e-05
2.246724707677394406e-05
2.248043076957806363e-05
2.249229116313422594e-05
2.250232652156736179e-05
2.251099013728108389e-05
2.251910431505521615e-05
2.252605063057799839e-05
2.253230889370794188e-05
2.253787146844210554e-05
2.254283024449854622e-05
2.254735403872665245e-05
2.255146227125859326e-05
2.255507709902904168e-05
2.255833779152283114e-05
2.256136030609479093e-05
2.256401825972975672e-05
2.256638094844110043e-05
2.256853842275141631e-05
2.257037851505216963e-05
2.257229674174077161e-05
2.257384998061162662e-05
2.257522158788383138e-05
2.257651469594890159e-05
2.257742540701102030e-05
2.257820688500444817e-05
2.257892027857089090e-05
2.257950813189246730e-05
2.258002333166420073e-05
2.258029207635736668e-05
2.258039368585595952e-05
2.258052136805410726e-05
2.258032346580396421e-05
2.257997504373498998e-05
2.257964524121636174e-05
2.257909216840658928e-05
2.257838467190076415e-05
2.257765918545207029e-05
2.257651484760536675e-05
2.257529558014059745e-05
2.257392258442347810e-05
2.257239640068853248e-05
2.257090038559894651e-05
2.256896801600127844e-05
2.256663810340509002e-05
2.256429824021299879e-05
2.256176267334542018e-05
2.255885221646991567e-05
2.255550638730063895e-05
2.255193030831215140e-05
2.254796095502165088e-05
2.254361643982960572e-05
2.253872041158011541e-05
2.253318786449298727e-05
2.252709228534044428e-05
2.252005904668230585e-05
2.251223577698358014e-05
2.250375631840384472e-05
2.249351771455021520e-05
2.248225929335490036e-05
2.246930309290906536e-05
2.245498964492664840e-05
2.243784682498528582e-05
2.241732217611591693e-05
2.239380383384226292e-05
2.236588885107249070e-05
2.233266978490799914e-05
2.229210368631662220e-05
2.224134797390586726e-05
2.217866157139258831e-05
2.209776505635030475e-05
2.199182692552703600e-05
2.184720923781302560e-05
2.164547574856623413e-05
2.135007509118658220e-05
2.089295087093212544e-05
2.012876665280494137e-05
1.870327993491738283e-05
1.562096882012919963e-05
5.345732033257277749e-06
5.676522895325941676e-04
1.110223024625156540e-16
