0.000000000000000000e+00
9.709822115233635031e-07
1.201546399709485513e-06
1.305680044305645993e-06
1.360495918811821525e-06
1.392742305039718076e-06
1.413417424211971252e-06
1.427389946462298553e-06
1.437333991161082736e-06
1.444624002422401077e-06
1.450141497105761346e-06
1.454432167036223689e-06
1.457849849839654155e-06
1.460631467775641568e-06
1.462886316749845150e-06
1.464805994055851102e-06
1.466361244206737524e-06
1.467709453306653700e-06
1.468865514997474975e-06
1.469855619995463769e-06
1.470723021590458757e-06
1.471503356720305078e-06
1.472163628446487849e-06
1.472733641705303853e-06
1.473267497109631563e-06
1.473724527523145866e-06
1.474136274604020969e-06
1.474502263065780028e-06
1.474828513203796376e-06
1.475126155892070301e-06
1.475396451011690147e-06
1.475634291647764940e-06
1.475848825371883777e-06
1.476047681858716487e-06
1.476222563523421627e-06
1.476378012621459845e-06
1.476519957743782641e-06
1.476641031450398600e-06
1.476767237496012797e-06
1.476869429639648956e-06
1.476959674340250217e-06
1.477044746400757447e-06
1.477104670688511590e-06
1.477156090001763289e-06
1.477203029009999113e-06
1.477241707736887122e-06
1.477275599071070644e-06
1.477293279483760102e-06
1.477299970353840308e-06
1.477308363861951079e-06
1.477295346830054257e-06
1.477272428607179222e-06
1.477250726078516152e-06
1.477214332856746637e-06
1.477167782648614036e-06
1.477120047943536463e-06
1.477044762276946699e-06
1.476964540558789452e-06
1.476874207595457733e-06
1.476773794140129326e-06
1.476675362876989084e-06
1.476548219803142104e-06
1.476394934640801182e-06
1.476240988562693701e-06
1.476074157458207026e-06
1.475882669410566450e-06
1.475662525174392670e-06
1.475427250263727785e-06
1.475166084397017130e-06
1.474880247265275557e-06
1.474558124714420160e-06
1.474194107675685927e-06
1.473793054707073225e-06
1.473330315748810904e-06
1.472815594150134189e-06
1.472257691870204610e-06
1.471584067713749278e-06
1.470843332906923706e-06
1.469990893898653894e-06
1.469049162761137950e-06
1.467921275422057192e-06
1.466570893060570313e-06
1.465023536706411278e-06
1.463186923400527917e-06
1.461001335134604062e-06
1.458332370529724642e-06
1.454993018734640486e-06
1.450868721386555649e-06
1.445546365830274738e-06
1.438576517354128725e-06
1.429061989521862586e-06
1.415789956382695891e-06
1.396356062111081542e-06
1.366284046011578823e-06
1.316016623342797232e-06
1.222271836409660750e-06
1.019763271159490614e-06
3.484062635061846436e-07
3.685670650832584272e-05
0.000000000000000000e+00
