0.000000000000000000e+00
4.203323522578017446e-08
6.049030387700327083e-08
5.973292682703856826e-08
4.569052269864926075e-08
2.737857984769220820e-08
2.253695896570206969e-09
2.307738022899741281e-08
5.136868941324479465e-08
8.199264778241399654e-08
1.088067514976032157e-07
1.341198084814365643e-07
1.558806547174995671e-07
1.790580118621321049e-07
1.970545132623513496e-07
2.152769160712608709e-07
2.299539423322727316e-07
2.443597200141311987e-07
2.568183584683580989e-07
2.686722312406075730e-07
2.769616379572070741e-07
2.845468073386925312e-07
2.922493409496240702e-07
2.995698111796230023e-07
3.044705628729715841e-07
3.096149744363785317e-07
3.119916162086511235e-07
3.160499714160991402e-07
3.180267803548630923e-07
3.197044114999769704e-07
3.236809912321447769e-07
3.249216454781489460e-07
3.254442694222703381e-07
3.250997809844946573e-07
3.256067496737458100e-07
3.257327760852746223e-07
3.242132309289047498e-07
3.245646797989110155e-07
3.226577570680788654e-07
3.206528778054718032e-07
3.185657383442119794e-07
3.156413732607887823e-07
3.123925492731771669e-07
3.110934595484948773e-07
3.042036613720711102e-07
3.015415231955032027e-07
2.938179013423081187e-07
2.848456969184454124e-07
2.779416814480129005e-07
2.707082535913230004e-07
2.573837634134434893e-07
2.473166867966725135e-07
2.318467339224028478e-07
2.173093159862915513e-07
2.000427090642631356e-07
1.828493395583663528e-07
1.584841459179031631e-07
1.352896331630049076e-07
1.107189324667245955e-07
8.444357446624195518e-08
5.569531769111790709e-08
2.662387277307942668e-08
2.690040412645089418e-10
2.563442580427732764e-08
4.602654346541612540e-08
6.009113040494895586e-08
6.071181879452325347e-08
4.589055346837511706e-08
7.657258049853510329e-09
6.357531168177388281e-08
1.723014896315433475e-07
3.388795556391599462e-07
5.694726344929179618e-07
8.821653794122141790e-07
1.282873882901824913e-06
1.788351689846479076e-06
2.382000364842262741e-06
3.074378732925708846e-06
3.828631673030713500e-06
4.601226899159094330e-06
5.336354249263486338e-06
5.979256926358367252e-06
6.467238238494488201e-06
6.721662026087926733e-06
6.748430504854852074e-06
6.517656907178981385e-06
6.053873201405934878e-06
5.426274874098524492e-06
4.695340461213781680e-06
3.920469022866690523e-06
3.166180401414919743e-06
2.467836965558412032e-06
1.855580792908817500e-06
1.345255547180457256e-06
9.325793767223089503e-07
6.087584274450108524e-07
3.684231834055751165e-07
1.928061733602604022e-07
7.626023235118850607e-08
0.000000000000000000e+00
