0.000000000000000000e+00
2.178402538355328488e-07
3.805655743871483310e-07
5.049545437341151910e-07
6.012583919634550966e-07
6.759270471112799328e-07
7.359173979093469598e-07
7.839079965155093532e-07
8.227265709814801653e-07
8.552570627262667813e-07
8.817957538598264478e-07
9.046655202737952095e-07
9.237924017968524026e-07
9.398651369396660016e-07
9.541845877869548076e-07
9.663494324740895536e-07
9.769390985070458555e-07
9.862047052333622332e-07
9.941517429279400631e-07
1.001313421844507445e-06
1.007903104865981447e-06
1.013559715046241649e-06
1.018599115498730612e-06
1.023098642582986884e-06
1.026944269066909499e-06
1.030727637463257906e-06
1.033757303425808516e-06
1.036681096411307124e-06
1.039278269887589090e-06
1.041774294163744230e-06
1.043851049820077037e-06
1.045533175592083808e-06
1.046985231623054347e-06
1.048604696407551273e-06
1.049901108829409679e-06
1.051005956709261113e-06
1.051952743469364293e-06
1.052914165633467292e-06
1.053379611759552859e-06
1.053918219251492872e-06
1.054112721554645304e-06
1.054527183463882523e-06
1.054835685909694121e-06
1.054665989430603190e-06
1.054531965749561095e-06
1.054268947697778458e-06
1.054038895498266015e-06
1.053510873205709686e-06
1.052491659936372059e-06
1.052034094395359887e-06
1.050883845277184037e-06
1.049953321952123986e-06
1.048664942659982557e-06
1.047196470649325306e-06
1.045172561608964656e-06
1.043662849475879284e-06
1.041563462589323308e-06
1.039042481165708409e-06
1.036591608882808657e-06
1.033463677968526895e-06
1.030196904450164652e-06
1.026578770879638114e-06
1.022690518936997250e-06
1.017746640852301709e-06
1.012860880278410036e-06
1.007327553592674008e-06
1.000664161088238302e-06
9.934174519665717185e-07
9.853714136864866191e-07
9.757479575434047092e-07
9.652604854304414062e-07
9.529299817012670815e-07
9.384099717291150000e-07
9.215799703365945561e-07
9.024228655452048997e-07
8.794774997156196150e-07
8.524324114356218729e-07
8.196099281487789767e-07
7.793690384172435870e-07
7.304329732171765954e-07
6.694960534847638201e-07
5.931071951348343418e-07
4.943603248985795062e-07
3.669678996232050849e-07
1.988872002645081238e-07
2.435858259541845428e-08
3.261863930070774131e-07
7.337956936526168761e-07
1.269704097195401005e-06
1.937075452485004234e-06
2.664470893365411541e-06
3.270488974971286211e-06
3.499643821180953296e-06
3.224539625312772273e-06
2.598353690541621575e-06
1.866860735333375487e-06
1.212571787423399883e-06
6.882972576338630688e-07
2.954083810902119467e-07
0.000000000000000000e+00
