0.000000000000000000e+00
5.412265191573339962e-09
2.178430003052511665e-08
4.909074680092828658e-08
8.641538828957351370e-08
1.335624914000632657e-07
1.900215131911409117e-07
2.541410715206637860e-07
3.252829642308441294e-07
4.022250419399853172e-07
4.839516213328565186e-07
5.687135533616327621e-07
6.557529513839810420e-07
7.435954780810050124e-07
8.302047000974255297e-07
9.136448572144573177e-07
9.944726233612755095e-07
1.070160636662542686e-06
1.140086577477994467e-06
1.202000357580779166e-06
1.256160007567785897e-06
1.301551311172488568e-06
1.336065699852895250e-06
1.360955883766834518e-06
1.374952486199454427e-06
1.377651535405810534e-06
1.368735020879086051e-06
1.350426693913497900e-06
1.319660837162395239e-06
1.280248360213676051e-06
1.230719152367498737e-06
1.173017569189305220e-06
1.107445934844797364e-06
1.035309313723864477e-06
9.563627755282411158e-07
8.733588735543307280e-07
7.879985538528089251e-07
7.005632763901203930e-07
6.131974885636992667e-07
5.271646560389697811e-07
4.437969352011350566e-07
3.644492910792607177e-07
2.903883508098559219e-07
2.226523850845651964e-07
1.622022784975030163e-07
1.102266887764713488e-07
6.789153628172783783e-08
3.545539895011273757e-08
1.383250125552848431e-08
2.897502349163971758e-09
2.724089620542713419e-09
1.373318392339228922e-08
3.579893104177500618e-08
6.815478392763196780e-08
1.107804834532544191e-07
1.623415631923919022e-07
2.226278332795317283e-07
2.903438452994677732e-07
3.644571933136830921e-07
4.441705762081582520e-07
5.276939588627627131e-07
6.137673487227601754e-07
7.010748147573409028e-07
7.880844080654370032e-07
8.735622490929628725e-07
9.565511915887725536e-07
1.034540436983810707e-06
1.107679194256583344e-06
1.173142715749087017e-06
1.231311356653108646e-06
1.281470018432706581e-06
1.321223991879172388e-06
1.350437333180742883e-06
1.369987034594011277e-06
1.378078870906129794e-06
1.375202560716104472e-06
1.361066090055373934e-06
1.337693414038554351e-06
1.304444950389616054e-06
1.257790529951563485e-06
1.202460009452899214e-06
1.140180256098410894e-06
1.070727509211444328e-06
9.953201721701887550e-07
9.147008412924151344e-07
8.301497769203081134e-07
7.435669047151094446e-07
6.561463685716972805e-07
5.692051252559338081e-07
4.843075519511685911e-07
4.024749146180894854e-07
3.253898692712198226e-07
2.541472272632461227e-07
1.899887640544051237e-07
1.339333046690427409e-07
8.688076491569773907e-08
4.928691155203779317e-08
2.197703274919859950e-08
5.469468322694126527e-09
0.000000000000000000e+00
