0.000000000000000000e+00
8.617331181959286823e-08
9.758072661014693949e-08
9.996382721588759068e-08
1.006077142706729433e-07
1.007921025530933434e-07
1.008332758400953821e-07
1.008252609180360082e-07
1.008011332181979469e-07
1.007730636715109540e-07
1.007464306423955236e-07
1.007207210967919764e-07
1.006985616003319706e-07
1.006783763024543532e-07
1.006611798359813292e-07
1.006455465635269775e-07
1.006321519447794799e-07
1.006203351749945796e-07
1.006096878031215169e-07
1.006002343650891362e-07
1.005917766860875417e-07
1.005842594770101073e-07
1.005773244688867862e-07
1.005713400337171493e-07
1.005661299791071883e-07
1.005614853610836690e-07
1.005568602829853830e-07
1.005525394059958444e-07
1.005488530214648790e-07
1.005455443348068911e-07
1.005426806255371730e-07
1.005399823394981240e-07
1.005374317131213502e-07
1.005353820193732872e-07
1.005332321835084031e-07
1.005311153212673503e-07
1.005297303180441304e-07
1.005282230792658993e-07
1.005265353182238641e-07
1.005253434938069290e-07
1.005245424678946620e-07
1.005233882800382617e-07
1.005226106798318142e-07
1.005226393235858495e-07
1.005217676874892163e-07
1.005212981741721023e-07
1.005212511007158582e-07
1.005210238380627175e-07
1.005207093118798412e-07
1.005209164794962362e-07
1.005207735937929669e-07
1.005209425697373149e-07
1.005212744153993754e-07
1.005213734472931719e-07
1.005222576289099834e-07
1.005231711204146450e-07
1.005235882312049966e-07
1.005244321117260142e-07
1.005254173236380666e-07
1.005265770626095900e-07
1.005281936583557467e-07
1.005296800249411149e-07
1.005313391422291147e-07
1.005329264280874213e-07
1.005350722671494168e-07
1.005370302564756457e-07
1.005394947295457087e-07
1.005421506050652170e-07
1.005452713309651358e-07
1.005487270111515841e-07
1.005524166153293208e-07
1.005562729750053563e-07
1.005606546922166444e-07
1.005651217855785262e-07
1.005710263957126926e-07
1.005763794470482253e-07
1.005829920464051952e-07
1.005904211037744744e-07
1.005993672809069039e-07
1.006079577425822436e-07
1.006183364404833469e-07
1.006301061368120031e-07
1.006436733952398299e-07
1.006587765361999232e-07
1.006756524812857378e-07
1.006955065996351095e-07
1.007177854450702625e-07
1.007424552668112483e-07
1.007695475951919661e-07
1.007971089928005881e-07
1.008221414133814164e-07
1.008336347751992434e-07
1.008043606365305322e-07
1.006531445968406047e-07
1.001181811899343188e-07
9.818195856325928617e-08
8.937846107670566198e-08
2.701733159415908858e-08
5.850925959283159727e-07
3.108624468950438313e-15
