0.000000000000000000e+00
2.355443384782773819e-08
9.794527133788477613e-08
2.267828871360677567e-07
4.075172426176720819e-07
6.355215607101172282e-07
8.986965966961690810e-07
1.201639777348439964e-06
1.541371994262519252e-06
1.914677574266221427e-06
2.302786578756155222e-06
2.703853908436748554e-06
3.120448513693752091e-06
3.539332227631142302e-06
3.954875061662477265e-06
4.354534539063870113e-06
4.737820189060215625e-06
5.091416418689931334e-06
5.421556250162495871e-06
5.727188700399565846e-06
5.986045282346807994e-06
6.202960416645808550e-06
6.366653726774806898e-06
6.482371152083388210e-06
6.548070513368031698e-06
6.564047958290686324e-06
6.528254442139669322e-06
6.431763705405657561e-06
6.282997222495367851e-06
6.094643399734422928e-06
5.861771965598450151e-06
5.577522427469006061e-06
5.261751366170130950e-06
4.919587914709033782e-06
4.549800993958186268e-06
4.152643771404562756e-06
3.734875223315725634e-06
3.322374841796538192e-06
2.905770586481004614e-06
2.491015492100956408e-06
2.095855452632910954e-06
1.719274568268147618e-06
1.366202990293885478e-06
1.041799900347584185e-06
7.551134698635664222e-07
5.100455835460593335e-07
3.050017969297158515e-07
1.473044433097925321e-07
4.327076641441607308e-08
8.648458393878399875e-09
8.229722459063282258e-09
4.395948904889479536e-08
1.491714419765699517e-07
3.076951486935541880e-07
5.109699539040946092e-07
7.576962777200435539e-07
1.043265444589103197e-06
1.363835691825521224e-06
1.720026585161349431e-06
2.100427783813252347e-06
2.495361195675727117e-06
2.907692734366307263e-06
3.327036654399151416e-06
3.740907149607508586e-06
4.152596091655524901e-06
4.551482789105776305e-06
4.919834705741088499e-06
5.265707051060886101e-06
5.584385416534942692e-06
5.864809858091568628e-06
6.102722131640092584e-06
6.289560558592199868e-06
6.431839601139799356e-06
6.523492211196746382e-06
6.567614362684714990e-06
6.553808489462298326e-06
6.493934632922915284e-06
6.369744876444372039e-06
6.192601773369332818e-06
5.985973156485968616e-06
5.735229340331216008e-06
5.436592109053783872e-06
5.091283745484176393e-06
4.736507834612879719e-06
4.358835715256859089e-06
3.958778890367220527e-06
3.550198284907324364e-06
3.130246523763702271e-06
2.709094783948096108e-06
2.301986768760144741e-06
1.916054555683999183e-06
1.545462704699573919e-06
1.201847424692203958e-06
8.996042525355463226e-07
6.349715570008740428e-07
4.127939375875300243e-07
2.308247685212094780e-07
9.983429893889450568e-08
2.429037981865889151e-08
0.000000000000000000e+00
