0.000000000000000000e+00
5.064470398608023061e-09
9.549126489538650731e-09
1.390710990811783176e-08
1.774541147359087745e-08
2.123630749029103981e-08
2.440982638240996039e-08
2.723962477801933346e-08
2.991650038808302270e-08
3.224850209093688136e-08
3.441779594659521990e-08
3.644087842591403614e-08
3.823553218484931904e-08
3.986880714457186059e-08
4.135527420512374874e-08
4.270795228578094793e-08
4.393844643679756246e-08
4.500478123503626193e-08
4.602872483161490891e-08
4.694355548728879057e-08
4.782874163389294608e-08
4.853221513556604805e-08
4.916829432488611928e-08
4.977705403419463437e-08
5.041051098775284345e-08
5.089079557762943296e-08
5.131250224721384257e-08
5.167851624410246814e-08
5.195026886450904158e-08
5.221210663819420006e-08
5.242452971732092237e-08
5.254181023595094757e-08
5.269998226697936161e-08
5.277124182079262482e-08
5.284374371417044358e-08
5.273612013745321292e-08
5.275799530579661223e-08
5.259907787102946486e-08
5.244677736548908342e-08
5.224018417848697027e-08
5.198435992781469395e-08
5.167762273661224981e-08
5.126992874693314661e-08
5.085454035658187877e-08
5.047136231173254828e-08
4.989458024518000911e-08
4.928751262678332523e-08
4.866737557396305647e-08
4.792332575220825674e-08
4.709914147582594524e-08
4.618850724114054174e-08
4.518428853295120007e-08
4.398002462213668196e-08
4.286189447810784259e-08
4.152446997363057335e-08
4.005471931911586125e-08
3.843980533879687300e-08
3.666534409418886753e-08
3.471528342569030201e-08
3.257172198622981796e-08
3.009913351892379296e-08
2.755822248179384815e-08
2.477079841245455327e-08
2.157549050529894430e-08
1.811138627960673375e-08
1.431378493510493399e-08
1.021759266084387718e-08
5.562874605402612360e-09
5.622626808587938285e-10
4.839493805697259177e-09
1.079122013969424643e-08
1.723162512679010661e-08
2.415295574653697486e-08
3.163016049079203640e-08
3.928645142536879575e-08
4.743589920863655607e-08
5.553847248762622257e-08
6.392398088639339448e-08
7.154853198798605263e-08
7.894066478275618692e-08
8.520678673740178510e-08
9.037416837109901735e-08
9.431557113082078558e-08
9.599389083625453623e-08
9.610569595697171508e-08
9.437107584275850058e-08
9.104593412523342977e-08
8.615958579927252003e-08
7.978480909276441935e-08
7.245882771567124792e-08
6.478268810283793755e-08
5.652384038601354632e-08
4.831893984924562346e-08
4.033285228022265301e-08
3.252578062440392159e-08
2.509907626180307716e-08
1.811760619307989373e-08
1.161501905766471054e-08
5.615503839706548206e-09
0.000000000000000000e+00
