0.000000000000000000e+00
3.525429170814220470e-09
6.513128036900184270e-09
8.913133009436080556e-09
1.079439859719144579e-08
1.224857260062606201e-08
1.337179900140483824e-08
1.423890805263283710e-08
1.491212509030503952e-08
1.543557914818194376e-08
1.584526521103413188e-08
1.617108014162482732e-08
1.642633618015310049e-08
1.663004445262572517e-08
1.679118200037521547e-08
1.691833373396178786e-08
1.702447083307134790e-08
1.710420272083013060e-08
1.717184427985074535e-08
1.722514608726299912e-08
1.726917520095128111e-08
1.730595000637435987e-08
1.733418342197978745e-08
1.735558907700607278e-08
1.737210753027795818e-08
1.738863886213692922e-08
1.739831390068502515e-08
1.740707944453134814e-08
1.741416655320904283e-08
1.742137145654965025e-08
1.742503752399926498e-08
1.742905864077215483e-08
1.742952804306696635e-08
1.743443944768330311e-08
1.743359590022919292e-08
1.743413813315441985e-08
1.743496347295092619e-08
1.743545952059832871e-08
1.743317379343523044e-08
1.743302902035281932e-08
1.743556177213889669e-08
1.743588962099806849e-08
1.743602706660851709e-08
1.743436572887446800e-08
1.743381650154418594e-08
1.743564537193265096e-08
1.743462041403631702e-08
1.743453592606414304e-08
1.743640509754840195e-08
1.743528288411511085e-08
1.743347044502741028e-08
1.743246325069947034e-08
1.743225497286005066e-08
1.743145638943843778e-08
1.742801702953045151e-08
1.742357857992260506e-08
1.741952493361509369e-08
1.741358013340743582e-08
1.740789867810121905e-08
1.739911725806564391e-08
1.738523414118731125e-08
1.737238175536504059e-08
1.735570787086970768e-08
1.732947407795393246e-08
1.730275367428646405e-08
1.726573828353394902e-08
1.722186904196121304e-08
1.716838615717364291e-08
1.710128161303003935e-08
1.701172880341772498e-08
1.690923823183254626e-08
1.677774708053192398e-08
1.661282111875550527e-08
1.640497959698450359e-08
1.614212896683397958e-08
1.581408870521272547e-08
1.539405047878972255e-08
1.485718192917317992e-08
1.416681649768491980e-08
1.327729803879407200e-08
1.212807609896060512e-08
1.063610988172314364e-08
8.715133725800683351e-09
6.256370754798012968e-09
3.211751087306424779e-09
3.508495716175730195e-10
3.961435290911197171e-09
6.256898110734709917e-09
4.292014965656676395e-09
6.659360840544081839e-09
2.986250591252570530e-08
5.818264936507944185e-08
7.088301734459179215e-08
5.576533523843352214e-08
2.718773650656203245e-08
5.089249022205422079e-09
4.795227659393219710e-09
6.180035372338466004e-09
3.644350932141549038e-09
1.887379141862766119e-15
