0.000000000000000000e+00
4.697539267572992117e-07
5.178239546044238750e-07
5.674161951407796778e-07
6.167669096557304442e-07
6.648923276397766813e-07
7.116462550360580508e-07
7.557218462128645342e-07
7.967574785494591083e-07
8.347235229688720892e-07
8.699368778675165004e-07
9.020987790098189407e-07
9.319318982070612378e-07
9.590327763042694187e-07
9.835002841018791742e-07
1.005866300696212079e-06
1.025964632472842197e-06
1.044219445689442693e-06
1.060665025143237017e-06
1.075312655585136667e-06
1.088497480150607544e-06
1.100370310425091702e-06
1.111016524779628867e-06
1.120448681946051295e-06
1.128590949472929594e-06
1.135801881657627632e-06
1.142344771887238153e-06
1.147756744868111412e-06
1.152259599401794787e-06
1.155876780511988500e-06
1.159295322628040026e-06
1.161789395798251689e-06
1.163349321764428623e-06
1.164294056721359993e-06
1.164896259897574282e-06
1.164610731851922765e-06
1.163429812933713947e-06
1.161899266577393064e-06
1.159561150654297990e-06
1.156513711242368458e-06
1.152794842917970186e-06
1.148504729986399298e-06
1.143092833388870133e-06
1.136637715060118126e-06
1.129725576309859036e-06
1.121497028022666598e-06
1.112158193761203506e-06
1.101798207336912583e-06
1.090258444080838274e-06
1.077050960307524008e-06
1.062789351857773568e-06
1.046422121619983159e-06
1.028574396766401833e-06
1.008497743315572848e-06
9.866650791945374976e-07
9.622740783088445937e-07
9.355231707086630877e-07
9.063049213331453302e-07
8.740740329304941270e-07
8.393964464614711574e-07
8.018120010166995826e-07
7.608694423399953166e-07
7.175139691284471155e-07
6.712742823822281935e-07
6.230843194732216261e-07
5.739257630255067966e-07
5.242944879357835930e-07
4.757384171050205168e-07
9.660204335903976869e-07
3.907688497228889446e-07
3.635766367970916235e-07
3.481555788109602645e-07
3.512775224034925259e-07
3.779269774906168777e-07
4.329426537275082865e-07
5.195596814999703383e-07
6.405039244539167953e-07
7.942588686749019189e-07
9.741320594613966932e-07
1.168675448859346488e-06
1.362304314800333316e-06
1.534732988139886345e-06
1.665378209225742978e-06
1.738528517036819210e-06
1.742559366801899046e-06
1.677556543677738432e-06
1.553401488996186686e-06
1.384064214571267826e-06
1.191721133109169273e-06
9.964267915218982807e-07
8.134971229978305018e-07
6.565828731819323139e-07
5.322061457091464831e-07
4.407415022944505267e-07
3.822152225829711369e-07
3.519193545464815998e-07
3.467661909839492296e-07
3.602284929238308564e-07
3.878435732573848327e-07
0.000000000000000000e+00
