0.000000000000000000e+00
1.525048155492925162e-05
2.685515884515154994e-05
3.556434665885621627e-05
4.221537865622959629e-05
4.745530064276248794e-05
5.172589046198439178e-05
5.502565760995281607e-05
5.773601518732629501e-05
5.998188516609381793e-05
6.184882819082471173e-05
6.340222958833852118e-05
6.473954506414081322e-05
6.589177741600504845e-05
6.685139854156751937e-05
6.771056554266685623e-05
6.843994664618158197e-05
6.908118943416141633e-05
6.964624869720825728e-05
7.013607900474561063e-05
7.058227461287369664e-05
7.097865799809977005e-05
7.132530110287582659e-05
7.164088619704411798e-05
7.191985953569624002e-05
7.216968253753730522e-05
7.239058704755496620e-05
7.259430343309336564e-05
7.276288052515678118e-05
7.293669956021098244e-05
7.308184109755533342e-05
7.319876796085811321e-05
7.332143372984489815e-05
7.342437179180816287e-05
7.351246993581028732e-05
7.357551608588863701e-05
7.365450110807802986e-05
7.370965744779578444e-05
7.375488672167751503e-05
7.379055977618786955e-05
7.381696507646751115e-05
7.383431387530947632e-05
7.384274392341350080e-05
7.383125915316757215e-05
7.381983333798469715e-05
7.381483796009558063e-05
7.378755816855875338e-05
7.374879390631416953e-05
7.369371425525184094e-05
7.363531504278597595e-05
7.357984657629934588e-05
7.349338671769345410e-05
7.341532621663038327e-05
7.331360139228859651e-05
7.319845911624156543e-05
7.306880242030633354e-05
7.291089391459060209e-05
7.275784566951326582e-05
7.256460735016734276e-05
7.237324990494453658e-05
7.213830132413168172e-05
7.189123652462381386e-05
7.161259448229539970e-05
7.129729394095285500e-05
7.093925465784245432e-05
7.053781632770927956e-05
7.009984565009563795e-05
6.959056845912137135e-05
6.900916385232935824e-05
6.837954711480520587e-05
6.763498075790241870e-05
6.678065314369430183e-05
6.579077230883800809e-05
6.462156413988839887e-05
6.328162744517751293e-05
6.168447773380325572e-05
5.978512629234433717e-05
5.748325353072125665e-05
5.474240725311663169e-05
5.137010469091762843e-05
4.700890253406253549e-05
4.169655902652724677e-05
3.484176619650281026e-05
2.581324298256415517e-05
1.400374883231414458e-05
1.713529442004535497e-06
2.308027681596769298e-05
5.232974851254734716e-05
9.093137687321561913e-05
1.392256999336316525e-04
1.941575465786993249e-04
2.390955853602827474e-04
2.559995428407235707e-04
2.358510344392383828e-04
1.868847938307771628e-04
1.345058456524439450e-04
8.706965759686102757e-05
4.916072571503615762e-05
2.070908463214227169e-05
6.661338147750939243e-16
