0.000000000000000000e+00
2.054984949984017817e-07
2.972038452009329035e-07
3.058700107638756549e-07
2.609280953524972801e-07
1.867450940551407257e-07
9.008083523553978011e-08
3.063397613356499960e-08
1.508797070615131020e-07
2.677304838938354692e-07
3.931760579334309114e-07
4.979957087813957628e-07
5.942282077509020155e-07
6.932682546922919187e-07
7.781047395294393709e-07
8.471655462694016592e-07
9.196364531005585263e-07
9.805335157153649561e-07
1.033680062989539294e-06
1.083963806491894388e-06
1.115597867973328050e-06
1.148218426227920475e-06
1.181010407580451727e-06
1.205791935299238560e-06
1.237723407654378605e-06
1.261659366869061216e-06
1.272582080491524437e-06
1.285077262713762991e-06
1.295960511016325256e-06
1.305265281970058311e-06
1.314124325135779259e-06
1.321604449433522177e-06
1.320820608552430997e-06
1.325695525244974249e-06
1.329043736841839518e-06
1.328031674407981200e-06
1.328345877404935038e-06
1.318970748842573926e-06
1.313516451939555907e-06
1.308888638695826501e-06
1.295920418420415388e-06
1.284569711712535423e-06
1.276545805062312411e-06
1.261247577710733481e-06
1.237035863854707429e-06
1.210639492987830579e-06
1.183965124607055941e-06
1.157759908054778464e-06
1.120472070348377258e-06
1.079467851106130638e-06
1.029383334016920060e-06
9.820199667887052897e-07
9.256838250371046684e-07
8.569880139974728195e-07
7.758689141157404379e-07
6.977254619622286214e-07
5.940898073486522435e-07
4.939828742722696120e-07
3.811418269883404264e-07
2.656403967904452657e-07
1.442244182969787403e-07
2.025304113306702902e-08
1.043579872517241824e-07
2.158300271837276796e-07
3.027783053166643867e-07
3.516630767697037641e-07
3.478421380931351337e-07
2.745033075290947977e-07
9.045157056686292663e-08
2.292322117680711813e-07
7.361652017978670415e-07
1.480196753278484323e-06
2.528205553797846505e-06
3.923523764992609131e-06
5.741867548203494209e-06
7.986596799680611980e-06
1.062336561641341603e-05
1.372646687847201008e-05
1.707450077270689093e-05
2.053388451073168142e-05
2.384835372959415167e-05
2.677859816724303954e-05
2.892936885134922420e-05
3.010839393791098217e-05
3.020933553854465714e-05
2.918236101423499207e-05
2.715588049750916610e-05
2.432070318825196864e-05
2.109040334363765368e-05
1.761788786580620325e-05
1.424060767329926591e-05
1.110827492933896821e-05
8.431523938590146372e-06
6.111822288712431828e-06
4.248379034677007837e-06
2.786384472375225130e-06
1.690503346862826106e-06
8.944205281968820032e-07
3.426005099615991867e-07
0.000000000000000000e+00
