0.000000000000000000e+00
1.004817014671477438e-05
1.171525747889479163e-05
1.224334677896177226e-05
1.247348748989463019e-05
1.259330504144173801e-05
1.266367079499897130e-05
1.270840901368419651e-05
1.273877087959451870e-05
1.276023990981478562e-05
1.277603891647327572e-05
1.278785602876197913e-05
1.279732642767150708e-05
1.280465811270836696e-05
1.281058848967564501e-05
1.281555744414575315e-05
1.281961296573097542e-05
1.282301797222995532e-05
1.282583385364688411e-05
1.282837490845789574e-05
1.283050370615157476e-05
1.283235122007120310e-05
1.283389947770441353e-05
1.283531660123404805e-05
1.283662911066851819e-05
1.283773507665397773e-05
1.283871807855607727e-05
1.283953423514283543e-05
1.284037797644188572e-05
1.284107985322080481e-05
1.284170968829378978e-05
1.284223771269576986e-05
1.284274666013551780e-05
1.284324174288808962e-05
1.284359590381090044e-05
1.284392816658375125e-05
1.284435274295780971e-05
1.284459209349719799e-05
1.284487452124505324e-05
1.284508840482256886e-05
1.284534888223998195e-05
1.284547165292249105e-05
1.284562500381003503e-05
1.284577333937608756e-05
1.284586126082398749e-05
1.284600107254174617e-05
1.284600936302116025e-05
1.284610685758913462e-05
1.284609245633117069e-05
1.284613028607051177e-05
1.284611143070879535e-05
1.284603572726528142e-05
1.284597552297928047e-05
1.284587529626346480e-05
1.284579070504054954e-05
1.284564583847735975e-05
1.284555156566558054e-05
1.284528495648640245e-05
1.284517650324001892e-05
1.284489202757477244e-05
1.284465269357770723e-05
1.284439905657741576e-05
1.284403663948108232e-05
1.284361640052633646e-05
1.284326856776374370e-05
1.284279813107414014e-05
1.284225918529724453e-05
1.284176008142789982e-05
1.284117830913089620e-05
1.284042821292352698e-05
1.283967830734145110e-05
1.283875535340595064e-05
1.283788930495077807e-05
1.283676287033852503e-05
1.283553632935863220e-05
1.283414651875869339e-05
1.283256440587354774e-05
1.283079630998162912e-05
1.282864386309423566e-05
1.282629861676376493e-05
1.282340608321774766e-05
1.282011265890670160e-05
1.281621101345553626e-05
1.281146349940698315e-05
1.280568203043674913e-05
1.279848218882495559e-05
1.278945529237240919e-05
1.277803713395364582e-05
1.276283517182008609e-05
1.274230154202360410e-05
1.271359916610315111e-05
1.267172008034833652e-05
1.260638389322110697e-05
1.249654437807112828e-05
1.228937313990652314e-05
1.182984870851111481e-05
1.046522776049219061e-05
3.279519536270036895e-06
7.287659832921900005e-05
0.000000000000000000e+00
