0.000000000000000000e+00
7.539837945103045058e-07
8.791110363004506212e-07
9.187498772877944475e-07
9.360248651724134561e-07
9.450187599124859616e-07
9.503006761502064137e-07
9.536588942982149320e-07
9.559379783308230571e-07
9.575495282243551287e-07
9.587354659057467643e-07
9.596225033492444823e-07
9.603333954721904320e-07
9.608837409080805969e-07
9.613288987075918612e-07
9.617018912333463732e-07
9.620063176063453625e-07
9.622619124849407513e-07
9.624732787427703329e-07
9.626640220528059899e-07
9.628238200054539675e-07
9.629625024043519943e-07
9.630787232151050148e-07
9.631850961255850052e-07
9.632836225348384573e-07
9.633666419039954576e-07
9.634404264380336258e-07
9.635016886555547444e-07
9.635650265460427022e-07
9.636177136229662210e-07
9.636649914712691611e-07
9.637046294308504457e-07
9.637428312059270752e-07
9.637799951445202851e-07
9.638065785466665147e-07
9.638315174864686696e-07
9.638633914343941456e-07
9.638813555090663954e-07
9.639025554397662177e-07
9.639186112631037417e-07
9.639381631787458105e-07
9.639473784739394091e-07
9.639588893772810252e-07
9.639700246921734106e-07
9.639766254121440170e-07
9.639871194622173789e-07
9.639877427414234035e-07
9.639950608875125226e-07
9.639939783090412107e-07
9.639968183705605043e-07
9.639954057227839712e-07
9.639897211588532855e-07
9.639852025511430611e-07
9.639776816783296454e-07
9.639713285380935304e-07
9.639604552358349565e-07
9.639533790073429032e-07
9.639333655719894978e-07
9.639252236404161067e-07
9.639038688336043492e-07
9.638859033156421674e-07
9.638668678757511543e-07
9.638396613054212025e-07
9.638081119867081270e-07
9.637820053143286714e-07
9.637466925616067215e-07
9.637062379219685226e-07
9.636687735570248492e-07
9.636251028233289162e-07
9.635687954201443972e-07
9.635125048923498525e-07
9.634432250882341009e-07
9.633782177553840143e-07
9.632936603942710008e-07
9.632015898208834415e-07
9.630972651608615820e-07
9.629785064912965709e-07
9.628457846577731516e-07
9.626842107923749836e-07
9.625081708319882523e-07
9.622910426276831686e-07
9.620438241597639717e-07
9.617509498793808120e-07
9.613945820552416421e-07
9.609606004268300694e-07
9.604201488544461540e-07
9.597425494334288487e-07
9.588854590347750673e-07
9.577443401687091296e-07
9.562029940068939027e-07
9.540484848802321949e-07
9.509048901623629035e-07
9.460005228056900251e-07
9.377556154932520371e-07
9.222047275825318025e-07
8.877121293604517405e-07
7.852858093793102512e-07
2.460624568545455304e-07
5.457618004189868088e-06
0.000000000000000000e+00
