0.000000000000000000e+00
6.291708354311253970e-08
1.225466497167815305e-07
1.764819261840244735e-07
2.251899606786622599e-07
2.694893792565267177e-07
3.086535641516618966e-07
3.463662736624684158e-07
3.786020803531187084e-07
4.095386847424720145e-07
4.364246376509228753e-07
4.624343106218731236e-07
4.852082295947468538e-07
5.059342821356338504e-07
5.244712415475305534e-07
5.407626544329247054e-07
5.567147232099500798e-07
5.714582371751930623e-07
5.838293478666045644e-07
5.952256909580455613e-07
6.069447227030622116e-07
6.157000932427436624e-07
6.251107884658324565e-07
6.328262476262835889e-07
6.389250861715822793e-07
6.450258229762084738e-07
6.500873694914588441e-07
6.557976848231561462e-07
6.597671683428174561e-07
6.630879991753602098e-07
6.657821250977136174e-07
6.675762587171618634e-07
6.693567939919375931e-07
6.702605217512314084e-07
6.705842090504177122e-07
6.700395933645353352e-07
6.694960662523286032e-07
6.680772344225260895e-07
6.660642725142551512e-07
6.626856048352891548e-07
6.594378862967431587e-07
6.555437443989120538e-07
6.517471813349828835e-07
6.461863066853368309e-07
6.396980433143184541e-07
6.336952373953153028e-07
6.257815705623670510e-07
6.172835520512620633e-07
6.070264282342918705e-07
5.973780101697911959e-07
5.861304085419405396e-07
5.725398815048521328e-07
5.590363038043832944e-07
5.435947393328532939e-07
5.269444276478907341e-07
5.082934820821449762e-07
4.878004042918604455e-07
4.652827677587012545e-07
4.392115667828377923e-07
4.133350945956237865e-07
3.823909930922297917e-07
3.494626574784831519e-07
3.132388000093300207e-07
2.745288141259294434e-07
2.291478613525299579e-07
1.809299097210725904e-07
1.296618783452885282e-07
7.160191706212515328e-08
7.565674975396063928e-09
6.141365183065516931e-08
1.374319877900376241e-07
2.186717877883381789e-07
3.065049426487220785e-07
4.018701845742711498e-07
4.985532729984143430e-07
6.033662236504255816e-07
7.047976339213946062e-07
8.089012234480108532e-07
9.102980570441232544e-07
1.000327746636386905e-06
1.081304397576587917e-06
1.149447643067347258e-06
1.194193167242119102e-06
1.218960590909645703e-06
1.219618852132953180e-06
1.200222290664854086e-06
1.153539131659719885e-06
1.090794594649224791e-06
1.010729366424101272e-06
9.195252854699020872e-07
8.204785209020570846e-07
7.179373477939066106e-07
6.152073246390443728e-07
5.125809009465243093e-07
4.116371408180441449e-07
3.174435981856404965e-07
2.288971431285702351e-07
1.464246511817535179e-07
7.015422998080111938e-08
0.000000000000000000e+00
