0.000000000000000000e+00
1.173992125735878744e-08
2.286756339842099806e-08
3.293212702537573477e-08
4.202120973406664461e-08
5.028762617431681292e-08
5.759536825244992997e-08
6.463310064930283261e-08
7.064803075884640293e-08
7.642122912265847390e-08
8.143794238968382615e-08
8.629175962671098432e-08
9.054144112230488872e-08
9.440898895984872752e-08
9.786800436728526620e-08
1.009077639224642553e-07
1.038845114376130141e-07
1.066359215373680058e-07
1.089441973300964150e-07
1.110707634754959372e-07
1.132578364426706230e-07
1.148913931769968144e-07
1.166476776282010519e-07
1.180874102946205539e-07
1.192252546688976622e-07
1.203636718072331746e-07
1.213081440853969184e-07
1.223739443112492609e-07
1.231146646851755122e-07
1.237343359994369507e-07
1.242370712972729052e-07
1.245718304065945858e-07
1.249041142736828647e-07
1.250727517110306053e-07
1.251331543938860591e-07
1.250314962675247443e-07
1.249301028183325002e-07
1.246653444919587628e-07
1.242897205155912843e-07
1.236590513320479090e-07
1.230530181084432684e-07
1.223263559335663331e-07
1.216181092500434602e-07
1.205804021076062327e-07
1.193694915135878887e-07
1.182495630303037615e-07
1.167728168605108863e-07
1.151870637761120975e-07
1.132728241204361552e-07
1.114726255746489869e-07
1.093738255519838276e-07
1.068375432566881500e-07
1.043179468362964712e-07
1.014365047513621221e-07
9.832954295241336240e-08
9.484922069979973003e-08
9.102515163839086654e-08
8.682329100118124643e-08
8.195794964915847913e-08
7.712969407602798810e-08
7.135505653010909555e-08
6.521050277541462492e-08
5.845099149137666927e-08
5.122800095236357265e-08
4.275922860230707556e-08
3.376155888190623955e-08
2.419535360953517511e-08
1.336116506323037356e-08
1.411712746701709875e-09
1.145999972695932456e-08
2.564537127103250214e-08
4.080492854718897888e-08
5.719491880107341331e-08
7.499155130208379205e-08
9.303186987441591782e-08
1.125918772659773026e-07
1.315178839167430169e-07
1.509441863722926769e-07
1.698669346295034188e-07
1.866650390924817771e-07
2.017756357552968893e-07
2.144936748216252909e-07
2.228413665816830758e-07
2.274630822585166356e-07
2.275857273748016496e-07
2.239685360505561107e-07
2.152549544165438533e-07
2.035467218108877319e-07
1.886060270184231058e-07
1.715869567542327445e-07
1.531044118152635747e-07
1.339699449154352351e-07
1.148013695217997565e-07
9.565073544326452293e-08
7.681298552775217559e-08
5.923611623437352591e-08
4.271301923264303468e-08
2.732335246946604457e-08
1.309102137803108690e-08
0.000000000000000000e+00
