0.000000000000000000e+00
8.417573305052883370e-10
3.354633237862003625e-09
7.492941822562215748e-09
1.321167486523222578e-08
2.037492885520464370e-08
2.890690342649548938e-08
3.866430187127178897e-08
4.948699783291488075e-08
6.120596962588820134e-08
7.364865972636636116e-08
8.658180994380870743e-08
9.978439896585200586e-08
1.130766011936401583e-07
1.262206147378819310e-07
1.390908321852180052e-07
1.513040029932355424e-07
1.628561455691013293e-07
1.734403933806305531e-07
1.828367657275009606e-07
1.911710225677154540e-07
1.979699961740521985e-07
2.032570078913664702e-07
2.070018619848568164e-07
2.091629476286271938e-07
2.095542412927642317e-07
2.082455037299979494e-07
2.052642219529943191e-07
2.008294630595486296e-07
1.947795925660855687e-07
1.871259533992031265e-07
1.782945899808652257e-07
1.683306296573761074e-07
1.571745056327955581e-07
1.453406699436499139e-07
1.327227804326369665e-07
1.196956247451197441e-07
1.064536149231187778e-07
9.317202753766906653e-08
8.008319374308570104e-08
6.737677527013374856e-08
5.525314750176590906e-08
4.397084440999066146e-08
3.367436451906513639e-08
2.449811975502313999e-08
1.665412385776221527e-08
1.017231854305578054e-08
5.258537605357105349e-09
1.902416113530591701e-09
2.257746212208644465e-10
2.501436835444792450e-10
1.912875968734795151e-09
5.208661058020425116e-09
1.013728800902669036e-08
1.658695736317383762e-08
2.449780367452802921e-08
3.368963008565373229e-08
4.398571440411558342e-08
5.525436364006708345e-08
6.734473811942365273e-08
8.003302010006763112e-08
9.307514325929133747e-08
1.064199994793568749e-07
1.197339545289111129e-07
1.326620517883014827e-07
1.451861428858336467e-07
1.571197257854706208e-07
1.681669722364276254e-07
1.782066259004011499e-07
1.870769902323488054e-07
1.946177716760644216e-07
2.007043149454545983e-07
2.053243934874160459e-07
2.081441250467719328e-07
2.094571449617887993e-07
2.089735917643054108e-07
2.069269190441147543e-07
2.031942278879483865e-07
1.978183419293344514e-07
1.910134173055411111e-07
1.827808309151635058e-07
1.733349386245919277e-07
1.627462951070413055e-07
1.512339844467192052e-07
1.389492569892070151e-07
1.262624935716161190e-07
1.130957656414466328e-07
9.972295578197787336e-08
8.649217431155875602e-08
7.360990972316017178e-08
6.118655715425802555e-08
4.949249932106880578e-08
3.868594578015915886e-08
2.892832129397504559e-08
2.034960477903524634e-08
1.315916631217106669e-08
7.459204032222999103e-09
3.334365117346749230e-09
8.434104525889551951e-10
1.110223024625156540e-16
