0.000000000000000000e+00
1.526163734943963846e-06
1.681934841069043785e-06
1.842785502970123446e-06
2.002845994053537027e-06
2.160031704945275521e-06
2.310379055292521855e-06
2.451949795312380331e-06
2.585660597631544988e-06
2.709589397409395417e-06
2.823539179130918342e-06
2.927804043095783015e-06
3.024457705724792334e-06
3.112043771902328615e-06
3.191689418646781462e-06
3.264041642525583597e-06
3.329369161586548387e-06
3.388523639569207546e-06
3.442116858320964923e-06
3.489318248561801283e-06
3.532326469657398604e-06
3.570686906595454957e-06
3.604375017673966397e-06
3.635630734577510736e-06
3.662329780773632137e-06
3.685594201385811175e-06
3.706380701351541518e-06
3.724151763528915637e-06
3.738593460700379012e-06
3.751026126930234739e-06
3.761761353859860435e-06
3.769457053159896986e-06
3.774912077814107647e-06
3.778118379926809212e-06
3.779514399226968635e-06
3.777945103311530772e-06
3.775278792028657904e-06
3.769995499225409219e-06
3.762776352389529677e-06
3.752367953580026949e-06
3.740290003606538960e-06
3.726372541201783406e-06
3.708892553744291831e-06
3.688403278245822037e-06
3.665027513699570250e-06
3.639030271562759822e-06
3.609075698962627143e-06
3.575383705878287799e-06
3.536869845999213169e-06
3.495444900969424395e-06
3.448749131718109595e-06
3.395755026058822068e-06
3.337302410533204977e-06
3.272694104938800308e-06
3.201934965280095469e-06
3.123070869248678605e-06
3.036359803476607055e-06
2.941592838756612593e-06
2.838033722141197757e-06
2.725226024513638379e-06
2.602084417713257380e-06
2.470626659256680568e-06
2.328915158611444269e-06
2.179506098820560567e-06
2.023279814689082912e-06
1.863909737997992977e-06
1.703042638911966833e-06
1.545588849571899459e-06
3.406635560920800998e-06
1.275678736090135601e-06
1.181971719055319170e-06
1.131951223865002021e-06
1.141542174676324350e-06
1.228067711633862302e-06
1.406576801254999509e-06
1.689362942314254212e-06
2.079787719488912501e-06
2.578216933946109179e-06
3.160242472932672797e-06
3.791891523552415322e-06
4.419549588630111714e-06
4.978495413143768644e-06
5.401907322011290091e-06
5.639009829194741030e-06
5.652305502645837976e-06
5.441357415536529629e-06
5.038115687749922245e-06
4.490590848615916286e-06
3.866864687229742970e-06
3.233506697730703650e-06
2.641337339182037169e-06
2.131933218962878129e-06
1.727789540884039354e-06
1.433001509121289985e-06
1.243770364811602747e-06
1.145333780705470872e-06
1.126983240173906609e-06
1.171324461424205765e-06
1.260609673203738623e-06
0.000000000000000000e+00
