0.000000000000000000e+00
2.847914241099758215e-07
3.138586559536804543e-07
3.438737907757172252e-07
3.737414805415895103e-07
4.030727451809212880e-07
4.311279464541684092e-07
4.575453660393691280e-07
4.824961015170714518e-07
5.056214641419032318e-07
5.268847103057083814e-07
5.463407234396200352e-07
5.643764534601913851e-07
5.807201768348591031e-07
5.955821306136144244e-07
6.090831836669252652e-07
6.212733382193746934e-07
6.323116243933668557e-07
6.423122064225239569e-07
6.511199913683540785e-07
6.591453954873927046e-07
6.663034336495954335e-07
6.725897067072494906e-07
6.784220066835544571e-07
6.834041003100921330e-07
6.877452020104257713e-07
6.916240334886580854e-07
6.949401095690532770e-07
6.976348944087717996e-07
6.999548197716976006e-07
7.019580157141547261e-07
7.033940486733669673e-07
7.044119426646844317e-07
7.050102340810937562e-07
7.052707374777256177e-07
7.049779439105563483e-07
7.044803600475546546e-07
7.034945416206639379e-07
7.021473877877326686e-07
7.002051662929886788e-07
6.979514040050815993e-07
6.953543973953202340e-07
6.920926687303818881e-07
6.882692926701849956e-07
6.839073943831763813e-07
6.790562417924306260e-07
6.734666769814268150e-07
6.671797145862967682e-07
6.599930356676608767e-07
6.522630406902152345e-07
6.435495570888960515e-07
6.336608480150829337e-07
6.227535052083510436e-07
6.106975013464577273e-07
5.974936777564110457e-07
5.827775152456027286e-07
5.665970642665385526e-07
5.489133788616484821e-07
5.295890198597774656e-07
5.085388634640253258e-07
4.855603807918384973e-07
4.610299838558873375e-07
4.345862808508016428e-07
4.067061244450442814e-07
3.775537974481935066e-07
3.478148618007992354e-07
3.177965895995171763e-07
2.884152742188561547e-07
5.730447327767507204e-07
2.380495727205556022e-07
2.205639385577384814e-07
2.112306013435372165e-07
2.130213512252510100e-07
2.291686173050422326e-07
2.624806118012301681e-07
3.152509525650160072e-07
3.881073481482033571e-07
4.811166073315220615e-07
5.897250306974299860e-07
7.075912885623480975e-07
8.247126234151025415e-07
9.290108726744961132e-07
1.008017632475599612e-06
1.052260169331908912e-06
1.054741376127488195e-06
1.015379692104190212e-06
9.401365616001911008e-07
8.379698921423539559e-07
7.215830802875800032e-07
6.033977887343056068e-07
4.928971044648733368e-07
3.978396629911173932e-07
3.224235410881348685e-07
2.674133281477253377e-07
2.321004485272837314e-07
2.137304194738121055e-07
2.103050295021446914e-07
2.185784296893089618e-07
2.352387843407299783e-07
0.000000000000000000e+00
