0.000000000000000000e+00
4.832398925458392114e-10
8.430519615743037320e-10
1.115821435249131355e-09
1.327665311023906725e-09
1.492339474218340456e-09
1.622679657309333834e-09
1.729051568588602095e-09
1.816155226208593376e-09
1.886356848501691275e-09
1.945863803420877503e-09
1.996018017536016487e-09
2.037056301418260773e-09
2.073756832920992110e-09
2.104732610419546290e-09
2.131299137175801661e-09
2.154882272620284311e-09
2.175079449884265159e-09
2.193603965139345746e-09
2.208888738586267664e-09
2.223465966899595969e-09
2.235395868410705589e-09
2.247029562418845217e-09
2.256433484504327680e-09
2.265494014608293583e-09
2.273753851866899822e-09
2.280378108565628281e-09
2.286948519447662420e-09
2.292179779317393695e-09
2.297786516614053198e-09
2.302671719967008812e-09
2.306276059016454383e-09
2.310367452906803010e-09
2.313268132603241156e-09
2.316366876087272431e-09
2.318800040868040924e-09
2.320589720383736676e-09
2.322638970042589790e-09
2.323781167490324151e-09
2.325211245768343815e-09
2.325299619521103978e-09
2.326602466240501599e-09
2.326122960916165994e-09
2.326856818335443222e-09
2.326106307570796616e-09
2.325690751092679420e-09
2.324819559085256060e-09
2.323657932734590759e-09
2.322025682843786853e-09
2.320238445818745276e-09
2.318584102489751331e-09
2.316115299549892370e-09
2.312977143148486903e-09
2.310043711872822314e-09
2.306378865668534672e-09
2.302254276109749753e-09
2.297325329969623908e-09
2.291966727518968128e-09
2.286674849472092319e-09
2.280226230055859560e-09
2.272218413423843231e-09
2.264689324960045269e-09
2.255724496080802055e-09
2.245176267123838443e-09
2.234798901490364642e-09
2.222196759937844490e-09
2.208008331727739915e-09
2.191985815080954580e-09
2.173822011286574707e-09
2.152190758941685544e-09
2.129514897752926572e-09
2.101966267709087788e-09
2.069889148970105452e-09
2.034008739215664718e-09
1.990898335080260040e-09
1.939889027191554760e-09
1.879660649350967105e-09
1.807765381833803531e-09
1.720824815976129685e-09
1.612958877572623351e-09
1.477663991167332824e-09
1.309708230756712055e-09
1.092038903749426026e-09
8.128693274045417638e-10
4.412639142969965178e-10
5.246236778333468465e-11
7.172600291482922330e-10
1.609884447972831367e-09
2.786219477357576579e-09
4.254956387228503445e-09
5.854256079906861032e-09
7.182971439867458230e-09
7.688776060277291435e-09
7.091867759712044972e-09
5.704597683120482543e-09
4.107775009032366142e-09
2.665129450463155081e-09
1.511125891084930117e-09
6.419889064801509448e-10
1.216471368081784021e-12
