0.000000000000000000e+00
5.513247636201867863e-10
9.618268403954743917e-10
1.273032679272034784e-09
1.514714575989728473e-09
1.702593732666457527e-09
1.851294673116399281e-09
1.972656038518039168e-09
2.072028659760860592e-09
2.152122591247973560e-09
2.220014061471431432e-09
2.277232291625352900e-09
2.324052839064449927e-09
2.365927342928841881e-09
2.401263521356611363e-09
2.431571166638946124e-09
2.458484971157304244e-09
2.481525762654257505e-09
2.502654750102806247e-09
2.520093689284408356e-09
2.536728049840064614e-09
2.550336386519802545e-09
2.563612211403665242e-09
2.574335411509309779e-09
2.584676028760668487e-09
2.594099934860594203e-09
2.601654669476261006e-09
2.609149118981690663e-09
2.615122118854174005e-09
2.621518557788249382e-09
2.627090434081935655e-09
2.631202367098239847e-09
2.635870854916788630e-09
2.639178542374054359e-09
2.642714047595973170e-09
2.645490715380560687e-09
2.647531527344426650e-09
2.649870323168102004e-09
2.651175945445061188e-09
2.652808084313562631e-09
2.652908892564198595e-09
2.654393149725819967e-09
2.653843145239420664e-09
2.654685582470506233e-09
2.653826158827143900e-09
2.653355202220097908e-09
2.652363662036805181e-09
2.651034947120933793e-09
2.649167996082724130e-09
2.647129848654117268e-09
2.645241248266927414e-09
2.642429275390156818e-09
2.638850027381067775e-09
2.635496487712885028e-09
2.631321271984177201e-09
2.626617479073445338e-09
2.620987982204781019e-09
2.614879646145595871e-09
2.608838367557098081e-09
2.601483251041258882e-09
2.592348335994643094e-09
2.583756320007069007e-09
2.573531054927968853e-09
2.561496903474846931e-09
2.549659150474781200e-09
2.535282428439700197e-09
2.519093156294616165e-09
2.500810891703508787e-09
2.480091243484139341e-09
2.455410208490604873e-09
2.429537793169345150e-09
2.398108600587534056e-09
2.361511652893000246e-09
2.320575620551323937e-09
2.271392629538127039e-09
2.213197181077930509e-09
2.144481370258688457e-09
2.062455983775635104e-09
1.963270213067858094e-09
1.840206209635653067e-09
1.685850348209783078e-09
1.494234735943678061e-09
1.245895941970331933e-09
9.273981582680335123e-10
5.034337391407461837e-10
5.985079098991263891e-11
8.183104194259271935e-10
1.836695018297973547e-09
3.178764251821064590e-09
4.854423418798603507e-09
6.679048869528969590e-09
8.194955491980238094e-09
8.772020665404056672e-09
8.091024517042910702e-09
6.508298899809972227e-09
4.686505072903912605e-09
3.040607432502895335e-09
1.724022702376259986e-09
7.324372219841279730e-10
1.385447312429732847e-12
