0.000000000000000000e+00
1.933621884830927229e-08
4.086115446000349039e-08
6.352343195903387141e-08
8.633581394246192531e-08
1.089594769965174237e-07
1.305837497023176752e-07
1.511925240560429984e-07
1.705530836559887575e-07
1.885506011323201392e-07
2.053248218114589463e-07
2.206275460103768182e-07
2.347619720843852065e-07
2.475751562647232618e-07
2.591834064036291352e-07
2.698038169546279619e-07
2.793144746604525608e-07
2.879476845851769440e-07
2.955673386040302830e-07
3.026027952657273090e-07
3.088795473837890881e-07
3.145057287934349688e-07
3.193617132968284977e-07
3.238013799311545426e-07
3.276159918907950441e-07
3.311311830289653813e-07
3.340968022236268098e-07
3.366032708118638084e-07
3.387169683621849003e-07
3.405915299792283690e-07
3.420153356081812035e-07
3.431543038612261398e-07
3.438510751685441846e-07
3.442995550884120348e-07
3.446794745176617880e-07
3.445696754589278044e-07
3.439427802565120373e-07
3.431690621669147845e-07
3.421477006160245082e-07
3.407820621248447424e-07
3.389540580434058370e-07
3.368204213316516871e-07
3.345051847736257855e-07
3.314969125867150979e-07
3.281663447651794741e-07
3.242945190162771496e-07
3.199401867881590533e-07
3.150817458053012388e-07
3.095917526785285645e-07
3.034674489477140469e-07
2.965812376798382388e-07
2.889279863138582982e-07
2.804519811938632756e-07
2.710001925088079133e-07
2.605073116113132414e-07
2.490509366515070155e-07
2.363703262009408945e-07
2.224510123882694757e-07
2.072079604564791566e-07
1.906578297461436478e-07
1.728356405772402127e-07
1.536413115621471093e-07
1.331912885538244495e-07
1.116455260463666832e-07
8.909602633444535513e-08
6.628605042635626887e-08
4.359815497512187221e-08
2.189204162394986497e-08
2.210920779788239088e-09
1.400509919147197024e-08
2.504215224075068136e-08
2.867797832539764613e-08
2.249715125302031993e-08
3.849885188422774718e-09
2.956168643208911817e-08
7.969003090746440421e-08
1.473229149784316405e-07
2.319972165487627080e-07
3.299968883707649070e-07
4.355711401560213858e-07
5.391707316171334696e-07
6.312341862546588800e-07
7.005707833851460009e-07
7.391126251032886785e-07
7.417560192735095370e-07
7.070689983512679078e-07
6.407656601981059907e-07
5.506713320890810337e-07
4.473045236430550631e-07
3.419655355552109199e-07
2.427737829657772295e-07
1.565483914722776149e-07
8.689371511216847921e-08
3.455832886523069192e-08
6.679482522642388176e-10
2.097067608453073717e-08
2.853287317527986033e-08
2.591686421027361575e-08
1.578154218417893162e-08
0.000000000000000000e+00
