0.000000000000000000e+00
1.459566331821759988e-04
1.700329314106019396e-04
1.776670498718768698e-04
1.809909648352592271e-04
1.827217416692228369e-04
1.837373595574565144e-04
1.843878862752834635e-04
1.848251253974142472e-04
1.851331315236848241e-04
1.853634098210044101e-04
1.855364196278186384e-04
1.856708627374636933e-04
1.857755345692213567e-04
1.858630990664300597e-04
1.859341613360543377e-04
1.859927313074827282e-04
1.860419061100460070e-04
1.860820034778054577e-04
1.861181604174699800e-04
1.861500131855597928e-04
1.861766942115039569e-04
1.861995630789703426e-04
1.862200169013839002e-04
1.862374812857670037e-04
1.862540317034699910e-04
1.862686410237790469e-04
1.862803477743479874e-04
1.862922080783091516e-04
1.863027481143753050e-04
1.863105242470020073e-04
1.863200155196587104e-04
1.863269668035405502e-04
1.863339684914366856e-04
1.863386207722195209e-04
1.863452362641515592e-04
1.863500125885986236e-04
1.863542804269036068e-04
1.863572041242989030e-04
1.863614418580183951e-04
1.863643979718165866e-04
1.863657199403512266e-04
1.863687993679530308e-04
1.863710537849394555e-04
1.863725937347737727e-04
1.863734321327914500e-04
1.863747308097352118e-04
1.863753439729221029e-04
1.863748027300937693e-04
1.863756823291540243e-04
1.863745521273330041e-04
1.863739829782717905e-04
1.863739723338975196e-04
1.863727962898575896e-04
1.863700577143800885e-04
1.863691001078304765e-04
1.863669392143663117e-04
1.863648062276901385e-04
1.863619086674983549e-04
1.863586082687662682e-04
1.863536100265017481e-04
1.863506814427928759e-04
1.863447061252188064e-04
1.863407393793981015e-04
1.863348963540012448e-04
1.863279991232147381e-04
1.863211632705530363e-04
1.863131206110146820e-04
1.863041699434742071e-04
1.862937939095532514e-04
1.862830690593231253e-04
1.862706244114553655e-04
1.862552852710530615e-04
1.862405661225974285e-04
1.862228558049405791e-04
1.862032139879898907e-04
1.861799433321431607e-04
1.861542388595927022e-04
1.861241519799383681e-04
1.860881455981733268e-04
1.860473914323534927e-04
1.860006213592058089e-04
1.859436002256131815e-04
1.858736851856335193e-04
1.857901048387677889e-04
1.856883529737229921e-04
1.855586406466214200e-04
1.853922703656252224e-04
1.851709774444154633e-04
1.848781366088347866e-04
1.844638907132489791e-04
1.838532145242988136e-04
1.829083975920520189e-04
1.813176225409218745e-04
1.783426985988434410e-04
1.716927265007495151e-04
1.520333678185492587e-04
4.753633668275192292e-05
1.090282706207035268e-03
2.173783963943520803e-08
