0.000000000000000000e+00
1.057498877354845490e-08
2.007281740823430027e-08
2.890797534682576497e-08
3.705347195737118682e-08
4.407582276932942023e-08
5.071061681682920153e-08
5.699198679653960653e-08
6.235496152751096588e-08
6.731641633006546499e-08
7.197166485006789571e-08
7.608981089646249529e-08
7.983700489599954153e-08
8.314698807243559031e-08
8.625244274362842134e-08
8.917529048524386326e-08
9.174451143234563233e-08
9.408017809242608109e-08
9.620149066247307701e-08
9.803359690696566986e-08
9.977636261648825666e-08
1.013502258784271248e-07
1.028562555127621181e-07
1.039344472708592093e-07
1.051558742304337102e-07
1.061593759565937489e-07
1.071411446229575404e-07
1.079053619790215635e-07
1.084724552402605013e-07
1.091048836832086977e-07
1.095481658719421603e-07
1.098912314478894814e-07
1.101363266142740827e-07
1.102850226697427161e-07
1.103382807343677996e-07
1.102964424237740104e-07
1.100606540349602369e-07
1.098405233435073569e-07
1.094101567122862662e-07
1.091634729277757287e-07
1.085299905501102558e-07
1.079895369793248960e-07
1.072389106404614267e-07
1.062714745092563362e-07
1.052830130854331969e-07
1.042687112207119071e-07
1.030161838055931867e-07
1.016182935575926649e-07
9.986837623543465270e-08
9.834390279905846910e-08
9.633444808532232173e-08
9.425177105448767634e-08
9.203681039515743123e-08
8.939998041856966893e-08
8.658935357619412798e-08
8.351841984666208418e-08
8.026351872025827561e-08
7.645446875592654123e-08
7.248679501081767285e-08
6.790219853058943045e-08
6.308976130409149619e-08
5.767707711434866269e-08
5.172267203423785986e-08
4.502786743465492236e-08
3.796547742851430485e-08
2.988686498284209847e-08
2.133504062307167715e-08
1.164085206006859607e-08
1.319592657367252286e-09
1.010527428402241412e-08
2.288531641969626662e-08
3.598137676696921972e-08
5.043400230775318960e-08
6.582743006244839989e-08
8.203502399606321660e-08
9.885038787516009506e-08
1.159722052834766259e-07
1.332651098362447328e-07
1.496874562079142379e-07
1.648444452051478493e-07
1.779263159029653707e-07
1.889741290117541439e-07
1.963781163238920158e-07
2.004525943011259415e-07
2.012702136067190395e-07
1.970637092396643197e-07
1.900702375490226359e-07
1.796195945313883158e-07
1.665570372733071736e-07
1.513055213342440197e-07
1.352329834780618967e-07
1.180298535574664243e-07
1.008964429782821526e-07
8.426207087630643855e-08
6.773318561581476160e-08
5.223391974507052282e-08
3.766391898363252722e-08
2.425478473622177944e-08
1.169765373454367818e-08
1.757733958385188089e-10
