0.000000000000000000e+00
2.027391554637603122e-08
3.879227106207139286e-08
5.567212202350901862e-08
7.103717103440487790e-08
8.469091716811760762e-08
9.740538386981967278e-08
1.092621971787721691e-07
1.194672616389169661e-07
1.288539925869969238e-07
1.378195350065780644e-07
1.456061756721638289e-07
1.530593136678248811e-07
1.595972084489361009e-07
1.655474386463851033e-07
1.709620940371081588e-07
1.758876433388678606e-07
1.803654431364876132e-07
1.842904983062609858e-07
1.878870208305016831e-07
1.914600868957450075e-07
1.943380216751222633e-07
1.968275707975308819e-07
1.994885567846438335e-07
2.016598782406120449e-07
2.035831773161689284e-07
2.052718811595966031e-07
2.067375891590117476e-07
2.081223399175158306e-07
2.090381705510679922e-07
2.100196837551138174e-07
2.106773966392694319e-07
2.111472678922865498e-07
2.114323383040073168e-07
2.115344374109540126e-07
2.114542320130752273e-07
2.111911965307911032e-07
2.107436465337286791e-07
2.101086831185483561e-07
2.092821784760445780e-07
2.082587352569831296e-07
2.070315806568245875e-07
2.055925264476954339e-07
2.039318441893200884e-07
2.020381498768486495e-07
1.997627833150161791e-07
1.974969823237415767e-07
1.946794911944493833e-07
1.918386833832386174e-07
1.883994713569592250e-07
1.845162995728344413e-07
1.808746340481448556e-07
1.764480184185401868e-07
1.714312617417945717e-07
1.659725492597630137e-07
1.601897559044829222e-07
1.538769979214649197e-07
1.467739451088689862e-07
1.388075194785898248e-07
1.302233650912754115e-07
1.209524969070230327e-07
1.102766604699212394e-07
9.916016407984784564e-08
8.660114536596097423e-08
7.278561697798835439e-08
5.759401444649370205e-08
4.090258043376593378e-08
2.221385742018355813e-08
2.139380561594350638e-09
1.937344351610192916e-08
4.319959601151168727e-08
6.943374142309721719e-08
9.694845060082002419e-08
1.262024337256306694e-07
1.580859686489688443e-07
1.895137533569624111e-07
2.223397389533587898e-07
2.552986630988129946e-07
2.864368444654985524e-07
3.162369324183345043e-07
3.414800577861143438e-07
3.618080549605551255e-07
3.764960420093999005e-07
3.846866487577926819e-07
3.851344656524702259e-07
3.778105026608358230e-07
3.646144569602327579e-07
3.445723772976805321e-07
3.188543581389424730e-07
2.900812994255375088e-07
2.588342327136672338e-07
2.268714160980067618e-07
1.934364527444998316e-07
1.610932313100832403e-07
1.306316248506078637e-07
1.001412136547585874e-07
7.266221990764876182e-08
4.619101978686757093e-08
2.213073946322197116e-08
3.926412528443279371e-10
