0.000000000000000000e+00
8.958689567961641842e-09
1.083286371716951635e-08
1.232418123109368935e-08
1.349168887720963994e-08
1.439274255332634311e-08
1.509353297901583346e-08
1.563868723408745609e-08
1.606005384235942302e-08
1.639518809604112448e-08
1.665847371157269663e-08
1.686892125984940094e-08
1.703706586919651045e-08
1.717183906180252961e-08
1.728101595155351333e-08
1.737118426881067990e-08
1.744330913044933595e-08
1.750259648325425132e-08
1.755039391593271603e-08
1.759054002459237154e-08
1.762468126997873696e-08
1.765312962476173198e-08
1.767528945428864517e-08
1.769617563596170839e-08
1.771234436898083686e-08
1.772498825491908292e-08
1.773671154392530980e-08
1.774612656824103851e-08
1.775431657247139583e-08
1.776197366964993307e-08
1.776724034563414989e-08
1.777112879075559704e-08
1.777402647284986870e-08
1.777723124263275167e-08
1.778054581347277008e-08
1.778282288089627627e-08
1.778520108963732582e-08
1.778683922371016024e-08
1.778825076126366866e-08
1.778869151980444485e-08
1.778958214071479915e-08
1.779029923376640454e-08
1.779031233439809512e-08
1.778976521649155984e-08
1.778928404583268730e-08
1.778985558864576433e-08
1.778891212111943787e-08
1.778808023100708624e-08
1.778652403139346916e-08
1.778545211106319357e-08
1.778295721788225592e-08
1.778091407445003824e-08
1.777743585673619009e-08
1.777486047238596711e-08
1.777093028287879406e-08
1.776686975318853001e-08
1.776154545662933515e-08
1.775411251347946973e-08
1.774470914650549958e-08
1.773518720771249946e-08
1.772501789787384041e-08
1.771125712757282145e-08
1.769468715995259345e-08
1.767405499730756446e-08
1.765055723801367549e-08
1.762200496635557556e-08
1.758751921876466895e-08
1.754769052286775377e-08
1.749848810295162593e-08
1.743835842393792745e-08
1.736313226530228349e-08
1.727322740396886047e-08
1.716178532618073405e-08
1.702421348337423979e-08
1.685304695797640306e-08
1.663820459185672007e-08
1.636777291480484564e-08
1.602898402897068308e-08
1.559329887435012552e-08
1.503761870580433424e-08
1.432062346484741511e-08
1.339645316900117678e-08
1.220073220231654432e-08
1.067856358893948254e-08
8.766877557242480634e-09
6.433169774666680496e-09
4.074392045971819698e-09
2.182256375604652021e-09
2.410354027482242145e-09
7.265989809823736323e-09
1.862694665177855313e-08
3.292533379273265837e-08
3.941534543194791240e-08
3.167613682464320846e-08
1.727907306126041931e-08
6.505063820938516983e-09
2.224081918633658006e-09
2.292862344432933241e-09
4.283356447309927262e-09
2.409097227262790852e-16
