0.000000000000000000e+00
3.605192255839995141e-09
4.359113625618249444e-09
4.959031296714044856e-09
5.428683280683799239e-09
5.791152668521704072e-09
6.073057279287752408e-09
6.292356413695188166e-09
6.461861268292068416e-09
6.596675206083091325e-09
6.702587707074769696e-09
6.787242767813950195e-09
6.854883660700750170e-09
6.909099070639967977e-09
6.953015829758157906e-09
6.989286593928056845e-09
7.018301273475913149e-09
7.042150307334793524e-09
7.061381257500443098e-09
7.077526897880659362e-09
7.091264797587371049e-09
7.102705090744620975e-09
7.111618627320126507e-09
7.120019684947465066e-09
7.126528034362422659e-09
7.131612855815205876e-09
7.136332524915189879e-09
7.140113722492458237e-09
7.143411306920199877e-09
7.146490399456695286e-09
7.148608260898470235e-09
7.150172787184772005e-09
7.151341407940492445e-09
7.152630154827477327e-09
7.153961756323212740e-09
7.154877801340830956e-09
7.155834036431940604e-09
7.156490733351006384e-09
7.157059278561916926e-09
7.157241133093350527e-09
7.157597292639650277e-09
7.157884618358423268e-09
7.157893278098015344e-09
7.157669457136250912e-09
7.157474724017731660e-09
7.157710535388162043e-09
7.157326398221641739e-09
7.156995107671093592e-09
7.156368275751390229e-09
7.155937842284743056e-09
7.154931425112920351e-09
7.154113856877586386e-09
7.152709424751435563e-09
7.151675252003997230e-09
7.150091296814764519e-09
7.148459824080077851e-09
7.146320424311625175e-09
7.143326929970328365e-09
7.139547397727596945e-09
7.135714907846590904e-09
7.131623958045452127e-09
7.126086942754739084e-09
7.119424383361661057e-09
7.111123911940353537e-09
7.101670473907972791e-09
7.090188880454206810e-09
7.076313202070139141e-09
7.060290685423353807e-09
7.040500404897898079e-09
7.016312086882692256e-09
6.986051070967391752e-09
6.949883224471875565e-09
6.905053528960536369e-09
6.849710909584416640e-09
6.780855987820189057e-09
6.694431120557453596e-09
6.585644252155020695e-09
6.449362932592350717e-09
6.274097685832202842e-09
6.050563050585822111e-09
5.762135768527798518e-09
5.390372592728454038e-09
4.909368023220395116e-09
4.297044164935925892e-09
3.528029091093287661e-09
2.720551228740930583e-09
1.640385050016845980e-09
8.792310213223686333e-10
9.709850701256073080e-10
2.924248065916401629e-09
7.494416309761220418e-09
1.324622289633481387e-08
1.585695719175106433e-08
1.274370997617069179e-08
6.952208586596952955e-09
2.618153360778308070e-09
8.960509001454397549e-10
9.237224318781045440e-10
1.724442699746475682e-09
2.409097227262790852e-16
