0.000000000000000000e+00
5.664047468822985820e-07
9.941865454221598952e-07
1.315363552967241390e-06
1.563953577976562315e-06
1.759905827514174348e-06
1.917390038519428686e-06
2.041899632265753439e-06
2.144596433106826794e-06
2.228726939002001473e-06
2.297384448235462173e-06
2.357068110359072932e-06
2.407476031196509325e-06
2.449603803800215474e-06
2.485138304475498217e-06
2.517367296173134150e-06
2.545126365549599257e-06
2.569810402808236915e-06
2.591761573023099174e-06
2.609821627252983944e-06
2.627101151064792361e-06
2.641449404094942111e-06
2.654988231376442798e-06
2.665700029713669039e-06
2.677212338153545090e-06
2.686609704483089445e-06
2.695032567667787760e-06
2.702583837166372405e-06
2.709351297092155164e-06
2.715410032827492159e-06
2.720242196607713936e-06
2.725649593138257387e-06
2.729570933168723457e-06
2.733144373268103777e-06
2.736671912417776298e-06
2.739551998476308370e-06
2.741813591833341945e-06
2.744097011397883534e-06
2.745595457764871128e-06
2.747143548309516348e-06
2.748492039961192290e-06
2.748587846879146923e-06
2.749462408413450021e-06
2.749446521010945332e-06
2.748540016694889232e-06
2.748411973008124676e-06
2.747385116297351715e-06
2.745653325142427548e-06
2.743915110015038294e-06
2.742158436763730833e-06
2.738729599327527353e-06
2.736165510830446124e-06
2.733014167088931856e-06
2.728971786991607473e-06
2.724848934709811488e-06
2.720333731165425206e-06
2.714860362962312479e-06
2.708736900225439115e-06
2.701898038415251335e-06
2.694267569935959727e-06
2.685375365629738553e-06
2.675638234084232181e-06
2.665655395195365429e-06
2.653155808052254372e-06
2.640514303653418438e-06
2.625193553651428147e-06
2.608128453651659129e-06
2.589848121847815321e-06
2.567203933323547460e-06
2.543840032842581422e-06
2.515179270634604336e-06
2.483476744141732695e-06
2.446294440128227166e-06
2.402547398916432542e-06
2.351094159580568999e-06
2.292580164375834784e-06
2.221359634790864845e-06
2.135701512973042782e-06
2.030054962909311200e-06
1.902173732859502309e-06
1.744965462013858826e-06
1.544652962537362839e-06
1.286649552123542151e-06
9.592863161600462263e-07
5.190266936239140705e-07
6.548196140876427762e-08
8.528200819979403491e-07
1.913801307429352505e-06
3.309986981170354170e-06
5.053661551235322236e-06
6.956403380553588534e-06
8.527662250346068618e-06
9.125176290369907406e-06
8.409901335104663644e-06
6.772873796134781799e-06
4.871257878957813148e-06
3.167023331585028245e-06
1.798907734884558351e-06
7.670867987474849770e-07
0.000000000000000000e+00
