0.000000000000000000e+00
1.860301912515183176e-10
3.918029234384334814e-10
6.091386284268196505e-10
8.289270381212077154e-10
1.043191866223480702e-09
1.252183357003389119e-09
1.450161546401318446e-09
1.635510726849531693e-09
1.808193261787494066e-09
1.968395113571830279e-09
2.115567387939165656e-09
2.249917918639710024e-09
2.372766649827440233e-09
2.485202821311816024e-09
2.587138947518496934e-09
2.678557931012903737e-09
2.760322082018262790e-09
2.835051193805782077e-09
2.901052842396723008e-09
2.962032841224981894e-09
3.015479976831159092e-09
3.063153952709285477e-09
3.103933887693699489e-09
3.141131466044555509e-09
3.174593365962152802e-09
3.202392795387254409e-09
3.228585954140328340e-09
3.248272983924493928e-09
3.266208081775801020e-09
3.279132188005462467e-09
3.290041239445429255e-09
3.297869199947456309e-09
3.303277207322707909e-09
3.304634010881102313e-09
3.302617623823778104e-09
3.297600414953194559e-09
3.290638761477282515e-09
3.280391513982294782e-09
3.267980108745405232e-09
3.250792968145788109e-09
3.230866463255210874e-09
3.207154541939871706e-09
3.178629137678967709e-09
3.146305993517728439e-09
3.110138258044514714e-09
3.068383769289084739e-09
3.020149685895034963e-09
2.967954548793727554e-09
2.908623897290851801e-09
2.844629087839223303e-09
2.769294349391770993e-09
2.688971267872375392e-09
2.598489090566147297e-09
2.498224294100737097e-09
2.388078623738465467e-09
2.266502985293072925e-09
2.132662157983133966e-09
1.987509379297591749e-09
1.828247997437415506e-09
1.657351478279167623e-09
1.473460353729194594e-09
1.277207339889230298e-09
1.070620148091450119e-09
8.543712404218695156e-10
6.356494219872388385e-10
4.180903401262980879e-10
2.092618300864046432e-10
2.117273023571897284e-11
1.337093769038233404e-10
2.394562326202276381e-10
2.747612137810051536e-10
2.133658805192339969e-10
3.620592714526083000e-11
2.838239643310203064e-10
7.654540334911530408e-10
1.414268369082094523e-09
2.225395978605604341e-09
3.162296202674497181e-09
4.168769218715340230e-09
5.167495209512651400e-09
6.049247658346246226e-09
6.719673817379145930e-09
7.090905973505812199e-09
7.111503941281682728e-09
6.781953776346938412e-09
6.142667818842539873e-09
5.280788917261247661e-09
4.291908051179404993e-09
3.281670379884360500e-09
2.331188242443715808e-09
1.504455782175284639e-09
8.341570767456119029e-10
3.320618224833538079e-10
5.700884209147716319e-12
1.995636988993965133e-10
2.733332449267322772e-10
2.487104966419906305e-10
1.505955360414645838e-10
0.000000000000000000e+00
