0.000000000000000000e+00
4.639937212225220264e-08
6.525413431823778865e-08
8.471026657907998469e-08
1.040238771787826977e-07
1.230152196773914852e-07
1.411414130014776447e-07
1.584603894766445364e-07
1.744804931647081503e-07
1.893973039512886203e-07
2.032235486559841320e-07
2.158270097085690509e-07
2.274474305563600751e-07
2.380613437491518880e-07
2.477433819203511689e-07
2.564154860662526403e-07
2.643170277094597509e-07
2.715384839202528156e-07
2.779589233226076317e-07
2.836440270437279310e-07
2.887838116416574508e-07
2.934291021272628086e-07
2.976340015559131302e-07
3.013298820464527239e-07
3.044957287423599723e-07
3.073767894656853628e-07
3.099053234034698789e-07
3.120568888848040956e-07
3.137688677767869194e-07
3.152073924095333268e-07
3.165402472360412389e-07
3.174576456155264736e-07
3.180976172467708807e-07
3.185709005482095790e-07
3.186823376299940946e-07
3.185420606177657987e-07
3.181872456625711720e-07
3.175883541706170377e-07
3.166646781460613624e-07
3.153815604228782377e-07
3.139238526905785420e-07
3.122474487859960846e-07
3.102325775161673960e-07
3.076980402694218242e-07
3.049307187863448121e-07
3.017024142737412262e-07
2.980441085043139537e-07
2.939780207045217253e-07
2.894625396043792875e-07
2.842839227357174536e-07
2.786413961786138316e-07
2.722835125146261248e-07
2.652705698436008674e-07
2.574624347051468476e-07
2.487900496728201460e-07
2.393097242592290286e-07
2.287996605510045356e-07
2.172612849626887055e-07
2.048283874733769494e-07
1.912130261905176098e-07
1.763267225562969998e-07
1.603711796693829683e-07
1.433087229996132805e-07
1.252071818447220153e-07
1.063426990910443237e-07
8.703630494100167425e-08
6.762104776125710259e-08
4.858199764701254253e-08
9.957316518538483763e-08
1.465720911308920904e-08
4.609765347218797160e-09
1.435240815084171118e-09
2.207191096559313337e-10
1.036253960418065390e-08
3.178949459226032559e-08
6.569062305228356990e-08
1.130762652401529067e-07
1.731886328792953123e-07
2.437433943569544681e-07
3.200060487706934964e-07
3.959526847507888192e-07
4.635820999299156142e-07
5.147586537024295694e-07
5.435051112501199100e-07
5.451080752338910429e-07
5.196114482020064429e-07
4.709437988470455139e-07
4.046528939705140715e-07
3.293255529390748393e-07
2.528392150091818280e-07
1.812447645299641863e-07
1.196320633667369293e-07
7.090009901400406989e-08
3.514159840900532572e-08
1.230930501971982949e-08
2.642845942091298639e-10
1.752388012477013035e-09
3.528671577157638239e-09
1.424071394140469238e-08
0.000000000000000000e+00
