0.000000000000000000e+00
6.425987150171508233e-07
6.591406179756731376e-07
6.865675470368870492e-07
7.234324299609795617e-07
7.698462819449858330e-07
8.261220504346411531e-07
8.898632064546774245e-07
9.603342775443834967e-07
1.036484416294669586e-06
1.116861104710764607e-06
1.200769809694968160e-06
1.286900859320816437e-06
1.373292104256407242e-06
1.458881095262043459e-06
1.542473950566503049e-06
1.621806305474038368e-06
1.696810200013665337e-06
1.765602107961505851e-06
1.827584761415756986e-06
1.881141952764231462e-06
1.925645341627202356e-06
1.959843634602442819e-06
1.984922688880175201e-06
1.998304476225065685e-06
2.001147196617480972e-06
1.992912344817021619e-06
1.974127259551927693e-06
1.943778302648802025e-06
1.905133541035830547e-06
1.855290579277912855e-06
1.798037605804658767e-06
1.732429612655295159e-06
1.660126686453544664e-06
1.583160885609835589e-06
1.501510919932336208e-06
1.416657714248259481e-06
1.330599127880027766e-06
1.244316438331338759e-06
1.158985165172765619e-06
1.076688248224932920e-06
9.983241485711502605e-07
9.249359521623645719e-07
8.576735442966665346e-07
7.979678550151803051e-07
7.462496545151964256e-07
7.044482680518271422e-07
6.723871879277254493e-07
6.503940233049121389e-07
6.395872992337459095e-07
6.389288693675609920e-07
6.502791715101707837e-07
6.724838851335235290e-07
7.045625304291647240e-07
7.462799362922822866e-07
7.978293555810367366e-07
8.580857715489997872e-07
9.252563833994642550e-07
9.986309241760693567e-07
1.077183891085020662e-06
1.159370411119020616e-06
1.244429202684749214e-06
1.330974263802353619e-06
1.416973602119675490e-06
1.502006977349701344e-06
1.583454657172467250e-06
1.660678282444649767e-06
1.732416233912736914e-06
1.798235969352468544e-06
1.855623641522363698e-06
1.905480424557737251e-06
1.943969148765489763e-06
1.974352522249311903e-06
1.993177392800582481e-06
2.001680525443028102e-06
1.998354741683527891e-06
1.985291527617505380e-06
1.960080003526876169e-06
1.925800752644590830e-06
1.881304816042650430e-06
1.827527495668057611e-06
1.765940371267760156e-06
1.696890195912459376e-06
1.621968365395076717e-06
1.542527277242911055e-06
1.458989511538000272e-06
1.373293445516843292e-06
1.287055947041260140e-06
1.200870779594076510e-06
1.116714683280228826e-06
1.036385641972614735e-06
9.602853776602415792e-07
8.896476872966019300e-07
8.261621637917215821e-07
7.701363756718038189e-07
7.234312747739224392e-07
6.865859801807872032e-07
6.591559067459229482e-07
6.427448097090504575e-07
0.000000000000000000e+00
