0.000000000000000000e+00
1.199118335737381358e-07
1.229986185125042653e-07
1.281165955546725854e-07
1.349957202689822111e-07
1.436567175217007275e-07
1.541579826014327637e-07
1.660523055724283381e-07
1.792024418856286161e-07
1.934122955127293153e-07
2.084108216005020608e-07
2.240684158216765809e-07
2.401406877794443062e-07
2.562614896950421439e-07
2.722325748161225079e-07
2.878311590182036639e-07
3.026347070722579247e-07
3.166305432289462374e-07
3.294672016318500596e-07
3.410332316544639752e-07
3.510270565332263004e-07
3.593314222838372984e-07
3.657128443412815955e-07
3.703926143572289220e-07
3.728896563748307358e-07
3.734201065030973155e-07
3.718834720167762953e-07
3.683781494290272462e-07
3.627150041429771932e-07
3.555038519120756746e-07
3.462030984113795284e-07
3.355196177556862835e-07
3.232770778849314297e-07
3.097852382394350457e-07
2.954232910523657551e-07
2.801872464042176603e-07
2.643534604551689426e-07
2.482947298876325704e-07
2.321941577898556375e-07
2.162711091324709400e-07
2.009142651138162705e-07
1.862912761829704777e-07
1.725967959664842510e-07
1.600453903849441417e-07
1.489040918345452269e-07
1.392532783528466211e-07
1.314529745055637022e-07
1.254702512998306929e-07
1.213662327304021460e-07
1.214145389782927964e-07
1.227633051881227289e-07
1.213447976544657081e-07
1.254882865397988212e-07
1.314742851254990796e-07
1.392589153992318529e-07
1.488782293002088863e-07
1.601222955338599263e-07
1.726565670434609956e-07
1.863484960784589362e-07
2.010067282620653373e-07
2.163429685397844082e-07
2.322151724243326498e-07
2.483646966977559600e-07
2.644123723305469298e-07
2.802797810508295129e-07
2.954780713437799022e-07
3.098881276031306697e-07
3.232745426906546982e-07
3.355565976193020106e-07
3.462652049535108745e-07
3.555685387235385519e-07
3.627505774650430226e-07
3.684201489440042110e-07
3.719328954820966260e-07
3.735195931442447659e-07
3.728990108919916224e-07
3.704614112143289617e-07
3.657569292991880161e-07
3.593603987717131076e-07
3.510574265730426191e-07
3.410225272171274469e-07
3.295303048211906116e-07
3.166454518588324163e-07
3.026649335602371593e-07
2.878410941820064295e-07
2.722527900900217901e-07
2.562617279489032285e-07
2.401696125309271679e-07
2.240872482017763900e-07
2.083834910182602584e-07
1.933938565956694333e-07
1.791933093020503520e-07
1.660120847457591253e-07
1.541654620629273609e-07
1.437108498869577033e-07
1.349955032203808969e-07
1.281200286973316338e-07
1.230014725628336691e-07
1.199390916584164302e-07
0.000000000000000000e+00
