0.000000000000000000e+00
4.425458777213009398e-09
4.538471931603282883e-09
4.727350733091384427e-09
4.981080325983100465e-09
5.302679628726991723e-09
5.688482018761931158e-09
6.125603468909446292e-09
6.612016933971176513e-09
7.135967372562390665e-09
7.689052394788120637e-09
8.268496776153710925e-09
8.861843148189052499e-09
9.455543570346947035e-09
1.004551175576295918e-08
1.062060439593892625e-08
1.116748915563903211e-08
1.168323826572503776e-08
1.215853984160020218e-08
1.258248760738212013e-08
1.295270435353046423e-08
1.325891896275521731e-08
1.349489198165798598e-08
1.366840252092771379e-08
1.375836466976920747e-08
1.378124103723621374e-08
1.372271762889454294e-08
1.359311285753506127e-08
1.338399613359797513e-08
1.311907638079645722e-08
1.277588612680347069e-08
1.238084268440076130e-08
1.192780285652617067e-08
1.143394889879800758e-08
1.090237244927294569e-08
1.034167806945873735e-08
9.756284669037995627e-09
9.164216496770904996e-09
8.568374121331601145e-09
7.982760785729681174e-09
7.416891434353090062e-09
6.876050395732136167e-09
6.370819982670639092e-09
5.908328493120507119e-09
5.493396515454662676e-09
5.138444336694192316e-09
4.851181789611302975e-09
4.630277494754864165e-09
4.477375137312833431e-09
4.402195385999618793e-09
4.402986975016176530e-09
4.478169279842347805e-09
4.629606475958780720e-09
4.850380430632128537e-09
5.138233949431025849e-09
5.494354082813401874e-09
5.905486766266676568e-09
6.368614524632221219e-09
6.873965729958797510e-09
7.413478719797694794e-09
7.980138438945516555e-09
8.567622389321627452e-09
9.161643221844428808e-09
9.754118845961556872e-09
1.033827146112997752e-08
1.090036527706672587e-08
1.143018990568123172e-08
1.192789556014872687e-08
1.237950553178990276e-08
1.277362915441671021e-08
1.311671116166479578e-08
1.338270028128363265e-08
1.359155832325598112e-08
1.372090985274354580e-08
1.377756908560456850e-08
1.375803759806615290e-08
1.366586210860276651e-08
1.349327860555860070e-08
1.325786802564010713e-08
1.295155338532083533e-08
1.258288040428823251e-08
1.215622125183557500e-08
1.168269114781850249e-08
1.116636483278199421e-08
1.062024790332571911e-08
1.004476801735876279e-08
9.455559335513896713e-09
8.860761679940765134e-09
8.267766804515019885e-09
7.690065140231183705e-09
7.136661039908176463e-09
6.612342895451206459e-09
6.127098273189801603e-09
5.688212234566947245e-09
5.300681782394178754e-09
4.981096313194655067e-09
4.727227165268743647e-09
4.538374342999418332e-09
4.424454469464933482e-09
0.000000000000000000e+00
