0.000000000000000000e+00
8.188483625382048103e-06
9.550086627840848053e-06
9.981545014192683141e-06
1.016928728858612629e-05
1.026688406413622801e-05
1.032409837831149702e-05
1.036032790879826138e-05
1.038506741868339134e-05
1.040269611640720626e-05
1.041556899672446690e-05
1.042523374872317277e-05
1.043291359303921695e-05
1.043884843343612090e-05
1.044371034253366304e-05
1.044769452651639341e-05
1.045100205099291912e-05
1.045384601328080976e-05
1.045610803329655170e-05
1.045818534406439682e-05
1.045994497139712820e-05
1.046139072968799155e-05
1.046276446337035537e-05
1.046391810965996427e-05
1.046493556322580787e-05
1.046578146901566697e-05
1.046663751524956609e-05
1.046732860221499806e-05
1.046793684100766342e-05
1.046850923513975573e-05
1.046907486634829354e-05
1.046951345928803789e-05
1.046995037878861723e-05
1.047030083300981573e-05
1.047065804382629750e-05
1.047095875961190359e-05
1.047115634333906087e-05
1.047141937460249750e-05
1.047168330792214164e-05
1.047185117120097431e-05
1.047201799064811922e-05
1.047213609062236372e-05
1.047226105099774429e-05
1.047241530771625406e-05
1.047250218799700150e-05
1.047252261132669560e-05
1.047262275089000383e-05
1.047265734466229503e-05
1.047260508346692376e-05
1.047267643461413655e-05
1.047266107223610021e-05
1.047258050024257869e-05
1.047253142161252981e-05
1.047246500585075069e-05
1.047242944895998562e-05
1.047232682271914683e-05
1.047220494154732506e-05
1.047201379134055088e-05
1.047189936842496394e-05
1.047166377621255862e-05
1.047150265176544082e-05
1.047121613229062831e-05
1.047097886563985725e-05
1.047070506055014505e-05
1.047032471723774449e-05
1.046998628584372426e-05
1.046960064132740342e-05
1.046912437796532203e-05
1.046864193787744313e-05
1.046807932969517907e-05
1.046737497867322730e-05
1.046667203252749090e-05
1.046596228493346104e-05
1.046502122992176709e-05
1.046405446125664440e-05
1.046294635587141642e-05
1.046159858530959497e-05
1.046018336736675991e-05
1.045848598246745809e-05
1.045645455510779698e-05
1.045422199186241130e-05
1.045151691014822859e-05
1.044830003926744411e-05
1.044443197073530172e-05
1.043961068047938312e-05
1.043390029442647915e-05
1.042645554061305546e-05
1.041719711547539617e-05
1.040471305235879385e-05
1.038806088005106432e-05
1.036482552463358076e-05
1.033056825916478516e-05
1.027725790414546481e-05
1.018769166860611364e-05
1.001942661715826688e-05
9.644188160407018984e-06
8.534537668691832835e-06
2.674236408872765480e-06
5.884091486729747800e-05
2.997602166487922659e-15
