0.000000000000000000e+00
3.097432765830632206e-08
3.614998078660391911e-08
4.150762333843260876e-08
4.682623166996080499e-08
5.202861874664677089e-08
5.704620797963855239e-08
6.181312151021245427e-08
6.623897252922006373e-08
7.033857318816671977e-08
7.413377023368639129e-08
7.759680842323035677e-08
8.081636659884594565e-08
8.373770754577236630e-08
8.639181858782762902e-08
8.877897306192039650e-08
9.096509667738672533e-08
9.292333036370337140e-08
9.469694717267884698e-08
9.627567487680011027e-08
9.769224940114895617e-08
9.897750519183290407e-08
1.001044237503023737e-07
1.011432286812663506e-07
1.020150934838426338e-07
1.027970857325755105e-07
1.035045544828250286e-07
1.040957484654825294e-07
1.045571548230483927e-07
1.049625324434089180e-07
1.053392971739341988e-07
1.056009574229577197e-07
1.057582397212541991e-07
1.058695366928930071e-07
1.059283423199275376e-07
1.059046921270123676e-07
1.057869266629651861e-07
1.056198397630936370e-07
1.053580304111179089e-07
1.050228057852820029e-07
1.046293244266749412e-07
1.041582533556351109e-07
1.035901379120574006e-07
1.028860848739654443e-07
1.021170928927617183e-07
1.012504772246458629e-07
1.002429936836080060e-07
9.912553022850545403e-08
9.785198784584281384e-08
9.647359022757484581e-08
9.491906149960982475e-08
9.318458005225238594e-08
9.122606581257741709e-08
8.907757864662357861e-08
8.668778928022646824e-08
8.408211926713704543e-08
8.118983718663486115e-08
7.801366419535327168e-08
7.460907114342774094e-08
7.084484132668933398e-08
6.676596975285775670e-08
6.238279293135917669e-08
5.765796573520276525e-08
5.265945590693377198e-08
4.748490733952337450e-08
4.218013893719785301e-08
3.682686544603797074e-08
3.158636374678280845e-08
5.712804598823062463e-08
2.260175047119616920e-08
1.947906291821510649e-08
1.781348091256518273e-08
1.815880801281366530e-08
2.101902496498553319e-08
2.695979850475538342e-08
3.633829936955379480e-08
4.935752295764928022e-08
6.593473611538058776e-08
8.530985784460654031e-08
1.063243234566968454e-07
1.272009739761159608e-07
1.458061853476522174e-07
1.599142009922616126e-07
1.677895844487409249e-07
1.682353738541308985e-07
1.612042830334559085e-07
1.478205934324350324e-07
1.295772004139550404e-07
1.088314344199758921e-07
8.776122384368534313e-08
6.806823638072501126e-08
5.112461876066731747e-08
3.771223644477572634e-08
2.789103326072961408e-08
2.153696976314734002e-08
1.826040740837697740e-08
1.770399871148242710e-08
1.914995628737869993e-08
2.213258554206731787e-08
8.222695072578056763e-11
