0.000000000000000000e+00
3.289206855772164317e-07
4.081931282984285758e-07
4.437212628438658157e-07
4.624548501919178989e-07
4.734888354729349658e-07
4.805258053686145558e-07
4.852891548612348060e-07
4.886831559414162029e-07
4.911816207098240739e-07
4.930655022050700609e-07
4.945305117631804137e-07
4.956943174816430542e-07
4.966420739105359416e-07
4.974256635481566491e-07
4.980724817027493145e-07
4.986013353303064832e-07
4.990638859947438277e-07
4.994675950609206438e-07
4.997966969177980445e-07
5.000928745557686739e-07
5.003590757279852141e-07
5.005785339573520787e-07
5.007844374738112947e-07
5.009621074636427807e-07
5.011195773896304217e-07
5.012583182972818463e-07
5.013832822253760924e-07
5.014954741477950506e-07
5.015956819898192975e-07
5.016864231821571707e-07
5.017705206888933844e-07
5.018426068037484811e-07
5.019109572401703190e-07
5.019706696973713633e-07
5.020237608954758457e-07
5.020750966089337908e-07
5.021157343243487503e-07
5.021544540184663674e-07
5.021915603364845992e-07
5.022206046589872130e-07
5.022490490169673194e-07
5.022697574519341401e-07
5.022910135599190085e-07
5.023067914944334689e-07
5.023195539521907449e-07
5.023295422956763900e-07
5.023381278723704213e-07
5.023400804216038296e-07
5.023399323178523446e-07
5.023355397204554151e-07
5.023291559380638205e-07
5.023228908385135583e-07
5.023071641963028355e-07
5.022916040875458066e-07
5.022724312020443449e-07
5.022514213415263384e-07
5.022266570398059571e-07
5.021964879503570955e-07
5.021588975751001271e-07
5.021252897918770941e-07
5.020818765189005717e-07
5.020310545056361207e-07
5.019785666027232196e-07
5.019199984523936564e-07
5.018546156421166415e-07
5.017814248553520429e-07
5.017013783303880814e-07
5.016099392518569289e-07
5.015105793981788906e-07
5.014016950521948957e-07
5.012780066593336414e-07
5.011411288169398404e-07
5.009831420821342363e-07
5.008072481160752432e-07
5.006168778409758602e-07
5.003954166582502694e-07
5.001329056453229782e-07
4.998428861924253397e-07
4.995184526013218829e-07
4.991217820160542828e-07
4.986869459600029586e-07
4.981582633067915822e-07
4.975295474496377324e-07
4.967799338562173261e-07
4.958494733697804691e-07
4.947316277759128411e-07
4.933131029227766362e-07
4.914961254653960054e-07
4.891110375604412752e-07
4.858866402557282527e-07
4.813359492095159453e-07
4.747242999814105247e-07
4.644608626591661960e-07
4.472271306621422582e-07
4.152355345121705454e-07
3.460099160523810724e-07
1.159107437809225871e-07
1.261937475838248446e-05
1.443289932012703503e-15
