0.000000000000000000e+00
1.343347433291341986e-09
1.952387695958179847e-09
1.891752754445974460e-09
1.503081659137706083e-09
8.856680944191452909e-10
1.317972397885114333e-10
7.426650405761847651e-10
1.633814861179416766e-09
2.549281119534896334e-09
3.406200654865187971e-09
4.192409641667893538e-09
4.934567754411034457e-09
5.663337798722523075e-09
6.191591794824091721e-09
6.824539489080905241e-09
7.278239011476728137e-09
7.741548735396008851e-09
8.165424336681326167e-09
8.460991574033016605e-09
8.755719149711183036e-09
8.981466792512549091e-09
9.250225141421708486e-09
9.502939879446614668e-09
9.625317209938089036e-09
9.795385724764571478e-09
9.894016494982338372e-09
9.934046807380525479e-09
1.001241400899743894e-08
1.010519412592003619e-08
1.016941841847085470e-08
1.022758366886478143e-08
1.024123208459570833e-08
1.023461915217183105e-08
1.025057350112490440e-08
1.027207796600038137e-08
1.027212181980985406e-08
1.025387774689079379e-08
1.020015449881839231e-08
1.011761585623105475e-08
1.005368466255873727e-08
9.995861804945604945e-09
9.936210521033217447e-09
9.750008800324394542e-09
9.636706543858508667e-09
9.474777074025553247e-09
9.261155620166050539e-09
9.046120852396200007e-09
8.781894433873560502e-09
8.524993377889700241e-09
8.220287894822320141e-09
7.845637028935925628e-09
7.381219635504976395e-09
6.863103529930469904e-09
6.308194411275280800e-09
5.748651332737608755e-09
5.004934133800986729e-09
4.298903566457568104e-09
3.494427525119192524e-09
2.664775289318299656e-09
1.762677337424634061e-09
8.544704943602710046e-10
2.908318030847567570e-11
8.039865440068183489e-10
1.448474007403888209e-09
1.847733077653401779e-09
1.907615954088726085e-09
1.382989389675515213e-09
1.978193164831054673e-10
2.065172921561497787e-09
5.530827684729899829e-09
1.076160471846776545e-08
1.813059236077663172e-08
2.789531872160466719e-08
4.062604219701171360e-08
5.648214029818632298e-08
7.531688084316812137e-08
9.694432656637275159e-08
1.208103008742966722e-07
1.451471046687302646e-07
1.685032247067397293e-07
1.887510333586917000e-07
2.037907005369987701e-07
2.121504050212053016e-07
2.126706826199864508e-07
2.052395196017187118e-07
1.910339709754182991e-07
1.712204271697714830e-07
1.478981472846641054e-07
1.235574300650910118e-07
9.977082315870688944e-08
7.775840915602572068e-08
5.854717044506685397e-08
4.233557382438135619e-08
2.930439424453368247e-08
1.915937497543040990e-08
1.150327488819158361e-08
6.045417833000499286e-09
2.321456582521363998e-09
3.330669073875469621e-16
