0.000000000000000000e+00
7.220483429415391896e-05
9.327324150987248430e-05
1.061289552065636244e-04
1.162022077684232713e-04
1.239965807192655589e-04
1.300200582943222827e-04
1.347186417025580951e-04
1.383627982626256525e-04
1.412479571304414705e-04
1.435231584125951088e-04
1.453387695483643327e-04
1.467878826425517147e-04
1.479531747518025853e-04
1.488977306498551201e-04
1.496785427043123562e-04
1.503049253375188243e-04
1.508130290198694823e-04
1.512261727579788939e-04
1.515782037087021195e-04
1.518746857126496153e-04
1.521070084019582325e-04
1.523070569581230771e-04
1.524816831631747860e-04
1.526217698541998402e-04
1.527421340135060035e-04
1.528439548180715590e-04
1.529221526030966061e-04
1.529909612286717291e-04
1.530494915544799994e-04
1.530948541591525824e-04
1.531308532330966088e-04
1.531671317005489641e-04
1.531867871271685999e-04
1.532098872453202532e-04
1.532300161353195023e-04
1.532478552507265945e-04
1.532624158468998132e-04
1.532795621169702471e-04
1.532918444446806916e-04
1.532945483857517388e-04
1.532980419559626384e-04
1.532967988542299764e-04
1.532977850702277323e-04
1.532929964958018587e-04
1.532994901656259401e-04
1.532911730517394489e-04
1.532801380283999038e-04
1.532641251488220391e-04
1.532470959036968949e-04
1.532349694214341085e-04
1.532147805246575345e-04
1.531905586068527114e-04
1.531642583988412909e-04
1.531336330063970408e-04
1.530938305227547147e-04
1.530454386701185499e-04
1.529826686514912382e-04
1.529195868585908613e-04
1.528394337972915906e-04
1.527382227276552484e-04
1.526162971566824567e-04
1.524705559606820415e-04
1.522920384474657496e-04
1.520927097657942539e-04
1.518508853225464250e-04
1.515547456578669738e-04
1.512018501764744727e-04
1.507689645059429040e-04
1.502593533037055451e-04
1.496198785783109386e-04
1.488207923875384253e-04
1.478638586255298648e-04
1.466713737440228371e-04
1.451950006482460864e-04
1.433482458409462978e-04
1.410158640662295682e-04
1.380710015643771271e-04
1.343354845040334311e-04
1.295236147564882145e-04
1.233195813986620593e-04
1.153124326885857087e-04
1.050268808514553953e-04
9.183433433601617679e-05
9.551784724481926503e-05
1.361925471702468693e-04
4.501029809189649455e-05
1.812686584112821464e-05
1.998522554413906249e-05
6.174557660132418135e-05
1.602688397138729570e-04
2.844642323808210804e-04
3.413146442221570709e-04
2.746169706612233696e-04
1.500415098041329998e-04
5.640318366217922375e-05
1.925566154559188448e-05
1.973282887768323945e-05
2.954294314638783447e-05
2.079630583408723088e-08
