0.000000000000000000e+00
3.413876614732913595e-08
5.991925600135061813e-08
7.953138858596275895e-08
9.451956217709778230e-08
1.063738899187427478e-07
1.157389786232698725e-07
1.232199449141546665e-07
1.293688111081436887e-07
1.344875987241422877e-07
1.386573416084502242e-07
1.421661152134490180e-07
1.452118952860459444e-07
1.478221671735724385e-07
1.499958615092111813e-07
1.519415080419861397e-07
1.535353482129409031e-07
1.550245131154426304e-07
1.563049951691652950e-07
1.574048398289562556e-07
1.584063555881698449e-07
1.593298917246244173e-07
1.601221226721349922e-07
1.608252182538905117e-07
1.614621735201993147e-07
1.620565505122684158e-07
1.625052068465748789e-07
1.630192428825338880e-07
1.634270930805925559e-07
1.637922327768492892e-07
1.640919330414547517e-07
1.643828965169902290e-07
1.646374168107200830e-07
1.648954341959552039e-07
1.650691987542529660e-07
1.652131302876114205e-07
1.653915553401219540e-07
1.655425689861544924e-07
1.656194075216887995e-07
1.656710260089511166e-07
1.657566892632189592e-07
1.657960724266160923e-07
1.658152121164491177e-07
1.658178729879722368e-07
1.658224828560150854e-07
1.657518600151064447e-07
1.656899334401273904e-07
1.656363255442272475e-07
1.655316076432100658e-07
1.654042871557237504e-07
1.652532923834826306e-07
1.650512704287621091e-07
1.648187938352307924e-07
1.646441823988098463e-07
1.643527642869457850e-07
1.640623471521607257e-07
1.637591081626865730e-07
1.633591284466717752e-07
1.629194683605561522e-07
1.624590505455714151e-07
1.620051250927900810e-07
1.613724842641772739e-07
1.607610506937362516e-07
1.600791466049855671e-07
1.592449269116613664e-07
1.583799102977678785e-07
1.573377932384545375e-07
1.561944714678631385e-07
1.549301897885158041e-07
1.534560185589839421e-07
1.517370193937495060e-07
1.497584739551527377e-07
1.475520088334292268e-07
1.449079978232958865e-07
1.419368231836415362e-07
1.383338976701509182e-07
1.339928514809685112e-07
1.287866148169669600e-07
1.225161407880648312e-07
1.148675674578214512e-07
1.053641952575290475e-07
9.323837624197750529e-08
7.788359646099252132e-08
5.786908130467338651e-08
3.128257564100067611e-08
3.681079885353710779e-09
5.106180755998224186e-08
1.148105739368077138e-07
1.988581133094413644e-07
3.034693912828956286e-07
4.182727046941892013e-07
5.126189011050996669e-07
5.480968101601035869e-07
5.055381878671383333e-07
4.074672533826984022e-07
2.933780927083518009e-07
1.898977695091730311e-07
1.081201054242697523e-07
4.604658121465377008e-08
5.551115123125782702e-16
