0.000000000000000000e+00
1.496085947350067613e-07
2.289579370540195669e-07
2.777232824824338309e-07
3.129784605926388963e-07
3.412637278321639656e-07
3.673365609468959292e-07
3.914659150172639102e-07
4.145554326484557350e-07
4.368103727614425225e-07
4.579129069259835205e-07
4.768553003575703997e-07
4.955701897735309558e-07
5.123092093883840903e-07
5.274025747237232054e-07
5.421573461283912820e-07
5.558163831409501654e-07
5.687052462288733068e-07
5.803752284316843202e-07
5.915380308918471997e-07
6.008663475665088072e-07
6.102215531766930212e-07
6.182589337155874887e-07
6.264460428173634909e-07
6.333584443574125089e-07
6.400139960227591018e-07
6.460255722595675820e-07
6.517432307173720574e-07
6.568584484112349742e-07
6.609320302164434224e-07
6.652363215842171940e-07
6.692916834083462163e-07
6.726699093295707144e-07
6.756288188913828208e-07
6.782626280621428805e-07
6.805422229083646357e-07
6.824302332120169012e-07
6.841967890025557608e-07
6.853775411652662797e-07
6.869881596927029932e-07
6.876434663904973377e-07
6.881859870855322470e-07
6.884514244243078451e-07
6.885572884085533474e-07
6.879127206760315971e-07
6.872423570225549838e-07
6.862046466604709849e-07
6.850532388025243336e-07
6.839218975596139671e-07
6.821334302964388030e-07
6.803420915524327484e-07
6.779434893466884660e-07
6.753803680759062900e-07
6.721848296864507688e-07
6.685397726524655582e-07
6.653003005174795703e-07
6.601544497719658011e-07
6.554109036605026972e-07
6.502476769254528222e-07
6.456157539691531611e-07
6.388121820410930241e-07
6.325037472665329119e-07
6.252845990983857405e-07
6.177322279254937598e-07
6.092784626821057259e-07
5.998798060513621522e-07
5.898985333541162390e-07
5.786870693746948291e-07
5.674119371024133329e-07
5.549968408180561141e-07
5.411325461057714392e-07
5.258542845609781580e-07
5.109969517524959315e-07
4.930459391871977459e-07
4.741066843561014821e-07
4.554231419762189148e-07
4.343885603441677290e-07
4.122355552471645979e-07
3.892007008898801246e-07
3.645815466191137943e-07
3.379173822981584863e-07
3.089002633682724763e-07
2.718652574174029724e-07
2.229141224940889288e-07
1.381572523051488588e-07
2.163012902123284675e-08
3.484733177572252316e-07
1.028405075320648621e-06
2.389526519541718130e-06
4.892745774087714494e-06
8.652264478881122045e-06
1.261639124405800061e-05
1.433701637398865358e-05
1.228451047130540985e-05
8.236588061594218857e-06
4.567951476297515967e-06
2.203724630223113934e-06
9.314165879681368665e-07
3.026021555552205200e-07
2.553512956637860043e-15
