0.000000000000000000e+00
7.704947790898586391e-12
3.099132062089893225e-11
6.946077046876553140e-11
1.226136969734170634e-10
1.897088042213113113e-10
2.696300960280950676e-10
3.604404552604023593e-10
4.611930837228328528e-10
5.701918937006666965e-10
6.860786383455774740e-10
8.061503686818127790e-10
9.294274239124433734e-10
1.053835685382864540e-09
1.176674979674885435e-09
1.294919949046402508e-09
1.409380834260787196e-09
1.516457626138389969e-09
1.615163891521831374e-09
1.703296614863347713e-09
1.779966840587121624e-09
1.843455721406428438e-09
1.893243561923441121e-09
1.928083914748413008e-09
1.947196515139637540e-09
1.951780626008314812e-09
1.939724825206212699e-09
1.913502689632196052e-09
1.870221977284813875e-09
1.813407091155738726e-09
1.743416966348831920e-09
1.660839021866422627e-09
1.567475371722082400e-09
1.464536492079560048e-09
1.353416934080087231e-09
1.236572066964924943e-09
1.116366776798827232e-09
9.925307242752978709e-10
8.680323126952771418e-10
7.466238738373931483e-10
6.283832343356721140e-10
5.159281890598776954e-10
4.108767770460985957e-10
3.148667993002618459e-10
2.292199763331836948e-10
1.554888440224999613e-10
9.554546043233358432e-11
4.949662901765350398e-11
1.890043677121866494e-11
3.359201805608336144e-12
3.092970324303223606e-12
1.864675081009181667e-11
4.994082924980602911e-11
9.587597382676449342e-11
1.563607021637380967e-10
2.294047174444813209e-10
3.147806459935509338e-10
4.108350326603726899e-10
5.157878568695650756e-10
6.288005671706287103e-10
7.471143703696725424e-10
8.691408703853653606e-10
9.928282640458974129e-10
1.116033709891439685e-09
1.237313584923072085e-09
1.354872325443068348e-09
1.464978360843360861e-09
1.568807084240120275e-09
1.661704995825630249e-09
1.743989841429538501e-09
1.815174233144034588e-09
1.871505950212792868e-09
1.912746405707821395e-09
1.940330451866145722e-09
1.952518369208178228e-09
1.948847749844162536e-09
1.928914694637740013e-09
1.893805889885413762e-09
1.844601693612446525e-09
1.781259473254692693e-09
1.703410967834884104e-09
1.616014877470206557e-09
1.517673098305749591e-09
1.409717453881853544e-09
1.296086349356073697e-09
1.176092334631562153e-09
1.053742759715703414e-09
9.297014269549208620e-10
8.066969314768357435e-10
6.862386214834259590e-10
5.704124950156597151e-10
4.610984927211347895e-10
3.602028675331325758e-10
2.693216760718541991e-10
1.896384160815500763e-10
1.229205626174234567e-10
6.974176791629815853e-11
3.129396741741174992e-11
7.792766432146436273e-12
0.000000000000000000e+00
