0.000000000000000000e+00
4.168516087865725694e-09
7.704745619285802150e-09
1.054492348995239581e-08
1.277081584927231006e-08
1.449059994218515612e-08
1.581937036920777473e-08
1.684678874180889352e-08
1.764271162496555689e-08
1.826383966285760607e-08
1.874683397407039820e-08
1.913029923361619922e-08
1.943371885637645846e-08
1.967448204354127483e-08
1.986480957505420974e-08
2.001688803598966615e-08
2.013992361771244077e-08
2.023885514734757862e-08
2.031813206571086994e-08
2.038112301150363237e-08
2.043366020831882679e-08
2.047748770550583686e-08
2.051029268645976344e-08
2.053567504933795362e-08
2.055489323193882001e-08
2.057029657720477189e-08
2.058437653662537059e-08
2.059592452141600916e-08
2.060770187828353528e-08
2.061198667302477361e-08
2.061878301429231897e-08
2.061836168465447372e-08
2.062519066647894306e-08
2.062686965675908368e-08
2.062738280184106543e-08
2.062595194640692853e-08
2.062776272016009216e-08
2.062609372188717316e-08
2.062855430917664989e-08
2.062842219263671950e-08
2.062583714934618229e-08
2.062646242695365117e-08
2.062721005113843376e-08
2.063059456602900354e-08
2.062925730239584254e-08
2.062579540496045638e-08
2.062766413235550544e-08
2.062756920828689999e-08
2.062772475053264998e-08
2.062793458268430413e-08
2.062682413761507405e-08
2.062781734313290372e-08
2.062350223930309312e-08
2.062129478286323092e-08
2.061927639740446239e-08
2.061421666699203570e-08
2.061065351721680372e-08
2.060255155367229918e-08
2.059609238713733248e-08
2.058520987002765423e-08
2.057154280254991363e-08
2.055529646494136387e-08
2.053023406833887066e-08
2.050542791121046093e-08
2.047144442851589474e-08
2.042799673862560894e-08
2.037613777705615803e-08
2.030997936497414003e-08
2.023161327358025119e-08
2.012739985790545916e-08
2.000623100517628927e-08
1.985054842723599222e-08
1.965527973712966059e-08
1.941039262653987407e-08
1.910205404964671061e-08
1.870688726146596537e-08
1.821394668422016139e-08
1.757752821074376470e-08
1.676225547253551440e-08
1.571103014352814853e-08
1.435061147692096029e-08
1.258714921181791624e-08
1.031663388051384800e-08
7.407233826306480751e-09
3.799799030979045256e-09
4.078452020550571433e-10
4.678460063800571334e-09
7.410601909896286088e-09
5.072144038109627218e-09
7.907540955365277568e-09
3.534863957099787513e-08
6.882444847366997465e-08
8.385288097212395542e-08
6.595931878461414044e-08
3.220236466372483619e-08
6.020378862103825668e-09
5.676694780909485871e-09
7.299712501129818065e-09
4.311602630480138032e-09
2.553512956637860043e-15
