0.000000000000000000e+00
1.469799615350098065e-09
2.716654012857588896e-09
3.718086505344331272e-09
4.502926143068464171e-09
5.109312528617238058e-09
5.577831529990362469e-09
5.940089642386681135e-09
6.220729042993866642e-09
6.439737187946548147e-09
6.610033409515381209e-09
6.745243918970800223e-09
6.852226897002822170e-09
6.937116769911710890e-09
7.004227420281949890e-09
7.057846751479246450e-09
7.101228938211079367e-09
7.136115476313875661e-09
7.164068005494073077e-09
7.186276351767162396e-09
7.204799645776915895e-09
7.220255504591932549e-09
7.231822252151687280e-09
7.240770205640956192e-09
7.247548117206292773e-09
7.252977107796709788e-09
7.257943801519672888e-09
7.262014434239461025e-09
7.266167001418466498e-09
7.267678681088796111e-09
7.270070989662258398e-09
7.269923329999983252e-09
7.272330848628882904e-09
7.272926261236989376e-09
7.273105007143954026e-09
7.272602187136101293e-09
7.273238900040723820e-09
7.272650259793067562e-09
7.273518898287534284e-09
7.273473046076617265e-09
7.272558555371233524e-09
7.272781821221485643e-09
7.273043944877599642e-09
7.274240765298145561e-09
7.273769586646494645e-09
7.272545565761845410e-09
7.273204483126960440e-09
7.273172952793061086e-09
7.273226021453638168e-09
7.273300850485497904e-09
7.272906943356360898e-09
7.273260549389704011e-09
7.271738100556035533e-09
7.270960389327285611e-09
7.270250734769945211e-09
7.268461610365761771e-09
7.267207724481750120e-09
7.264351786773204367e-09
7.262076384684235109e-09
7.258236789375871467e-09
7.253418865538208138e-09
7.247688671441210317e-09
7.238850185942169446e-09
7.230105070199499551e-09
7.218125541719189187e-09
7.202801244332590613e-09
7.184517869518458610e-09
7.161191972748781609e-09
7.133559853933491013e-09
7.096814691465169744e-09
7.054090866986939545e-09
6.999196666690465918e-09
6.930349849554318098e-09
6.844005584483170423e-09
6.735285662529122419e-09
6.595948898180381548e-09
6.422140375050844341e-09
6.197745316960379114e-09
5.910283373822267095e-09
5.539627423445381282e-09
5.059954122366150386e-09
4.438166500975171402e-09
3.637593337657563097e-09
2.611755922643510530e-09
1.339792721211097160e-09
1.438065222458817516e-10
1.649610670284573644e-09
2.612964289383512551e-09
1.788471259978052785e-09
2.788039910051054449e-09
1.246355829653822411e-08
2.426690459689240242e-08
2.956583833313430887e-08
2.325668058134056082e-08
1.135420912845575003e-08
2.122646503011083041e-09
2.001624643810373527e-09
2.573864232857658862e-09
1.520256809328657255e-09
4.440892098500626162e-16
