0.000000000000000000e+00
9.092649077890868625e-06
1.115275478102972784e-05
1.207407144110383967e-05
1.255916033826576239e-05
1.284413836377673590e-05
1.302555809579164503e-05
1.314937953733608111e-05
1.323705151590193196e-05
1.330146013378552539e-05
1.335019242765245195e-05
1.338836193665038365e-05
1.341822538791781483e-05
1.344285037840897701e-05
1.346267535007328320e-05
1.347961746034354036e-05
1.349334228317733420e-05
1.350540765510110930e-05
1.351567485707860783e-05
1.352444899926918964e-05
1.353204033904820136e-05
1.353871465004097274e-05
1.354455452928782222e-05
1.354970621003648290e-05
1.355421114968002883e-05
1.355832222327268966e-05
1.356196207558113542e-05
1.356517337836038450e-05
1.356808530117437073e-05
1.357067520557642126e-05
1.357307518068395780e-05
1.357510805677364374e-05
1.357702153836903847e-05
1.357875477858705437e-05
1.358037176080184594e-05
1.358170144727388617e-05
1.358299104348148489e-05
1.358405935991680025e-05
1.358517287020077902e-05
1.358607458079585939e-05
1.358692649322534862e-05
1.358754688507435304e-05
1.358821821551003950e-05
1.358867391432205807e-05
1.358908534454528194e-05
1.358938191231562342e-05
1.358960935526898339e-05
1.358978109888830943e-05
1.358990497701828559e-05
1.358987888455676085e-05
1.358983712052008741e-05
1.358967155562496032e-05
1.358943931606404476e-05
1.358911819626662520e-05
1.358876544266252040e-05
1.358828596631500574e-05
1.358762191194795577e-05
1.358691396680100638e-05
1.358607093848718250e-05
1.358523089711738407e-05
1.358425025621556870e-05
1.358324015787726324e-05
1.358198046641501122e-05
1.358052937039389008e-05
1.357905729593156252e-05
1.357732603013417361e-05
1.357540793223144249e-05
1.357340784668981115e-05
1.357104356825011848e-05
1.356854226897130644e-05
1.356566103405398849e-05
1.356246427619556272e-05
1.355889359744288925e-05
1.355484296450271131e-05
1.355044008954919832e-05
1.354519258023323403e-05
1.353944105475513027e-05
1.353286894612004687e-05
1.352537372478757050e-05
1.351698998541817076e-05
1.350702753522003974e-05
1.349513802517687822e-05
1.348184018223896885e-05
1.346532876245198906e-05
1.344588716634120829e-05
1.342215757382803076e-05
1.339329173133396722e-05
1.335649325739929338e-05
1.330963001200391460e-05
1.324798125446058350e-05
1.316441929954947909e-05
1.304699334236936181e-05
1.287609881428508629e-05
1.260945577064020995e-05
1.216501204914788303e-05
1.133480157600175176e-05
9.534027345603490744e-06
3.372309223093061803e-06
3.361220776593176751e-04
0.000000000000000000e+00
