0.000000000000000000e+00
3.501879604739244201e-06
4.324243956577156212e-06
4.693952731504857923e-06
4.888859488239027939e-06
5.003419049187662893e-06
5.076365212741684729e-06
5.126158069135300366e-06
5.161416660071083129e-06
5.187320835653430606e-06
5.206920805633785676e-06
5.222272851712617125e-06
5.234284394139976371e-06
5.244189081321515289e-06
5.252163204794157991e-06
5.258977749056370499e-06
5.264498361245983915e-06
5.269351398551336274e-06
5.273481273770919131e-06
5.277010562299011553e-06
5.280064051871313779e-06
5.282748767099221254e-06
5.285097767093738241e-06
5.287169988488216177e-06
5.288982137363618108e-06
5.290635792909448298e-06
5.292099868992039546e-06
5.293391554084259099e-06
5.294562902102839530e-06
5.295604639465878449e-06
5.296570096513519843e-06
5.297387773883777129e-06
5.298157469080244653e-06
5.298854657720397654e-06
5.299505043909746860e-06
5.300039983557880419e-06
5.300558681309297526e-06
5.300988445644527758e-06
5.301436324156583169e-06
5.301799036017129652e-06
5.302141675489480122e-06
5.302391260064709400e-06
5.302661270079056521e-06
5.302844606314138787e-06
5.303010104928951307e-06
5.303129402056683261e-06
5.303220929953056384e-06
5.303290013691785987e-06
5.303339805418083586e-06
5.303329350114793783e-06
5.303312501370172072e-06
5.303245914634047153e-06
5.303152496471952304e-06
5.303023327685174593e-06
5.302881385671476266e-06
5.302688523944887322e-06
5.302421444919325211e-06
5.302136676044177932e-06
5.301797601275914928e-06
5.301459662154783814e-06
5.301065203577870477e-06
5.300658851958850448e-06
5.300152147169612249e-06
5.299568523131625852e-06
5.298976351486572867e-06
5.298279911358783067e-06
5.297508398505179628e-06
5.296703879498210199e-06
5.295752815825949256e-06
5.294746757034118900e-06
5.293587764132468010e-06
5.292301883397243500e-06
5.290865629614671661e-06
5.289236255867635350e-06
5.287465195902285586e-06
5.285354493955729538e-06
5.283040965031737812e-06
5.280397400886371884e-06
5.277382528978691312e-06
5.274010243416782373e-06
5.270002990886979433e-06
5.265220660244374073e-06
5.259871821539086056e-06
5.253230512147766262e-06
5.245410618859303042e-06
5.235866081809703587e-06
5.224255749891604239e-06
5.209455174015609202e-06
5.190606865768110367e-06
5.165812629326360650e-06
5.132206833735608598e-06
5.084985421177634635e-06
5.016270315016946313e-06
4.909078216819295903e-06
4.730493508575683848e-06
4.397260790378609840e-06
3.677615192598793215e-06
1.292393931318081002e-06
1.243701005926300951e-04
0.000000000000000000e+00
