0.000000000000000000e+00
4.436564932097653013e-07
1.712775808737632133e-06
3.795634234915468141e-06
6.673728709216675270e-06
1.030111697963853601e-05
1.458897850814544483e-05
1.950978094755750902e-05
2.497601166318030863e-05
3.089164722913650962e-05
3.715483573474287482e-05
4.367580835329398781e-05
5.038465167994665705e-05
5.709546773813301002e-05
6.375495157107113897e-05
7.019382137452012671e-05
7.638745997828877421e-05
8.220190786545344963e-05
8.760391265205669242e-05
9.241291537520623933e-05
9.652451087616142900e-05
1.000156383565986573e-04
1.026599835164399011e-04
1.046109320922417041e-04
1.056464728270700704e-04
1.058811671335035953e-04
1.052357320818764208e-04
1.037257372578093140e-04
1.014150617396625265e-04
9.834108231154825575e-05
9.453928673464062626e-05
9.007049163178848517e-05
8.492286239514257318e-05
7.936360062499314694e-05
7.331042773595086715e-05
6.695276102397507145e-05
6.036291388067382968e-05
5.369142918576486068e-05
4.695867974324752225e-05
4.032744833160073483e-05
3.391160171528628808e-05
2.782198680173486594e-05
2.212189786221507859e-05
1.692417658882838793e-05
1.229446882156093324e-05
8.287603637358031961e-06
5.035112852769252356e-06
2.546002872416686102e-06
8.917242252381996082e-07
7.625139231137723073e-08
5.134838432230282024e-08
8.513646652108519675e-07
2.522537916660461121e-06
5.018845983473241290e-06
8.308141955959413849e-06
1.229273049063728251e-05
1.692717857293413175e-05
2.212735674411714371e-05
2.784103981623431423e-05
3.395901066871598317e-05
4.036591989220461585e-05
4.695633891871331400e-05
5.367950532120246976e-05
6.040200975088172441e-05
6.697795040222498386e-05
7.334589724039553005e-05
7.934318117075456200e-05
8.498551744695603816e-05
9.005004847273401225e-05
9.455448290951462553e-05
9.838178913135209314e-05
1.014339905862637892e-04
1.038018897671078022e-04
1.052337380647028198e-04
1.059135047436488009e-04
1.056601871305407059e-04
1.045887800399381007e-04
1.027075566883972613e-04
1.000028251777473898e-04
9.656166138993782511e-05
9.236554585412282137e-05
8.760811585784011868e-05
8.223530123008249149e-05
7.645692722024755028e-05
7.024042729786295070e-05
6.375098112232358005e-05
5.709994099867277129e-05
5.036769741484370400e-05
4.368158528644805472e-05
3.714487657802134635e-05
3.088982258281358639e-05
2.497354731423317986e-05
1.949670746270726340e-05
1.457851420760825079e-05
1.028080785181462176e-05
6.673801998924311363e-06
3.756832364421036630e-06
1.655015166135420657e-06
4.217376047277454632e-07
0.000000000000000000e+00
