0.000000000000000000e+00
8.280726715437225494e-08
3.196720976816891380e-07
7.083943719399243832e-07
1.245512891046018922e-06
1.922438282786487207e-06
2.722578403724362772e-06
3.640781070735066294e-06
4.660691687474738387e-06
5.764380261785717607e-06
6.932814422433430934e-06
8.149252643474547142e-06
9.400637101086850578e-06
1.065228403618334596e-05
1.189426271741567120e-05
1.309497721790897629e-05
1.424986809839268176e-05
1.533398058883861381e-05
1.634112814929977731e-05
1.723765701788781968e-05
1.800412412944485396e-05
1.865489450625368306e-05
1.914779850675785156e-05
1.951143336254013150e-05
1.970445467436299225e-05
1.974819329952914870e-05
1.962788138520910053e-05
1.934642618339754705e-05
1.891569812939586370e-05
1.834269626210804915e-05
1.763398062781806885e-05
1.680089025712927508e-05
1.584118901076791985e-05
1.480467710701649509e-05
1.367599770707439433e-05
1.249045449747132608e-05
1.126151358465943275e-05
1.001725673066555800e-05
8.761462719553136935e-06
7.524498299549264857e-06
6.327606144718167513e-06
5.191496522227723176e-06
4.127980926749152957e-06
3.158125506663722604e-06
2.294199513919181754e-06
1.546468378688103940e-06
9.394808808682597601e-07
4.749384617808161124e-07
1.661825006493700130e-07
1.397360660515545305e-08
9.317655091933829681e-09
1.586182529766944072e-07
4.704952629719372226e-07
9.363520288019344662e-07
1.550176694786742360e-06
2.293718879831097013e-06
3.158488546151083654e-06
4.128767617794792955e-06
5.194775311356814029e-06
6.336137968077082405e-06
7.531330810661707176e-06
8.760646270644656397e-06
1.001463317829021094e-05
1.126840380327731594e-05
1.249474327580379907e-05
1.368219974007267581e-05
1.480045140245245250e-05
1.585245519331035524e-05
1.679667322818101383e-05
1.763641876062482794e-05
1.834991260474261310e-05
1.891887331662012173e-05
1.936026493298825812e-05
1.962719162318382615e-05
1.975390565500667606e-05
1.970671073070473511e-05
1.950700704123065066e-05
1.915636232507900161e-05
1.865220586527716051e-05
1.801074078044972993e-05
1.722850777241546893e-05
1.634159400087931147e-05
1.533989300184224192e-05
1.426251349112561684e-05
1.310335657189742875e-05
1.189320598016241348e-05
1.065282335810380232e-05
9.397196962468434833e-06
8.150085533009665539e-06
6.930738520538604064e-06
5.763846363748825752e-06
4.660069256701149243e-06
3.638206044653813365e-06
2.720513765375187631e-06
1.918553793944788310e-06
1.245452741827079990e-06
7.011050472405244705e-07
3.088647301252578359e-07
7.870320317682200084e-08
0.000000000000000000e+00
