0.000000000000000000e+00
4.482757043344776093e-08
6.799725749129237329e-08
8.230070425163660275e-08
9.276656665058169438e-08
1.015237710566552209e-07
1.092083919962405503e-07
1.161164113749890703e-07
1.231449834326880932e-07
1.298660681214869328e-07
1.358425214537106740e-07
1.416355996930462879e-07
1.471505355343794008e-07
1.521210556409968717e-07
1.567832441651262343e-07
1.611713160709626891e-07
1.652251573336371848e-07
1.689089310641378461e-07
1.724403962954923486e-07
1.754540542853177953e-07
1.786477072940328981e-07
1.812810618284643738e-07
1.836644666353137723e-07
1.859264815440297980e-07
1.880099327333795145e-07
1.899299522101216553e-07
1.917182443911258360e-07
1.935783624507081413e-07
1.949108796583942649e-07
1.964826553679799304e-07
1.975617109906124824e-07
1.987074947917832901e-07
1.998534183700328981e-07
2.007020110106338961e-07
2.014561767404998704e-07
2.020903895338932443e-07
2.026967534929369208e-07
2.031555883519331474e-07
2.035929577148820613e-07
2.039941122689015174e-07
2.042032901661272604e-07
2.044082125784996151e-07
2.044859989114300447e-07
2.045081575197116308e-07
2.043615321412062258e-07
2.041667865881890975e-07
2.040065636421672934e-07
2.035356585494696446e-07
2.031743409069974859e-07
2.026099836793804343e-07
2.020411572489777541e-07
2.013910472831170750e-07
2.006183956737572771e-07
1.997608252146676477e-07
1.987478466247694087e-07
1.974449264086075573e-07
1.963136873062154564e-07
1.949060792760803906e-07
1.931939406230043232e-07
1.916092161602378496e-07
1.898585563209209681e-07
1.879792440595551284e-07
1.856774083375256623e-07
1.834713163617607279e-07
1.809753582548978557e-07
1.781831110436726817e-07
1.753775209500929577e-07
1.718763275038170946e-07
1.683264277962948086e-07
1.646397663757070973e-07
1.604930233156665054e-07
1.563743516896920482e-07
1.514149400305697668e-07
1.463649738076000517e-07
1.408788988799258846e-07
1.346471931729098515e-07
1.288360891305018185e-07
1.222485966900777044e-07
1.155763895699379873e-07
1.083986325145502860e-07
1.002955170026353926e-07
9.175765458557805232e-08
8.100485160422721265e-08
6.615231151751999050e-08
4.125758223949560488e-08
5.991874330035784624e-09
1.027141943721332495e-07
3.035761719782925638e-07
7.091298565020665023e-07
1.448382780599999364e-06
2.573702515218379006e-06
3.756643860652886246e-06
4.262851390102184723e-06
3.660269248029202060e-06
2.454564071441289741e-06
1.361486999140737453e-06
6.583151865857672647e-07
2.771291336411962902e-07
8.988817967736650871e-08
2.220446049250313081e-15
