0.000000000000000000e+00
8.092316061691917639e-07
1.583775370517237491e-06
2.263780002342841158e-06
2.891411179595237968e-06
3.463995741803671535e-06
3.981092059346380552e-06
4.463618249683776185e-06
4.883811712375063507e-06
5.282116135485459552e-06
5.626222506105449384e-06
5.940383349001265856e-06
6.252294086461773759e-06
6.511133016529058182e-06
6.761822382239657259e-06
6.975093304162349739e-06
7.183699336832383153e-06
7.366388101281984291e-06
7.532308028412870726e-06
7.682792719010400617e-06
7.819025114930155951e-06
7.926834370564073140e-06
8.052930948743153294e-06
8.152219862944676265e-06
8.225805437356292771e-06
8.304337754116986048e-06
8.388060352304549383e-06
8.447830379232357245e-06
8.492135588733518148e-06
8.541645013515619667e-06
8.576313931585310968e-06
8.603145345231766328e-06
8.615609322970563255e-06
8.626188254146072154e-06
8.630356489014445742e-06
8.634836371923526599e-06
8.609640641199511890e-06
8.605848040410535305e-06
8.573215727780691964e-06
8.538410192215906136e-06
8.504475692450164104e-06
8.439729384246419386e-06
8.387782205909743993e-06
8.327957828568877119e-06
8.250702604351012326e-06
8.155312812396786626e-06
8.050252794267187539e-06
7.949015545904991598e-06
7.827436641294482911e-06
7.699876314770648378e-06
7.542634881341214736e-06
7.387162236804911686e-06
7.197788043700192873e-06
7.007881461573717274e-06
6.781696064384057365e-06
6.549413088752231715e-06
6.285657114024623127e-06
5.986890742604167315e-06
5.676576142032985217e-06
5.316144830347369066e-06
4.922008688068579829e-06
4.506355667621697592e-06
4.051318412301441185e-06
3.527141520742738123e-06
2.974828562041231805e-06
2.354743433352624038e-06
1.659008826204733111e-06
8.923942843575005668e-07
1.032917653631670873e-07
8.109642439801945102e-07
1.763891502415404489e-06
2.860495431522558363e-06
3.952182987765340272e-06
5.157593231941426382e-06
6.426851090313157044e-06
7.767325628460497455e-06
9.109442576704651628e-06
1.042023030661809457e-05
1.170744393330647171e-05
1.289817028160555878e-05
1.399568820448227058e-05
1.479084882183290262e-05
1.541709805030766489e-05
1.573666976828480557e-05
1.572889300827107206e-05
1.544499242056573962e-05
1.490215889532464644e-05
1.408463807439641613e-05
1.305574672283427162e-05
1.187898654286811961e-05
1.057794987846527590e-05
9.247966178183020247e-06
7.951535511363516662e-06
6.607837872318889083e-06
5.330749096255082975e-06
4.093124400528225237e-06
2.974115125287113415e-06
1.886041723908604695e-06
9.036016365149279750e-07
0.000000000000000000e+00
