0.000000000000000000e+00
1.364275914461643424e-09
5.437318262302426319e-09
1.214463130061460561e-08
2.141285082579713617e-08
3.302261963877839435e-08
4.684970500434815222e-08
6.266370888852179633e-08
8.020366060179640044e-08
9.919610099995423980e-08
1.193605470017899961e-07
1.403196439042631027e-07
1.617150564570124516e-07
1.832554376024475573e-07
2.045549185591966079e-07
2.254105795351790675e-07
2.452015090970149913e-07
2.639204315091348008e-07
2.810709682776746376e-07
2.962966453301518754e-07
3.098001779555659141e-07
3.208170222812611883e-07
3.293842537610558452e-07
3.354518409715012695e-07
3.389532535758021936e-07
3.395868645172939182e-07
3.374667225664040870e-07
3.326366472267139329e-07
3.254508119665544541e-07
3.156475745225151286e-07
3.032466194818894678e-07
2.889369067338165564e-07
2.727914825140231869e-07
2.547142701203597426e-07
2.355385649854824237e-07
2.150919223842251427e-07
1.939819923579833016e-07
1.725231812965688505e-07
1.509999295601360814e-07
1.297887199935843228e-07
1.091971967293048351e-07
8.954928121251981565e-08
7.126457268746833051e-08
5.457690854804297942e-08
3.970546125220408840e-08
2.699319556764834260e-08
1.648747671723072017e-08
8.523874495125483008e-09
3.084126731778269459e-09
3.668397807743417616e-10
4.062220559930551644e-10
3.101332635147002748e-09
8.442702870148366401e-09
1.643043634480534365e-08
2.688370459580369243e-08
3.970505735306772976e-08
5.460195051654181952e-08
7.128889389917958397e-08
8.955114494391125390e-08
1.091448555978757895e-07
1.297072376171826136e-07
1.508428431051811458e-07
1.724690280591190117e-07
1.940441773928824887e-07
2.149939499762609785e-07
2.352880403844181956e-07
2.546252831914230796e-07
2.725263609226757922e-07
2.887945035334738009e-07
3.031675746001383231e-07
3.153861878324448753e-07
3.252472388082239263e-07
3.327343710557428835e-07
3.373026710162818631e-07
3.394302470205445843e-07
3.386465474708444390e-07
3.353308097864271531e-07
3.292817356559396558e-07
3.205716287979498702e-07
3.095456722057576826e-07
2.962061248501512978e-07
2.809005589243795953e-07
2.637420263296164080e-07
2.450877281123808871e-07
2.251815177656268929e-07
2.046231841745793645e-07
1.832864173767490001e-07
1.616152990324692951e-07
1.401744420537198721e-07
1.192974139474500817e-07
9.916438148405148922e-08
8.021277808634152962e-08
6.269901930977539450e-08
4.688467636349002987e-08
3.298125117456862654e-08
2.132739762572555264e-08
1.208948996467285042e-08
5.404267700015452647e-09
1.367397084450772127e-09
0.000000000000000000e+00
