0.000000000000000000e+00
4.810355447304459631e-10
1.917171310594767419e-09
4.282135868116654365e-09
7.550059244465501251e-09
1.164360718952650586e-08
1.651897518772926787e-08
2.209492033777848974e-08
2.827943512695441086e-08
3.497608980218558372e-08
4.208599868604778749e-08
4.947610454664186364e-08
5.702005934082876593e-08
6.461513557542986064e-08
7.212528141398166781e-08
7.947893698734276313e-08
8.645717874955494153e-08
9.305743531307086869e-08
9.910469145335554231e-08
1.044732440558249209e-07
1.092345764952540321e-07
1.131191033065803708e-07
1.161399012516994844e-07
1.182793306631069186e-07
1.195139245346865664e-07
1.197373334926865596e-07
1.189897733677725000e-07
1.172866880283507385e-07
1.147529670175728711e-07
1.112963560201407631e-07
1.069237856032856371e-07
1.018781976558358338e-07
9.618534391186983612e-08
8.981134436147897304e-08
8.305002385800008824e-08
7.584057681864209144e-08
6.839726862661876794e-08
6.083094650222165001e-08
5.324191154620905309e-08
4.576291079416705543e-08
3.850241303560153483e-08
3.157463046576935994e-08
2.512751684502489979e-08
1.924351999971207761e-08
1.399991389483545845e-08
9.517628574151615339e-09
5.813366565909916517e-09
3.005438675707239327e-09
1.087413936673442549e-09
1.293124496370978704e-10
1.431953444708256029e-10
1.093480972436111642e-09
2.976818236355427416e-09
5.793252544350480093e-09
9.479021678693300146e-09
1.399977245242212121e-08
1.925234704991396484e-08
2.513609353993473405e-08
3.157528549735388879e-08
3.848395935257542533e-08
4.573418210807034257e-08
5.318652707142490499e-08
6.081185510709019582e-08
6.841919342193136799e-08
7.580603611501146588e-08
8.296168785282276303e-08
8.977997056902609074e-08
9.609186102377265115e-08
1.018279858211457167e-07
1.068959147865200521e-07
1.112041898565507836e-07
1.146811887675625030e-07
1.173211483518343812e-07
1.189319289718326900e-07
1.196821119986424264e-07
1.194057813735938112e-07
1.182366549112856546e-07
1.161037582741997198e-07
1.130325792964015363e-07
1.091448404988426546e-07
1.044413319162273979e-07
9.904460673837434115e-08
9.299453362920928612e-08
8.641706106260471643e-08
7.939817214808186918e-08
7.214934671928574517e-08
6.462605961488065986e-08
5.698488769745324589e-08
4.942490583470515730e-08
4.206374093485010235e-08
3.496491007837221332e-08
2.828264722420925636e-08
2.210736982366512393e-08
1.653130765610910657e-08
1.162902585338798644e-08
7.519931677357760691e-09
4.262688646505807810e-09
1.905517743594487001e-09
4.821349985917322556e-10
0.000000000000000000e+00
