0.000000000000000000e+00
5.488088872240837190e-10
2.187280578880290705e-09
4.885443161128932843e-09
8.613788127220800561e-09
1.328407295275724209e-08
1.884631894988331169e-08
2.520785258308677612e-08
3.226368561204395746e-08
3.990381669538578535e-08
4.801541220178506819e-08
5.644667444570927728e-08
6.505345384599792169e-08
7.371855670346150191e-08
8.228675096866311378e-08
9.067640405202581633e-08
9.863775440877020628e-08
1.061678639446839156e-07
1.130670543858514066e-07
1.191919292153897914e-07
1.246240262098297080e-07
1.290558041544542789e-07
1.325021633524769982e-07
1.349429887831377073e-07
1.363515060859299410e-07
1.366063907548564771e-07
1.357535150958710801e-07
1.338105021231328351e-07
1.309198326415739189e-07
1.269762528455231632e-07
1.219876829550159414e-07
1.162312726066261348e-07
1.097364088487040590e-07
1.024644371572236423e-07
9.475057327623659376e-08
8.652544070120171682e-08
7.803349866275510749e-08
6.940120755860590407e-08
6.074299296887630817e-08
5.221030918711733193e-08
4.392690955423717014e-08
3.602309328609720751e-08
2.866766568576650798e-08
2.195468085108842615e-08
1.597231369387941413e-08
1.085852141535781357e-08
6.632366433834135933e-09
3.428832551222171787e-09
1.240574309946396170e-09
1.474855793048845953e-10
1.633296831116126668e-10
1.247498548906378346e-09
3.396182113313273021e-09
6.609425895476306323e-09
1.081448264272921733e-08
1.597215604220991736e-08
2.196476556193260876e-08
2.867745896306672648e-08
3.602385811873887178e-08
4.390586605396151754e-08
5.217754717179445834e-08
6.067982016855211214e-08
6.937944208029733772e-08
7.805853252662586783e-08
8.648605243077867044e-08
9.464981254314608350e-08
1.024286594430989794e-07
1.096297778113708432e-07
1.161740093014174136e-07
1.219559095932964965e-07
1.268711322666149499e-07
1.308379657949387820e-07
1.338498443193003595e-07
1.356875494185061370e-07
1.365434154632083619e-07
1.362281580874480369e-07
1.348943299284144359e-07
1.324609515407360050e-07
1.289571118778809478e-07
1.245216707523866262e-07
1.191555315527281778e-07
1.129985227610319498e-07
1.060961145604721878e-07
9.859199923134553956e-08
9.058427685726400114e-08
8.231422410354127805e-08
7.373103161345540002e-08
6.501333793540453598e-08
5.638827438314564233e-08
4.799002284450182287e-08
3.989106600599257035e-08
3.226736056127776919e-08
2.522205888588757716e-08
1.886039779908088576e-08
1.326743559459941935e-08
8.579416066467615565e-09
4.863266789278952729e-09
2.173987656561848780e-09
5.500664368440766339e-10
0.000000000000000000e+00
