0.000000000000000000e+00
2.843980033521709139e-04
3.626071923510387762e-04
4.222146922456815332e-04
4.624056001589771370e-04
4.937434870898593786e-04
5.180080965316857800e-04
5.368198562496484527e-04
5.514482853630209291e-04
5.629563877849186326e-04
5.720303053167175023e-04
5.793090529436772940e-04
5.851407922659035421e-04
5.897826153744567534e-04
5.935794845576269907e-04
5.966851561166608420e-04
5.992136590686758524e-04
6.012200345388851730e-04
6.029168989081234997e-04
6.043315774235669124e-04
6.055098965711547265e-04
6.064707773905109178e-04
6.072628582155514820e-04
6.079686858360133783e-04
6.085153882238181211e-04
6.089781656601900295e-04
6.093584741732049892e-04
6.096894925604612325e-04
6.099797383287697272e-04
6.102068838407248563e-04
6.103920752021929630e-04
6.105553135760111161e-04
6.106899803338672328e-04
6.107939399545569970e-04
6.108705545357917543e-04
6.109583651749961319e-04
6.110093497933011264e-04
6.110737193352200336e-04
6.111324494397774032e-04
6.111739178787933824e-04
6.111852523418281891e-04
6.112013697011642321e-04
6.112099412710625401e-04
6.112171079883932379e-04
6.112115720384725392e-04
6.112029872472612979e-04
6.111720089214678353e-04
6.111135379580634464e-04
6.110631761924167904e-04
6.110252353001000003e-04
6.109620497881662615e-04
6.108737214175485875e-04
6.107787474195491839e-04
6.106709954902811432e-04
6.105363439831146266e-04
6.103762390071709731e-04
6.101821416628627759e-04
6.099411711392166424e-04
6.096439833848110723e-04
6.093109629606852096e-04
6.089383093648148559e-04
6.084649973951972157e-04
6.078887261359300354e-04
6.072118474472754102e-04
6.063717944109203728e-04
6.054086316873430462e-04
6.042007929992765369e-04
6.027601450251385273e-04
6.010485228270523450e-04
5.989779216634127934e-04
5.963735165225303447e-04
5.932268970658682861e-04
5.893674971486628777e-04
5.845701788633750340e-04
5.786438169563812295e-04
5.711728451883724134e-04
5.617759366234320595e-04
5.499028094941849076e-04
5.348831958544852938e-04
5.154691096438401843e-04
4.905849721811295083e-04
4.583338917372170584e-04
4.166949706059241976e-04
3.795716399281889863e-04
5.483211268728638288e-04
5.163858403755966497e-04
4.656929004280829787e-04
8.243208831781867474e-05
6.714280207686940116e-05
2.352129107914269213e-04
6.354705823433670631e-04
1.141544273072447879e-03
1.377916809000345744e-03
1.128925207623532323e-03
6.257447248737557643e-04
2.376486598970606323e-04
7.923995248171333827e-05
6.359451326820586559e-05
1.167607514411250769e-04
0.000000000000000000e+00
