0.000000000000000000e+00
1.996456200692442451e-05
2.761984158861086058e-05
3.182526364753357484e-05
3.485022528737502512e-05
3.720753703684298586e-05
3.903040291819426244e-05
4.044508909994970480e-05
4.154492234842432907e-05
4.241002615246181051e-05
4.309262280666192879e-05
4.363960389008880725e-05
4.407800902261893583e-05
4.442670221294076072e-05
4.471205385647714081e-05
4.494548765543449065e-05
4.513542314099616704e-05
4.528614344456727281e-05
4.541365426125043570e-05
4.551999417612417886e-05
4.560850834378626928e-05
4.568072171595716213e-05
4.574025223214039926e-05
4.579331862297753020e-05
4.583438634309100479e-05
4.586917366411480401e-05
4.589776226593400565e-05
4.592264987390848319e-05
4.594446275507646504e-05
4.596156627834080410e-05
4.597546634932392351e-05
4.598775190145509839e-05
4.599786726899868228e-05
4.600569977464274984e-05
4.601149246874491894e-05
4.601809647053478614e-05
4.602190364266789402e-05
4.602672421960551929e-05
4.603113516155055152e-05
4.603426690896750273e-05
4.603511715195462983e-05
4.603636930355925472e-05
4.603701123273573614e-05
4.603749543752311268e-05
4.603707174999360774e-05
4.603639534295211888e-05
4.603405755343459305e-05
4.602967735689578177e-05
4.602592098612579008e-05
4.602298910205693261e-05
4.601824819339128680e-05
4.601159359240991620e-05
4.600450591485394369e-05
4.599629337653787786e-05
4.598617752715750129e-05
4.597412161877478809e-05
4.595950849828334128e-05
4.594143928526861487e-05
4.591901148320864934e-05
4.589401774302004355e-05
4.586594381150721489e-05
4.583033405602954247e-05
4.578695413937072800e-05
4.573600957691326130e-05
4.567290763957121413e-05
4.560039187373465808e-05
4.550956167259645468e-05
4.540129575936191486e-05
4.527251356645223268e-05
4.511704732468313495e-05
4.492130948263728385e-05
4.468442507876702052e-05
4.439445127824015458e-05
4.403365936067604736e-05
4.358739151866242167e-05
4.302600394678890439e-05
4.232059164599455414e-05
4.142760900471831320e-05
4.029695962293189382e-05
3.883592933240365142e-05
3.696438765610210453e-05
3.453543991560614757e-05
3.139700766896513784e-05
2.932257823962114429e-05
3.251964825246034252e-05
3.675203626902351361e-05
2.510583822412648658e-05
9.113373254932000123e-06
4.516154675338057700e-06
1.690153740185884601e-05
4.668868798007874688e-05
8.434899400655559987e-05
1.018453614446412914e-04
8.409409106469034612e-05
4.681614147972190665e-05
1.774713714397524456e-05
5.914006523832782136e-06
5.213901718259528195e-06
6.272858351419330347e-06
0.000000000000000000e+00
