0.000000000000000000e+00
2.026716141467765908e-05
3.544893948781435711e-05
4.697391146291085562e-05
5.585959029175135981e-05
6.284388551192066075e-05
6.836124216080818883e-05
7.283871394914154251e-05
7.643206188767681653e-05
7.941783356635312430e-05
8.181966089904069150e-05
8.395589990772833744e-05
8.574376808567762964e-05
8.720958217112162458e-05
8.855524831097305594e-05
8.968042316648272561e-05
9.064373598066666204e-05
9.151672116103348742e-05
9.226986152355287629e-05
9.293463523563083584e-05
9.350814011432895256e-05
9.404632743348351198e-05
9.447557096220471351e-05
9.493419838113581477e-05
9.530623515296987591e-05
9.562989466582738629e-05
9.592860162355165699e-05
9.616188273453563085e-05
9.644570263844798319e-05
9.666050215562105308e-05
9.685245427615285507e-05
9.702351693063882010e-05
9.717537012476906710e-05
9.730945399577528576e-05
9.741793641970808437e-05
9.752002017360261732e-05
9.761651352990785568e-05
9.765752304902175496e-05
9.775046355287031474e-05
9.779806499854437618e-05
9.783330004320411888e-05
9.785645030768730379e-05
9.783534196605714328e-05
9.785818602592311066e-05
9.785475618495631522e-05
9.779805579102074375e-05
9.779405968979304475e-05
9.774525918648802048e-05
9.768366541162976091e-05
9.760877314302085495e-05
9.751091767640218677e-05
9.738351874943873554e-05
9.729738498209794528e-05
9.715252856701273032e-05
9.699886740510699212e-05
9.683505912305712116e-05
9.664101502893096551e-05
9.642392046049774734e-05
9.617207303957986397e-05
9.591092860794514507e-05
9.560916695250387676e-05
9.523675270828313444e-05
9.486027109706363092e-05
9.447003614515558922e-05
9.398396854098933773e-05
9.345490509971021709e-05
9.283585013786233020e-05
9.216256958022306378e-05
9.142381709992264405e-05
9.051433334317238177e-05
8.953696503977148780e-05
8.839502271695831581e-05
8.707489456849515364e-05
8.552132717765115189e-05
8.378961807320450816e-05
8.161956008412296626e-05
7.913674707460405244e-05
7.611646701588536956e-05
7.235170006469893167e-05
6.788533969137588997e-05
6.224833625967374218e-05
5.510393552321524169e-05
4.597572348119527419e-05
3.417642462300030104e-05
1.857996833320996188e-05
2.211750373293241978e-06
3.014544569412969111e-05
6.808403373581572993e-05
1.179740318233424290e-04
1.805252080349095678e-04
2.486179973297808488e-04
3.059074276967610473e-04
3.268302743273387989e-04
3.016269887620159906e-04
2.422079232422547079e-04
1.742566847658943985e-04
1.125725791596421388e-04
6.396419756238280740e-05
2.704316903545667117e-05
1.254219458290961597e-07
