0.000000000000000000e+00
3.676785277351157788e-07
4.163699777182117145e-07
4.265409075943082939e-07
4.292886147672092534e-07
4.300803339019054761e-07
4.302504391651140736e-07
4.302184951621157438e-07
4.301179689081280344e-07
4.299973961341407858e-07
4.298805147406881133e-07
4.297739683023493740e-07
4.296778711720961041e-07
4.295934857845296051e-07
4.295174450552607937e-07
4.294524824643985994e-07
4.293943539623867878e-07
4.293447817271811573e-07
4.292983649678561164e-07
4.292591857524286070e-07
4.292238758862865211e-07
4.291901337660775084e-07
4.291613076023992335e-07
4.291366745290403628e-07
4.291124534594459305e-07
4.290915289750785178e-07
4.290745111434901560e-07
4.290572648280033263e-07
4.290406560025772364e-07
4.290262619610629713e-07
4.290139767881839816e-07
4.290022478370403292e-07
4.289909850685447168e-07
4.289818652525312359e-07
4.289732693507630756e-07
4.289655289868576915e-07
4.289569347504240682e-07
4.289526128742338074e-07
4.289452937289439660e-07
4.289402573132150565e-07
4.289350611363929033e-07
4.289327117934504940e-07
4.289278909830329667e-07
4.289278870972523805e-07
4.289243886734794842e-07
4.289225177256383859e-07
4.289211303909468143e-07
4.289190160822187181e-07
4.289206120278166168e-07
4.289205617347136013e-07
4.289201073204296222e-07
4.289196798845651415e-07
4.289209308838692891e-07
4.289226105402832445e-07
4.289257806711077592e-07
4.289301955839874836e-07
4.289306144711346747e-07
4.289344297525587990e-07
4.289388783051961695e-07
4.289438908511300497e-07
4.289516000177684418e-07
4.289560019410387781e-07
4.289640411769823913e-07
4.289725862305360238e-07
4.289803978707595888e-07
4.289902728604744198e-07
4.290007331597678331e-07
4.290112649574240322e-07
4.290251098826303178e-07
4.290386877991991810e-07
4.290538445639313636e-07
4.290700547082693106e-07
4.290886842506225207e-07
4.291108256504472251e-07
4.291329754879669167e-07
4.291590622873542316e-07
4.291882343965269797e-07
4.292193934718468995e-07
4.292530574323549786e-07
4.292944281170107956e-07
4.293391723253492387e-07
4.293865446536315744e-07
4.294445420383041778e-07
4.295092590478333250e-07
4.295807166654341813e-07
4.296644304790930846e-07
4.297582202328342760e-07
4.298662545920706179e-07
4.299815749009283650e-07
4.301010053664455768e-07
4.302065786943032322e-07
4.302560575597524917e-07
4.301261147254820116e-07
4.294855772135619532e-07
4.272064514365681021e-07
4.189448133962159204e-07
3.813984467138098466e-07
1.153989613866812647e-07
2.494886945370033970e-06
4.440892098500626162e-16
