0.000000000000000000e+00
1.296484881674331291e-07
1.468171137997131837e-07
1.504033628751955121e-07
1.513722012180807042e-07
1.516513585819723176e-07
1.517113383808776916e-07
1.517000788320288507e-07
1.516646352950345999e-07
1.516221206365742091e-07
1.515809072705209815e-07
1.515433418752820671e-07
1.515094569803920876e-07
1.514797014490198990e-07
1.514528914503543433e-07
1.514299861060663943e-07
1.514094938315224681e-07
1.513920112605759982e-07
1.513756459070592086e-07
1.513618341775213594e-07
1.513493792515419045e-07
1.513374828787661386e-07
1.513273202302656273e-07
1.513186363988339167e-07
1.513100935657263335e-07
1.513027176880399338e-07
1.512967197081493964e-07
1.512906381284651047e-07
1.512847791484972504e-07
1.512797070946092504e-07
1.512753734500549285e-07
1.512712370921320826e-07
1.512672644921053688e-07
1.512640499523598692e-07
1.512610220411048090e-07
1.512582898932635089e-07
1.512552605387185167e-07
1.512537379788625458e-07
1.512511568213525948e-07
1.512493819078031265e-07
1.512475442666527670e-07
1.512467198150346803e-07
1.512450217289185161e-07
1.512450193974501644e-07
1.512437859396698059e-07
1.512431250239032465e-07
1.512426371919062262e-07
1.512418918991897954e-07
1.512424541161294655e-07
1.512424363525610715e-07
1.512422730387541492e-07
1.512421247129580593e-07
1.512425650274096256e-07
1.512431582195716828e-07
1.512442718842876843e-07
1.512458343011502393e-07
1.512459815167233046e-07
1.512473226661370518e-07
1.512488930766053841e-07
1.512506593304152602e-07
1.512533757130896106e-07
1.512549295812348760e-07
1.512577645357282563e-07
1.512607757936379471e-07
1.512635352529656529e-07
1.512670146919248282e-07
1.512707012985003985e-07
1.512744152165623746e-07
1.512792981994692809e-07
1.512840882567090262e-07
1.512894312050150347e-07
1.512951461890565952e-07
1.513017136023364628e-07
1.513095195804226023e-07
1.513173299994008403e-07
1.513265289743159769e-07
1.513368155237060364e-07
1.513478026238246343e-07
1.513596691316010379e-07
1.513742569070331001e-07
1.513900345084806531e-07
1.514067380359307435e-07
1.514271914526688079e-07
1.514500042043565031e-07
1.514752012710118834e-07
1.515047194367014072e-07
1.515377874294898675e-07
1.515758796255539664e-07
1.516165452075668441e-07
1.516586533023556171e-07
1.516958765268583420e-07
1.517133206840881599e-07
1.516674997814604353e-07
1.514416524406314579e-07
1.506380350457803274e-07
1.477249927939183749e-07
1.344861427776677942e-07
4.069205983281420913e-08
8.794433518088951018e-07
6.661338147750939243e-16
