0.000000000000000000e+00
1.479139725146794149e-07
1.675014175139821759e-07
1.715929216494771481e-07
1.726982564731471825e-07
1.730167439317753519e-07
1.730851714176750988e-07
1.730723241388787415e-07
1.730318879289427514e-07
1.729833853936213472e-07
1.729363661162608423e-07
1.728935032918599290e-07
1.728548492119230673e-07
1.728209050311235728e-07
1.727903138348807488e-07
1.727641830706616588e-07
1.727408022178522629e-07
1.727208572832594768e-07
1.727021865516320531e-07
1.726864247153514498e-07
1.726722201889074881e-07
1.726586461581192111e-07
1.726470520990730506e-07
1.726371429144890612e-07
1.726273983759796238e-07
1.726189823303414528e-07
1.726121365841493116e-07
1.726051979122900093e-07
1.725985128153695314e-07
1.725927235574076235e-07
1.725877828429034366e-07
1.725830670595840388e-07
1.725785362394205436e-07
1.725748669523241574e-07
1.725714100508923821e-07
1.725682958753083085e-07
1.725648397510326504e-07
1.725630965898616864e-07
1.725601564972478741e-07
1.725581296740941184e-07
1.725560382359603295e-07
1.725550923259433489e-07
1.725531539875646558e-07
1.725531546536984706e-07
1.725517454476133139e-07
1.725509931604918279e-07
1.725504351623996513e-07
1.725495828441836466e-07
1.725502292160285833e-07
1.725502039029436219e-07
1.725500208271668612e-07
1.725498546267800748e-07
1.725503574467879275e-07
1.725510269112717765e-07
1.725523028905939782e-07
1.725540849095708040e-07
1.725542518871137077e-07
1.725557839948876904e-07
1.725575745625818058e-07
1.725595905055499202e-07
1.725626912474353958e-07
1.725644611649812532e-07
1.725677001296332946e-07
1.725711338274038553e-07
1.725742760916304519e-07
1.725782504680140050e-07
1.725824556597643777e-07
1.725866953794508163e-07
1.725922632589416139e-07
1.725977268884903992e-07
1.726038200144941470e-07
1.726103419086300050e-07
1.726178353589347125e-07
1.726267407908821383e-07
1.726356555487029709e-07
1.726461478224194934e-07
1.726578839900128060e-07
1.726704167426262870e-07
1.726839574667238253e-07
1.727005998208852589e-07
1.727185982014489696e-07
1.727376607307817835e-07
1.727609867385737630e-07
1.727870220236127352e-07
1.728157656977202805e-07
1.728494402053470935e-07
1.728871699135936524e-07
1.729306303710487214e-07
1.729770182645751220e-07
1.730250615006312387e-07
1.730675310840368297e-07
1.730874350514000071e-07
1.730351610884639513e-07
1.727774924242808652e-07
1.718606518208432021e-07
1.685372040816091044e-07
1.534331736108285327e-07
4.642466611137763266e-08
1.003314801573118586e-06
7.771561172376095783e-16
