0.000000000000000000e+00
6.390796931654563195e-07
7.453219116326792459e-07
7.790070983837438234e-07
7.936225456806056400e-07
8.012590930750462803e-07
8.057179061715658008e-07
8.085732621232466499e-07
8.105069816410903627e-07
8.118743237695014159e-07
8.128764602544080731e-07
8.136434748173826392e-07
8.142327891924594496e-07
8.146976403500261199e-07
8.150863251010775912e-07
8.153923756193393046e-07
8.156557524952035010e-07
8.158726110263359033e-07
8.160565028170196911e-07
8.162137924427881330e-07
8.163423582674411705e-07
8.164643801045201599e-07
8.165697799045190663e-07
8.166573782775188306e-07
8.167369448530692466e-07
8.168099359107117152e-07
8.168725433854717721e-07
8.169245269140645860e-07
8.169782601541442091e-07
8.170229665038775124e-07
8.170606528024038084e-07
8.170991164790919470e-07
8.171254455291432350e-07
8.171606551421461972e-07
8.171832085457353401e-07
8.172079803969722889e-07
8.172314120979962127e-07
8.172478840329233662e-07
8.172669865302850667e-07
8.172818208862508982e-07
8.172913132931114433e-07
8.173062051586299503e-07
8.173159656843509424e-07
8.173183685400431386e-07
8.173251717646934367e-07
8.173340788619753994e-07
8.173369211439407422e-07
8.173373147180029719e-07
8.173387103793672281e-07
8.173446230941294743e-07
8.173434205005492004e-07
8.173409168366063682e-07
8.173335752648114294e-07
8.173295762414767296e-07
8.173253147614190084e-07
8.173137674427621846e-07
8.173019072632570214e-07
8.172966550201721248e-07
8.172815401108479705e-07
8.172693201080605263e-07
8.172505128190010737e-07
8.172307710552217941e-07
8.172136456430223461e-07
8.171905169218618425e-07
8.171647489785272001e-07
8.171323990779910673e-07
8.171041773197273983e-07
8.170687078035143713e-07
8.170254760520023751e-07
8.169828011883595309e-07
8.169361767063065827e-07
8.168812908326827937e-07
8.168172412892360512e-07
8.167505662903806751e-07
8.166724766445199180e-07
8.165813834004609362e-07
8.164832765444884899e-07
8.163680099704251347e-07
8.162353226648377813e-07
8.160815563318379873e-07
8.158973349159381883e-07
8.156875743736691220e-07
8.154340340738031045e-07
8.151314201398918158e-07
8.147685010007066353e-07
8.143099454738234044e-07
8.137377153216718284e-07
8.130078169577004132e-07
8.120362280372717123e-07
8.107357830633432627e-07
8.089141962930312957e-07
8.062365843830576750e-07
8.020754052040501847e-07
7.950581240034892971e-07
7.819021266008974180e-07
7.525911970285292796e-07
6.657142664900916884e-07
2.081839720613487543e-07
4.637997585432707126e-06
7.771561172376095783e-16
