0.000000000000000000e+00
8.192180642740964913e-07
1.514439167626946414e-06
2.072895355365034220e-06
2.510168035985138602e-06
2.848470079475085015e-06
3.109497412445705322e-06
3.311158816243775505e-06
3.467734057127636049e-06
3.589589869457121551e-06
3.685468031644489884e-06
3.760208151515342934e-06
3.820029291223825396e-06
3.867247695743536440e-06
3.904550749389557041e-06
3.934796481863678252e-06
3.958576682339121078e-06
3.978047015240626649e-06
3.993317108208493948e-06
4.006299458403361768e-06
4.016554037145070311e-06
4.024513220679537540e-06
4.030920628173007003e-06
4.036059516265844138e-06
4.040269065863633102e-06
4.043225189986898727e-06
4.045998732160605016e-06
4.048253008370750194e-06
4.050614077488745579e-06
4.051364848489669157e-06
4.052217817074321715e-06
4.053033357598323505e-06
4.054057238245256656e-06
4.053699946604538695e-06
4.054203526893118692e-06
4.054180580137511924e-06
4.054271958486843630e-06
4.054446731016625449e-06
4.054630208250031842e-06
4.054077077930706707e-06
4.054667321229388222e-06
4.054742389847376671e-06
4.054776034156937214e-06
4.054756646776347395e-06
4.055176896056167379e-06
4.054123192931413655e-06
4.054546451026652676e-06
4.054879990889048713e-06
4.054861580060631354e-06
4.054537048991946335e-06
4.054369241779376409e-06
4.054513943585469349e-06
4.054186471647014400e-06
4.053234921919113276e-06
4.052910757001981779e-06
4.052772927365388966e-06
4.050933064214667922e-06
4.049911241477133217e-06
4.048231068365382157e-06
4.045769151916900341e-06
4.043527645825051309e-06
4.039966434055131117e-06
4.035613953790040398e-06
4.029984215447868223e-06
4.023769973549029544e-06
4.015658380152054008e-06
4.005244174321020978e-06
3.991842441708470801e-06
3.976904054070473649e-06
3.956464062149223082e-06
3.931825846015257753e-06
3.901621553836776002e-06
3.863197057030198778e-06
3.814942729829517987e-06
3.754291509561191731e-06
3.677509750055207860e-06
3.579700015077236230e-06
3.454944697667272635e-06
3.294382711960253118e-06
3.087558717362881566e-06
2.820167418260410841e-06
2.473668433755626950e-06
2.026691420686788092e-06
1.454794440358675445e-06
7.465461184796851057e-07
8.162286113666539222e-08
9.224170854915669793e-07
1.455931239124907961e-06
1.001242438736227314e-06
1.554893837241166921e-06
6.959053050925589901e-06
1.352174046598264567e-05
1.648158300437962964e-05
1.296762128732975583e-05
6.325401123108420620e-06
1.180695492264405289e-06
1.118261802046660591e-06
1.434789348553344723e-06
8.476534208989860986e-07
2.220446049250313081e-16
