0.000000000000000000e+00
2.255736149203713126e-06
4.175114608595542620e-06
5.716626643614830527e-06
6.920854315861646455e-06
7.855490801178532934e-06
8.574810924422138214e-06
9.131068459122815284e-06
9.563316083038841953e-06
9.898529367169395243e-06
1.016258543340420317e-05
1.036970007239901292e-05
1.053335505007968464e-05
1.066385003412051447e-05
1.076703406621692949e-05
1.085040842274676010e-05
1.091653780149748343e-05
1.096850978621333184e-05
1.101226421629242225e-05
1.104711576271899531e-05
1.107568425873228790e-05
1.109836704737965363e-05
1.111630495120863316e-05
1.113005099817598875e-05
1.114114512623665121e-05
1.115009292362856286e-05
1.115791705008639667e-05
1.116296890568690969e-05
1.116985676319348642e-05
1.117351478496786399e-05
1.117581074994156154e-05
1.117706883846381061e-05
1.117858722221587442e-05
1.117940390449323473e-05
1.117918615922697256e-05
1.117988764276489633e-05
1.118106586872613661e-05
1.118150558943042938e-05
1.117975995312825432e-05
1.118145056711039587e-05
1.118257155052759799e-05
1.118091282870103953e-05
1.118065373650889427e-05
1.118059227567247405e-05
1.118190243565297948e-05
1.118253918352962728e-05
1.118100541308564289e-05
1.118171799197043015e-05
1.118098932273436930e-05
1.118070755035116548e-05
1.118065666871892461e-05
1.118092132335046784e-05
1.117904660219437574e-05
1.117800166716698129e-05
1.117800873362551073e-05
1.117616231327556164e-05
1.117386583993074112e-05
1.116908878340261424e-05
1.116389393629457771e-05
1.115803759021982700e-05
1.115062007661649091e-05
1.114165990612203672e-05
1.112813699799541922e-05
1.111598956848869335e-05
1.109649925978839491e-05
1.107367050889873639e-05
1.104473351443147067e-05
1.101011496162929149e-05
1.096726867921837822e-05
1.090986412288774687e-05
1.084410076157560354e-05
1.075958645702090877e-05
1.065447233639105207e-05
1.052164638437602662e-05
1.035268949767242930e-05
1.014026729229122736e-05
9.873404007931796400e-06
9.529600737301358038e-06
9.086775173638983460e-06
8.517539829111520078e-06
7.781290012554009650e-06
6.830554927672594090e-06
5.596603531166088885e-06
4.026846708193865254e-06
2.077692856983226477e-06
2.021988192435486553e-07
2.511449292530443245e-06
3.990802739495258322e-06
2.748574680855320196e-06
4.280519073751598569e-06
1.916988103456418457e-05
3.735257752601750525e-05
4.551732222624060853e-05
3.579908935558151484e-05
1.747555987763327323e-05
3.278396152328610924e-06
3.078783802457074614e-06
3.952744038193678477e-06
2.342716949210732480e-06
8.881784197001252323e-16
