0.000000000000000000e+00
1.279617334593030620e-05
1.492052751062011851e-05
1.559451840793535382e-05
1.588802539398415092e-05
1.604037797675594845e-05
1.612953542295958442e-05
1.618662780222823727e-05
1.622542224533063404e-05
1.625275657368696614e-05
1.627270630333299550e-05
1.628812223908315815e-05
1.629978646067176129e-05
1.630924650186660330e-05
1.631696422998984985e-05
1.632318353728123839e-05
1.632834657139259349e-05
1.633268141509880422e-05
1.633635711251191225e-05
1.633950116863847057e-05
1.634211577328237297e-05
1.634452505672179257e-05
1.634648801696059195e-05
1.634833008845593127e-05
1.635000921107465643e-05
1.635138065880781255e-05
1.635263237154127580e-05
1.635378428921363536e-05
1.635478166928105992e-05
1.635567517555003292e-05
1.635647697617592655e-05
1.635719734038865170e-05
1.635773006547491804e-05
1.635834790258972049e-05
1.635883717154840156e-05
1.635934216770440486e-05
1.635984165304638083e-05
1.636021787543295858e-05
1.636051847664354852e-05
1.636081499412078699e-05
1.636110976155347174e-05
1.636130260407320236e-05
1.636145535910404902e-05
1.636169648888685657e-05
1.636183223641118900e-05
1.636194001297663903e-05
1.636198673371502821e-05
1.636199884946787364e-05
1.636202676857934080e-05
1.636210450528530203e-05
1.636200467369786082e-05
1.636203037613803701e-05
1.636195376397697743e-05
1.636177404251704104e-05
1.636168461638387583e-05
1.636144788763616020e-05
1.636129126114660437e-05
1.636106900282374710e-05
1.636085615697169260e-05
1.636059938681100334e-05
1.636027044693566523e-05
1.635990061243930427e-05
1.635940812982905612e-05
1.635898957474957172e-05
1.635850912207192920e-05
1.635793596055368226e-05
1.635726346715937751e-05
1.635658953702545659e-05
1.635580051728702244e-05
1.635492143070571558e-05
1.635390454657326131e-05
1.635284339784881524e-05
1.635161349389235852e-05
1.635019363499523593e-05
1.634866960698033722e-05
1.634690101848246258e-05
1.634479488510365286e-05
1.634258376226327414e-05
1.633983378901415762e-05
1.633671701062322512e-05
1.633326889782793501e-05
1.632893349323705223e-05
1.632397230566517976e-05
1.631797154766356783e-05
1.631048409145297029e-05
1.630151524634193549e-05
1.629008102932427704e-05
1.627536005210927783e-05
1.625596720911115511e-05
1.623009507845107890e-05
1.619358037219242874e-05
1.614004969430204994e-05
1.605681585237217490e-05
1.591639996434413007e-05
1.565363166855515686e-05
1.506665135631024555e-05
1.333310030027234916e-05
4.176592000915135827e-06
8.883915250912366446e-05
8.868538126094449581e-10
