0.000000000000000000e+00
3.661860639891933999e-05
4.265705663464292030e-05
4.457051716366677852e-05
4.540342952308318303e-05
4.583569267002651770e-05
4.608862861754658979e-05
4.625058645169044524e-05
4.636063253626865333e-05
4.643816829941194158e-05
4.649475608287101380e-05
4.653848277513805698e-05
4.657156769416470610e-05
4.659840019372030184e-05
4.662029058810635007e-05
4.663793084225265062e-05
4.665257504321562720e-05
4.666487014803877287e-05
4.667529566182437861e-05
4.668421323417160096e-05
4.669162912507296426e-05
4.669846256921683647e-05
4.670403015838431315e-05
4.670925482552767960e-05
4.671401728806312548e-05
4.671790712018619729e-05
4.672145733208843410e-05
4.672472449018805207e-05
4.672755335055622794e-05
4.673008759381591659e-05
4.673236172469952265e-05
4.673440487146240940e-05
4.673591587300851558e-05
4.673766821616798239e-05
4.673905592389449026e-05
4.674048821096121742e-05
4.674190487552465356e-05
4.674297193596466116e-05
4.674382452807268606e-05
4.674466554099865334e-05
4.674550156613666019e-05
4.674604853394104254e-05
4.674648179614493415e-05
4.674716567987236004e-05
4.674755070022129644e-05
4.674785638203449167e-05
4.674798891046716420e-05
4.674802327742089147e-05
4.674810246330096675e-05
4.674832292506092557e-05
4.674803980753150512e-05
4.674811267524336955e-05
4.674789538605672590e-05
4.674738567256309096e-05
4.674713202368341314e-05
4.674646061431086963e-05
4.674601636767139468e-05
4.674538599824806795e-05
4.674478227806311281e-05
4.674405400229009189e-05
4.674312105223954461e-05
4.674207210542125068e-05
4.674067529741865457e-05
4.673948814815087616e-05
4.673812544875310948e-05
4.673649980768690426e-05
4.673459243897948312e-05
4.673268097743488170e-05
4.673044308778351308e-05
4.672794975257854588e-05
4.672506559544320481e-05
4.672205586409017286e-05
4.671856750237957101e-05
4.671454037696864958e-05
4.671021776514461266e-05
4.670520151683899002e-05
4.669922790967451220e-05
4.669295643289217423e-05
4.668515669192796480e-05
4.667631650578929481e-05
4.666653645701845932e-05
4.665423981298211231e-05
4.664016809929893981e-05
4.662314772874154301e-05
4.660191048533324221e-05
4.657647114159058077e-05
4.654403877779600407e-05
4.650228330815853184e-05
4.644727553626548655e-05
4.637388750017290562e-05
4.627030846549029519e-05
4.611845527635605180e-05
4.588232750557530437e-05
4.548394107206643611e-05
4.473828395279433323e-05
4.307200064257443728e-05
3.814584302153090078e-05
1.199909298577050976e-05
2.771305656513733950e-04
2.529706111253915424e-09
