0.000000000000000000e+00
1.467563304213825859e-08
6.059357060550496499e-08
1.359928230026952178e-07
2.414306116138575931e-07
3.732583806481670763e-07
5.295506793068227580e-07
7.079807030629936548e-07
9.062997358144642135e-07
1.121981046958708816e-06
1.352498392392931237e-06
1.587822902493485344e-06
1.828253004321211961e-06
2.070905116613452890e-06
2.316010398684120730e-06
2.550661019284916620e-06
2.775256705223050346e-06
2.986587862463530030e-06
3.182425578396319565e-06
3.354877282646384629e-06
3.507924809076357064e-06
3.630563446321843912e-06
3.731083425106973550e-06
3.801849935980428086e-06
3.835706415156181492e-06
3.844482812764837831e-06
3.822831985633712293e-06
3.771414340270062837e-06
3.682893652046104194e-06
3.574161806185749413e-06
3.438295594238027775e-06
3.273935967329499874e-06
3.093524049702089940e-06
2.892471967941290245e-06
2.680526336673594301e-06
2.445531202321937769e-06
2.202805289175380210e-06
1.965743744003489724e-06
1.723885009963233017e-06
1.482691082244080860e-06
1.245363254964715338e-06
1.019362733223339035e-06
8.128346487001891774e-07
6.222488215801291744e-07
4.545167566760710542e-07
3.120774402232129319e-07
1.930897761681649172e-07
1.010350985097829835e-07
3.908534229601912102e-08
8.389549721599109944e-09
9.558552727106928160e-09
4.063235181650526329e-08
1.002994890475505940e-07
1.918149468149721315e-07
3.124880714189259834e-07
4.561319277840425457e-07
6.250052453360410709e-07
8.133851063796271319e-07
1.022434334085886576e-06
1.244838754410615422e-06
1.475867094424820891e-06
1.717663952183201559e-06
1.961850248366481253e-06
2.203858555205329139e-06
2.441663910390801107e-06
2.673924435425689694e-06
2.891342465893842473e-06
3.089523251231796053e-06
3.278861756439432895e-06
3.441531079673154636e-06
3.577966063206261538e-06
3.688927514455819789e-06
3.781707809569212486e-06
3.844418306475638758e-06
3.866994410017809969e-06
3.855679768349773440e-06
3.814741049823489050e-06
3.736562649736541175e-06
3.633744621645007555e-06
3.510382553861823851e-06
3.357636760181748059e-06
3.180124012680529688e-06
2.986977428509618449e-06
2.779103587258191510e-06
2.554689092493234170e-06
2.320961634105778160e-06
2.075841182724857958e-06
1.829413827536541248e-06
1.585586717589571037e-06
1.348554456881423391e-06
1.123728276208879606e-06
9.053584915097445673e-07
7.056160223894991645e-07
5.281390395017737660e-07
3.716898139272117874e-07
2.399921030793450427e-07
1.349838343323028766e-07
5.985947015840764607e-08
1.571720265047815701e-08
0.000000000000000000e+00
