0.000000000000000000e+00
5.167843826425766451e-06
5.799099137560048689e-06
5.943751568926458617e-06
5.988889964170240887e-06
6.005694888511214913e-06
6.012458081960936340e-06
6.015240356926909726e-06
6.016313937595718642e-06
6.016561429511568804e-06
6.016446724266266699e-06
6.016152574894739757e-06
6.015799831393664476e-06
6.015436890383085711e-06
6.015049957230900191e-06
6.014705675627673997e-06
6.014379071217490491e-06
6.014092212236477053e-06
6.013819117467456010e-06
6.013569312068867134e-06
6.013333193166658930e-06
6.013136264138019271e-06
6.012929326337790314e-06
6.012764558249727997e-06
6.012598118720902107e-06
6.012443729885852406e-06
6.012325552529063089e-06
6.012200263638689535e-06
6.012092366725063641e-06
6.011996602550695457e-06
6.011916452663967902e-06
6.011825250951119415e-06
6.011749591250392655e-06
6.011682145978802794e-06
6.011620156232133638e-06
6.011565402919138990e-06
6.011506315517500809e-06
6.011468266065023158e-06
6.011431649577403391e-06
6.011385464965712799e-06
6.011357248869586556e-06
6.011330117461355371e-06
6.011298713692880824e-06
6.011289092389127120e-06
6.011260445637489624e-06
6.011248288695369979e-06
6.011237170477912173e-06
6.011244771508827966e-06
6.011241560410773843e-06
6.011241499459529791e-06
6.011229657154615325e-06
6.011250429427406061e-06
6.011257401516978405e-06
6.011271730721468032e-06
6.011285878848582342e-06
6.011307249753627957e-06
6.011330817679017002e-06
6.011343756995302101e-06
6.011380057624471362e-06
6.011422369667229759e-06
6.011462689636815071e-06
6.011508580483493347e-06
6.011554942841890181e-06
6.011605289901744698e-06
6.011667146310628596e-06
6.011744306810840044e-06
6.011817813456055148e-06
6.011889910007006677e-06
6.011992144561162377e-06
6.012072119254696645e-06
6.012183161541173604e-06
6.012306920322174619e-06
6.012437373081880310e-06
6.012567613011832179e-06
6.012726149973168788e-06
6.012902039942424892e-06
6.013099017376788424e-06
6.013308229912972536e-06
6.013529034953890573e-06
6.013775753488381781e-06
6.014047512548081897e-06
6.014334902215701106e-06
6.014656370734172697e-06
6.015011778992551683e-06
6.015380214718923924e-06
6.015745621201773474e-06
6.016105347561584438e-06
6.016399426544971618e-06
6.016562373756251247e-06
6.016397983144017303e-06
6.015492028499380694e-06
6.013064035803594720e-06
6.007115167627752328e-06
5.992529358400666695e-06
5.953923164936369972e-06
5.834151769024131795e-06
5.341792624458108207e-06
2.022617309971330712e-06
2.180719203559444708e-05
9.776408244478555776e-09
