0.000000000000000000e+00
9.643350373789161267e-07
1.082128375573532253e-06
1.109120771891625168e-06
1.117543679152177560e-06
1.120679508526123414e-06
1.121941532788994778e-06
1.122460714819695227e-06
1.122661043018169380e-06
1.122707226408614645e-06
1.122685824528346643e-06
1.122630934546897663e-06
1.122565114530793551e-06
1.122497384709042478e-06
1.122425183242015123e-06
1.122360936856026115e-06
1.122299993605579971e-06
1.122246465645737601e-06
1.122195504743572769e-06
1.122148888144103296e-06
1.122104829165415651e-06
1.122068078895921417e-06
1.122029466893437188e-06
1.121998721043127034e-06
1.121967663442191565e-06
1.121938854931059382e-06
1.121916797686139944e-06
1.121893422273423369e-06
1.121873287601715674e-06
1.121855418784178937e-06
1.121840464302081841e-06
1.121823446248448874e-06
1.121809324988731760e-06
1.121796737502123165e-06
1.121785175417500113e-06
1.121774953816156994e-06
1.121763932410146936e-06
1.121756829203235384e-06
1.121749999444254797e-06
1.121741380005758515e-06
1.121736116216354162e-06
1.121731053155272662e-06
1.121725194286327110e-06
1.121723396169116427e-06
1.121718047336628388e-06
1.121715780816323615e-06
1.121713706808691313e-06
1.121715126672917506e-06
1.121714523266703623e-06
1.121714514829008635e-06
1.121712306484390353e-06
1.121716183494214647e-06
1.121717481789019644e-06
1.121720158314687410e-06
1.121722795538460105e-06
1.121726786790233632e-06
1.121731182052165821e-06
1.121733596676222078e-06
1.121740369924850711e-06
1.121748267607358684e-06
1.121755789257328217e-06
1.121764353406717873e-06
1.121773004597592660e-06
1.121782399304827038e-06
1.121793939740101109e-06
1.121808341775221152e-06
1.121822057026378161e-06
1.121835510820012871e-06
1.121854584562598234e-06
1.121869508402539850e-06
1.121890230493249874e-06
1.121913325130563521e-06
1.121937666992423033e-06
1.121961970107498985e-06
1.121991554997592289e-06
1.122024372968155603e-06
1.122061130121032591e-06
1.122100173667206491e-06
1.122141374709784145e-06
1.122187411994879369e-06
1.122238120654373006e-06
1.122291751087800549e-06
1.122351736437821046e-06
1.122418056276330844e-06
1.122486809612688319e-06
1.122554994736901790e-06
1.122622120153238257e-06
1.122676995368721009e-06
1.122707404155320887e-06
1.122676730691551938e-06
1.122507674367057007e-06
1.122054608782008245e-06
1.120944538302026672e-06
1.118222798801582485e-06
1.111018809729635848e-06
1.088669251636531499e-06
9.967941702049287755e-07
3.774280172841315562e-07
4.069489663804937152e-06
1.416051968175166542e-09
