0.000000000000000000e+00
1.545985517625858563e-05
1.832172869331571974e-05
2.189142518760345268e-05
2.563211536588116957e-05
2.859182094083756454e-05
3.088160166841991128e-05
3.266004818269774290e-05
3.404217254820984806e-05
3.513100831820104020e-05
3.599471249171593001e-05
3.668161243775003300e-05
3.723041921110947783e-05
3.766907039903788501e-05
3.802804678243454362e-05
3.832161223016328222e-05
3.855888849890742875e-05
3.875305258949079956e-05
3.891173113113044479e-05
3.904596971737728239e-05
3.915609630500416216e-05
3.924747936068229137e-05
3.932245555227087408e-05
3.938883550247407328e-05
3.944124903387802306e-05
3.948381012430779435e-05
3.951983331274000477e-05
3.955106623065862692e-05
3.957821439803943520e-05
3.959842102174704337e-05
3.961755896209062655e-05
3.963207388535394671e-05
3.964382029997270962e-05
3.965397910121737368e-05
3.966508271990853984e-05
3.967223783840623241e-05
3.967689618955549946e-05
3.968138276044808066e-05
3.968699780321216508e-05
3.969073828824498662e-05
3.969219515331801063e-05
3.969521950164534019e-05
3.969646571977403227e-05
3.969592467245597334e-05
3.969525404390328305e-05
3.969199277120694092e-05
3.968946827304087321e-05
3.968529824027733355e-05
3.967930947124109764e-05
3.967453472153437133e-05
3.967017373607273356e-05
3.966292486390354810e-05
3.965289886798117891e-05
3.964270745959730391e-05
3.963074036361646790e-05
3.961604949631603034e-05
3.959771456396588007e-05
3.957560743972354800e-05
3.954700817132561497e-05
3.951694097192870458e-05
3.948162416766987093e-05
3.943629899760825452e-05
3.938426551908236206e-05
3.931727488981628937e-05
3.923992698795508716e-05
3.914725006792796336e-05
3.903069271093961845e-05
3.889581977678524538e-05
3.873529838260836300e-05
3.853641157247622573e-05
3.829583782288814575e-05
3.799574647112002879e-05
3.762938189200148997e-05
3.717927843949198063e-05
3.661944323973820303e-05
3.591711947747988631e-05
3.502826689727456255e-05
3.391321016388282317e-05
3.250000993682000683e-05
3.068053124355429873e-05
2.833165678717275426e-05
2.527825335785216510e-05
2.144921900448792940e-05
1.953806696075588434e-05
1.964891162786752687e-05
9.868812837536544702e-06
5.638225038240296527e-06
3.204175741400305810e-06
1.164944789588950869e-05
3.960890891052670781e-06
4.172296369875372335e-05
8.900980037684913526e-05
1.103789810169564234e-04
8.617706655011936334e-05
3.876422148019198488e-05
2.613595069034246876e-06
1.106658038285690537e-05
4.835235729472309174e-06
5.075477687133123084e-06
7.787961843128132777e-09
