0.000000000000000000e+00
1.221945804541491043e-07
2.574273854083486412e-07
4.005595237721593094e-07
5.449566270465666662e-07
6.859984194029777882e-07
8.221011653652965379e-07
9.518863804958144215e-07
1.074202837347826289e-06
1.187538761548978528e-06
1.293249563771858845e-06
1.389926287842513375e-06
1.478300935220389078e-06
1.559409098739195088e-06
1.633072442830396653e-06
1.699778300334742198e-06
1.759832573555719648e-06
1.814545927514288337e-06
1.863766104892583542e-06
1.906971951237679264e-06
1.947258102208415664e-06
1.982306511050246911e-06
2.012617143498651728e-06
2.041800654106751267e-06
2.065863951239421681e-06
2.086503473441858603e-06
2.105643141181445799e-06
2.121274274125006798e-06
2.135477018994080822e-06
2.147195098056720042e-06
2.156109815798501472e-06
2.163313870484628865e-06
2.167467764269126462e-06
2.170492957032088555e-06
2.171656476979144657e-06
2.171325401922885590e-06
2.168275192726554224e-06
2.163597585980170379e-06
2.156628261307247385e-06
2.148018774406068587e-06
2.137078791486501927e-06
2.124181816554049362e-06
2.108225009456177190e-06
2.089758188716928089e-06
2.068153848289178143e-06
2.044368766385140646e-06
2.016940521154531041e-06
1.985728001030473422e-06
1.951343346018319380e-06
1.912956584249059233e-06
1.869059188641664093e-06
1.820608643399168614e-06
1.767200053737205678e-06
1.708222948426652010e-06
1.641925719608750001e-06
1.569439418536155983e-06
1.488996957621502304e-06
1.402239549697092968e-06
1.306110253729286796e-06
1.201833234376614712e-06
1.089178113367061940e-06
9.680782613319394159e-07
8.390548993375546161e-07
7.027593713626600902e-07
5.618478340352339728e-07
4.171784950823820282e-07
2.734683113292390999e-07
1.358435213205666514e-07
1.240446445560650091e-08
8.882332136472825823e-08
1.597300181011007680e-07
1.823458851690773486e-07
1.429221148097070682e-07
2.740529980727046677e-08
1.828465490127939574e-07
4.990125481718621359e-07
9.266299315635606604e-07
1.457824570172405743e-06
2.076505407400119907e-06
2.740233467801722611e-06
3.395323168065011998e-06
3.980835697858786659e-06
4.422140559845466612e-06
4.667105616862343709e-06
4.679649061922752651e-06
4.462659627502141291e-06
4.046272233493297676e-06
3.474002206016457706e-06
2.823933776596732059e-06
2.158701887688962984e-06
1.532510144119925144e-06
9.878704707588781275e-07
5.480411409131136224e-07
2.185671452714643692e-07
4.506854889285705212e-09
1.312930579810966947e-07
1.787276626696865378e-07
1.634532761363161057e-07
9.777285991940942722e-08
0.000000000000000000e+00
