0.000000000000000000e+00
3.460687368894710403e-07
7.291754104965519900e-07
1.134735734265035489e-06
1.543927445446513502e-06
1.943641035229148883e-06
2.329378641197088484e-06
2.697227730386053679e-06
3.043919674428074984e-06
3.365163322555098091e-06
3.664800420244418433e-06
3.938833563088550704e-06
4.189336399562648694e-06
4.419244491349338944e-06
4.628050461419341843e-06
4.817135749846102044e-06
4.987366735709208854e-06
5.142459251761266614e-06
5.281980818172549164e-06
5.404452293467087998e-06
5.518650153191195784e-06
5.618000290863456314e-06
5.703918329991175540e-06
5.786645493000008855e-06
5.854856270026687071e-06
5.913361024845187330e-06
5.967616271806974737e-06
6.011925099191905986e-06
6.052185754001904172e-06
6.085403799316324580e-06
6.110674638071245113e-06
6.131096828565496537e-06
6.142871866177124218e-06
6.151448386337854402e-06
6.154748406039800557e-06
6.153812315834450430e-06
6.145167999682676907e-06
6.131910825879494098e-06
6.112157238558069139e-06
6.087756132644450702e-06
6.056748508287412847e-06
6.020194372680087724e-06
5.974966086452759839e-06
5.922622962950541137e-06
5.861387298855547101e-06
5.793970772605128161e-06
5.716227370222703996e-06
5.627757209913930581e-06
5.530296936173684230e-06
5.421493064816651497e-06
5.297069289533773429e-06
5.159740349536257042e-06
5.008358019975567288e-06
4.841196106442069436e-06
4.653282250632884143e-06
4.447830763143478805e-06
4.219830905594079695e-06
3.973934652456989625e-06
3.701481165796494111e-06
3.405939794420831390e-06
3.086658306505896121e-06
2.743456624432205615e-06
2.377814431353542091e-06
1.991587537109040795e-06
1.592307021347494356e-06
1.182417259548707023e-06
7.753029287460577734e-07
3.855129895313780253e-07
3.602927500789832038e-08
2.503750484716960045e-07
4.506931716719009273e-07
5.139509016149901299e-07
4.011560540417846710e-07
7.246821409623294130e-08
5.249540676599551148e-07
1.422755013580356831e-06
2.636560131219489733e-06
4.143924884347782722e-06
5.899115156138279303e-06
7.781692575092868935e-06
9.639398972360879725e-06
1.129947394196140209e-05
1.255043706460678976e-05
1.324462683915950123e-05
1.327986151455906594e-05
1.266435395974596645e-05
1.148350320701041483e-05
9.860577945497439600e-06
8.016872124594343063e-06
6.129924200015679503e-06
4.353452613403696603e-06
2.808053176761582392e-06
1.559765810066338076e-06
6.244029525648286949e-07
9.190463390318370784e-09
3.696500281424874856e-07
5.049830691383760950e-07
4.623805112125012329e-07
2.767385364199625997e-07
0.000000000000000000e+00
