0.000000000000000000e+00
2.730248202631457843e-06
3.457455297173339659e-06
3.933230302566315117e-06
4.305732808962403624e-06
4.594019679449168336e-06
4.818051321908711770e-06
4.991691337274950513e-06
5.127076110000849951e-06
5.233601204746030078e-06
5.317555597850187610e-06
5.384768975158493731e-06
5.438415209058078403e-06
5.481679282159923616e-06
5.516695597562737419e-06
5.545335233558823518e-06
5.568424169100083532e-06
5.587082019586908643e-06
5.602849072028348587e-06
5.615773151390612838e-06
5.626484206655568698e-06
5.635265620806961806e-06
5.642707021413784219e-06
5.649027764897951442e-06
5.654318456449480834e-06
5.659264003532449294e-06
5.662989133514706452e-06
5.665881061878152991e-06
5.668593258123522105e-06
5.670247967382024967e-06
5.671822083441746543e-06
5.673240536130386147e-06
5.674298117597231794e-06
5.675344102895607534e-06
5.676125744868976142e-06
5.677116161173501041e-06
5.677661970349134890e-06
5.678252122276461478e-06
5.678647872597863966e-06
5.678917990969978291e-06
5.679305382533250679e-06
5.679247077616800254e-06
5.679427073190801423e-06
5.679527005142404050e-06
5.679622442023024576e-06
5.679029534078061658e-06
5.678836536238129895e-06
5.678571060485637645e-06
5.678515895057856255e-06
5.677966884332086295e-06
5.677255039193696007e-06
5.676418670441663039e-06
5.675392436343962288e-06
5.674426538426757816e-06
5.672949744850441789e-06
5.672069796625045512e-06
5.670353318443233093e-06
5.668248053147806331e-06
5.665234730556356624e-06
5.662331227451744553e-06
5.658993269319623209e-06
5.654305604507747773e-06
5.648800182722624186e-06
5.642486407553271022e-06
5.634750981031722006e-06
5.626163705918507674e-06
5.614731164671482588e-06
5.601976645008832634e-06
5.586327626927456436e-06
5.567122925320688864e-06
5.543141015307284647e-06
5.514377398263548002e-06
5.478373967360283814e-06
5.434207505095045576e-06
5.379710448116803434e-06
5.311544773345389103e-06
5.225122385432712235e-06
5.116379114822322549e-06
4.977547074180854736e-06
4.799614159001208691e-06
4.571171096090509423e-06
4.275282515231459968e-06
3.893276443678317378e-06
3.407110474196173300e-06
3.020325954783409372e-06
4.654839481796346767e-06
1.380335040712665773e-06
6.852416880587242076e-07
7.398582778650464320e-07
2.290676400451552297e-06
5.927071320188659342e-06
1.051379972771826488e-05
1.260416761872384939e-05
1.013652171677481562e-05
5.530273099241256318e-06
2.079985530256678317e-06
7.072672923991163429e-07
7.333159424138813165e-07
1.228751034476616155e-06
8.230115974036493476e-10
