0.000000000000000000e+00
6.357253568012311007e-08
9.830892200302088213e-08
1.259202994097208261e-07
1.475674153983419501e-07
1.643163128894897795e-07
1.772887223694397107e-07
1.873450938827403434e-07
1.952122903325914649e-07
2.013907289821759150e-07
2.062985393624927610e-07
2.101952339961243865e-07
2.132839476143288948e-07
2.158030435461810725e-07
2.178350428927444682e-07
2.194733333960030564e-07
2.208206510978527604e-07
2.219313326445870871e-07
2.228316675623176479e-07
2.235772441627759122e-07
2.241900900479265601e-07
2.247202423033556329e-07
2.251527875252179456e-07
2.255183120247750139e-07
2.258052630432771934e-07
2.260496232420194929e-07
2.262558009835657913e-07
2.264275346108846065e-07
2.265968898074177673e-07
2.267229169961026969e-07
2.268421421813826555e-07
2.269009806710187149e-07
2.269683325728522050e-07
2.270275449856029581e-07
2.270721471964165517e-07
2.271311958512711726e-07
2.271589994995437678e-07
2.271976085044258298e-07
2.272264707503524050e-07
2.272226142796540671e-07
2.272363281985434469e-07
2.272484064258506464e-07
2.272678469861233452e-07
2.272540031711400843e-07
2.272672607883663431e-07
2.272346943943404085e-07
2.272344760134714647e-07
2.272119633550673257e-07
2.271962793454207485e-07
2.271557459909701038e-07
2.271389019092850958e-07
2.270863821429713880e-07
2.270188365072201009e-07
2.269643111230124077e-07
2.269059000692408290e-07
2.268236409808110920e-07
2.267247272147443482e-07
2.265860251648987855e-07
2.264247626060367224e-07
2.262378432371647818e-07
2.260292435440902636e-07
2.257766424929030791e-07
2.254875595131267119e-07
2.251156714372370971e-07
2.246591775945105951e-07
2.241554202253581707e-07
2.235134206607369833e-07
2.227391315834381658e-07
2.218266510478628106e-07
2.207271310172842504e-07
2.193597121724621957e-07
2.176470307313493890e-07
2.155806450021557907e-07
2.130423859547647680e-07
2.098679983131290783e-07
2.058718153730154654e-07
2.008874959713580211e-07
1.945810260695068905e-07
1.864994800815367171e-07
1.761864435456672595e-07
1.629441921391361348e-07
1.457516380920509391e-07
1.235790251241652982e-07
9.535713385577793133e-08
5.989023565966533624e-08
6.888993514531094320e-08
2.716035429894958497e-08
6.216929160363093843e-08
5.809595626793395695e-08
3.181931496065715237e-08
2.425025293906202251e-07
5.078815330517016946e-07
6.282648314925864952e-07
4.848647984223575236e-07
2.176933155961791044e-07
1.807192151481729070e-08
6.131788365948409592e-08
5.996944851816010669e-08
2.304964874522141827e-08
2.239648179370654080e-10
