0.000000000000000000e+00
1.602425010260866145e-05
1.868551773231974522e-05
1.952889525425050010e-05
1.989643776723060142e-05
2.008760792426844688e-05
2.019975352718361705e-05
2.027072300903043356e-05
2.031947413305701389e-05
2.035374703968084731e-05
2.037868050186464330e-05
2.039808979403812117e-05
2.041279532560835719e-05
2.042473689511936641e-05
2.043417137209679879e-05
2.044197251038770702e-05
2.044852420790554959e-05
2.045395933203408845e-05
2.045856800081402582e-05
2.046232835095640468e-05
2.046579891734623402e-05
2.046885701323386542e-05
2.047143180350374791e-05
2.047369194269066384e-05
2.047568526131193778e-05
2.047738691679512613e-05
2.047885842493268882e-05
2.048041850333248703e-05
2.048166903767523195e-05
2.048263284970541775e-05
2.048379463970295689e-05
2.048469784188267084e-05
2.048535675280849233e-05
2.048614788185965097e-05
2.048683645505811057e-05
2.048742584248586240e-05
2.048801331400174064e-05
2.048848502500533186e-05
2.048890486494592267e-05
2.048927654985099878e-05
2.048960327960536176e-05
2.048988777503257808e-05
2.049007385407364268e-05
2.049033892692619929e-05
2.049042054474981001e-05
2.049064426168367703e-05
2.049074533427841516e-05
2.049072477083857535e-05
2.049078987576002930e-05
2.049085050215282422e-05
2.049082040289640361e-05
2.049075756194174147e-05
2.049057304320811568e-05
2.049053152008983858e-05
2.049030823270125978e-05
2.049016557359450985e-05
2.048977915736216460e-05
2.048950042077279932e-05
2.048932814824322435e-05
2.048887349437311656e-05
2.048855093916834846e-05
2.048802792198323175e-05
2.048756802608409089e-05
2.048698838097440245e-05
2.048634257079129384e-05
2.048562393264230508e-05
2.048482469696466524e-05
2.048393577058771342e-05
2.048294648371307147e-05
2.048184427172472510e-05
2.048061427495362352e-05
2.047917588554604151e-05
2.047759747714206213e-05
2.047596262155781943e-05
2.047400564308965443e-05
2.047168395447052092e-05
2.046915751330313782e-05
2.046626635809900563e-05
2.046304969594014977e-05
2.045912480375111642e-05
2.045469593281445952e-05
2.044932113176578525e-05
2.044309391302512324e-05
2.043551574892887857e-05
2.042628706444560294e-05
2.041488237181088294e-05
2.040054579155459180e-05
2.038215760613582006e-05
2.035800097321960322e-05
2.032497709558711563e-05
2.027940327353761063e-05
2.021242991190330685e-05
2.010765616988763327e-05
1.993268116029511816e-05
1.960280921609047766e-05
1.886864794364839781e-05
1.669674772075691038e-05
5.222387300163333634e-06
1.091358323032087796e-04
3.439591278464604329e-09
