0.000000000000000000e+00
1.101625590749222283e-08
1.685798711736907762e-08
2.043397706597005481e-08
2.302241253193670900e-08
2.514942587517055017e-08
2.707510471378071770e-08
2.883023952904295584e-08
3.053926467266876443e-08
3.216630906077710961e-08
3.370200507557541414e-08
3.515566093792443780e-08
3.645501756022184736e-08
3.770519230172908465e-08
3.883904953205785660e-08
3.992622643611554167e-08
4.096378602991279649e-08
4.185146762480940197e-08
4.274228027068005531e-08
4.354856342203561326e-08
4.425216348913352249e-08
4.492992022875341718e-08
4.554671961809475533e-08
4.608987191900837388e-08
4.659362251580034808e-08
4.709895495835780821e-08
4.755032556591487491e-08
4.799503583452491284e-08
4.837804479240759292e-08
4.869291714282297789e-08
4.902340899892720927e-08
4.927628738382594520e-08
4.954561394487910775e-08
4.976428191749704411e-08
4.995894109516285653e-08
5.010841219732498075e-08
5.025845284389873768e-08
5.037852168765510896e-08
5.050730556011018280e-08
5.059822139052982948e-08
5.064652019992621490e-08
5.068581121481230412e-08
5.072225828239851353e-08
5.071106323750740330e-08
5.068266828445189276e-08
5.062294894386809574e-08
5.057902574545636298e-08
5.045133810721580403e-08
5.037546746411436516e-08
5.024260041341932492e-08
5.009647174869513719e-08
4.993725155610917454e-08
4.974654821410240402e-08
4.951063059532856414e-08
4.928440888729568314e-08
4.900011829622741288e-08
4.862094538093941765e-08
4.832692945822003594e-08
4.795324426432046039e-08
4.749576687501644301e-08
4.706485889904854503e-08
4.660516794707803001e-08
4.608243908688081092e-08
4.550277354908871530e-08
4.487208871140069277e-08
4.420819088579719391e-08
4.342726400707874745e-08
4.266185027468338831e-08
4.172283507575258454e-08
4.087242444494876281e-08
3.979271401277628684e-08
3.872512144287298952e-08
3.755428934493210136e-08
3.630785494479482622e-08
3.496875056185899666e-08
3.348614385778603264e-08
3.199753273452898839e-08
3.035446372035011109e-08
2.865779491489917064e-08
2.684473054959113369e-08
2.488128536537459468e-08
2.275190413847383297e-08
2.008706434519780260e-08
1.627913281954107561e-08
1.017850381757057221e-08
1.580626407537977229e-09
2.572380086718339953e-08
7.572108406961319815e-08
1.759694306935344343e-07
3.594425341812979013e-07
6.373484454647027064e-07
9.289751972119120182e-07
1.053258658845201978e-06
9.058626235791678027e-07
6.069684452825185872e-07
3.364845203579491795e-07
1.619962667342988993e-07
6.859990098195822839e-08
2.192627424069115705e-08
6.661338147750939243e-16
