0.000000000000000000e+00
3.413830743648205157e-07
6.320686725125312933e-07
8.648022067347937991e-07
1.046939786641942760e-06
1.188009642216769635e-06
1.296966105401864411e-06
1.381300436142929300e-06
1.446477930211464979e-06
1.497473145151140272e-06
1.537275218455036452e-06
1.568593988698907538e-06
1.593516601228195384e-06
1.613246173759463886e-06
1.628900869632410320e-06
1.641590733902908994e-06
1.651341139718986994e-06
1.659332926395862273e-06
1.665851388499284269e-06
1.671350837728624583e-06
1.675580435289703018e-06
1.678851924591384659e-06
1.681640447781518333e-06
1.683750588399313131e-06
1.685572659226863834e-06
1.686894821717466186e-06
1.688010778044812810e-06
1.688789004195001553e-06
1.690018744837651354e-06
1.690684567345890343e-06
1.690610303639594747e-06
1.691530460146140058e-06
1.691052453400843092e-06
1.691656267066576902e-06
1.691264086556287793e-06
1.691679271553780950e-06
1.691617515175991571e-06
1.691455053576262912e-06
1.691442416240640512e-06
1.691637498302256404e-06
1.691566135830768758e-06
1.691684132998361179e-06
1.691737453235475641e-06
1.691518755175813737e-06
1.691808290349428034e-06
1.691683184756875846e-06
1.691344804877203956e-06
1.691780075585569421e-06
1.691604479714392539e-06
1.691669971881637480e-06
1.691575552631441326e-06
1.691530435499188911e-06
1.691495118749664073e-06
1.691314252982856203e-06
1.690844412816083775e-06
1.690590749725551234e-06
1.690203495607889295e-06
1.689534561033489979e-06
1.688869071259091470e-06
1.688014012901639660e-06
1.687073959311113924e-06
1.685672382567560135e-06
1.683834873200673599e-06
1.681797090480330326e-06
1.678830164331124308e-06
1.675312064297607151e-06
1.671044446149849705e-06
1.665777694004333398e-06
1.659289083355552918e-06
1.650969657207568275e-06
1.640561748672553222e-06
1.627818013050230661e-06
1.611873347018288882e-06
1.591881541695983060e-06
1.566305932843015114e-06
1.534500203126398787e-06
1.493792870621568625e-06
1.441506516597357290e-06
1.374575865131788532e-06
1.288390279685636131e-06
1.176850717543587166e-06
1.032219791308186529e-06
8.453220164961194882e-07
6.068590407970475553e-07
3.112585773568099512e-07
3.455809938213150190e-08
3.862228344919671486e-07
6.111480636006305645e-07
4.224910213901367229e-07
6.391463452937173884e-07
2.891416937877977489e-06
5.648803049873585280e-06
6.891572700506998217e-06
5.422851601211142736e-06
2.646209439016722342e-06
4.910843821592791869e-07
4.661642749592687096e-07
5.997176297789508226e-07
3.536238902812627316e-07
3.330669073875469621e-16
