0.000000000000000000e+00
2.845659485828377910e-08
5.996496221793989889e-08
9.318738469765719401e-08
1.267218794342994670e-07
1.596614418453157214e-07
1.916598793005874768e-07
2.219566875849565690e-07
2.503515529328481648e-07
2.767657397706457800e-07
3.013040317245696542e-07
3.238094362645327351e-07
3.444116244422090745e-07
3.632250787921620372e-07
3.804139470098277798e-07
3.960269320257836512e-07
4.099599127949105082e-07
4.225341195818188567e-07
4.339539714237616863e-07
4.441605483407329302e-07
4.532745938590210244e-07
4.616413099567395761e-07
4.689349386577390533e-07
4.753775939558835262e-07
4.808863389715867243e-07
4.859766099540863138e-07
4.905674257926762039e-07
4.940036253398005783e-07
4.971586351487644606e-07
4.998217786322811662e-07
5.019622058011208310e-07
5.035735736180768640e-07
5.048762573567344702e-07
5.055519515240192163e-07
5.057188483537089496e-07
5.056274803294513731e-07
5.047342379604913276e-07
5.037765684612338646e-07
5.022031909218682699e-07
5.001205769517014232e-07
4.977722958265928810e-07
4.946902114610907120e-07
4.910085195097835253e-07
4.865882943239085989e-07
4.816924330519611885e-07
4.760702846384745612e-07
4.697489746074978711e-07
4.626817272646022161e-07
4.545101361941306095e-07
4.454723556701623011e-07
4.354958770269590218e-07
4.239479410861335396e-07
4.116787692964862799e-07
3.978450758834739531e-07
3.825282151037612266e-07
3.656287380637834872e-07
3.470294872576218381e-07
3.264902476152187205e-07
3.042068794645302887e-07
2.799722299551277160e-07
2.537890720910596087e-07
2.256246776077830418e-07
1.955776518514085183e-07
1.639118183405230411e-07
1.311098916101371969e-07
9.742239426291376958e-08
6.421060638750475391e-08
3.218094057899634208e-08
3.385707159075934669e-09
2.046872660255161236e-08
3.659660197108394186e-08
4.186435287323320154e-08
3.280324345489304960e-08
5.400213165529521575e-09
4.357572958024746868e-08
1.172477319677511787e-07
2.168617218023527471e-07
3.406972364228266770e-07
4.843525472919552044e-07
6.381999999582887995e-07
7.912332133930277678e-07
9.263405190695905844e-07
1.028858978013857950e-06
1.085778031484352368e-06
1.089371536422412134e-06
1.038346842063830877e-06
9.404608769525424350e-07
8.083537530456652576e-07
6.568961079533863767e-07
5.021956052120302161e-07
3.567312250041254629e-07
2.301255561665271898e-07
1.275588769056312799e-07
5.075135944831998813e-08
9.361771358129544751e-10
3.079768018388051587e-08
4.186354907176337292e-08
3.814700622051248047e-08
2.297402390549763140e-08
0.000000000000000000e+00
