0.000000000000000000e+00
1.144834538280292691e-08
2.412419508601715279e-08
3.748944077397453611e-08
5.098013100557352573e-08
6.423140463951426682e-08
7.710401372928998853e-08
8.929203765273285853e-08
1.007148975329386076e-07
1.113409540121068630e-07
1.212123317273494649e-07
1.302659083934898376e-07
1.385538316300838346e-07
1.461221833531922698e-07
1.530369643232276644e-07
1.593178147185625448e-07
1.649227847622114496e-07
1.699811996713762596e-07
1.745751945225748614e-07
1.786811127946208444e-07
1.823475516138373109e-07
1.857133077320938241e-07
1.886474025880602312e-07
1.912391529579338112e-07
1.934552339433182055e-07
1.955029763633930884e-07
1.973497432139481589e-07
1.987321140983766554e-07
2.000013190617266901e-07
2.010726486423308756e-07
2.019337028702494763e-07
2.025819091366898306e-07
2.031059089802056405e-07
2.033777450893836658e-07
2.034449246846037340e-07
2.034081240109841815e-07
2.030488277515729578e-07
2.026635291807465933e-07
2.020305827077351069e-07
2.011928199596724198e-07
2.002480814500273709e-07
1.990082068026310935e-07
1.975271421983393338e-07
1.957489625947772538e-07
1.937794351647426083e-07
1.915177378908339278e-07
1.889747942573904993e-07
1.861317207030310783e-07
1.828444261553485717e-07
1.792086853358298981e-07
1.751952974915482741e-07
1.705497965076574474e-07
1.656140644623604885e-07
1.600490128206288887e-07
1.538872469453167469e-07
1.470888532084657641e-07
1.396066505732207474e-07
1.313440461947479321e-07
1.223797592153630376e-07
1.126304850496140375e-07
1.020973292575888536e-07
9.076709939215277245e-08
7.867949924911243897e-08
6.594062140763412572e-08
5.274464565108161196e-08
3.919233804161592616e-08
2.583125535693397978e-08
1.294558993336636377e-08
1.360897949886918923e-09
8.236416659812562102e-09
1.472572108696112991e-08
1.684648698319080040e-08
1.320335063503819129e-08
2.182014791074493587e-09
1.751740352773367704e-08
4.715141366240516163e-08
8.722085897971965096e-08
1.370344622220187603e-07
1.948207312141292391e-07
2.567079403492655842e-07
3.182674431778664825e-07
3.726168421591680158e-07
4.138568571177003719e-07
4.367535683114098788e-07
4.381994882507456168e-07
4.176744461403814057e-07
3.782985820155460033e-07
3.251566732531685489e-07
2.642309676614829073e-07
2.020011031778068400e-07
1.434868298622049565e-07
9.255902377880431686e-08
5.130149738352685063e-08
2.040614843767940556e-08
3.843199092301574638e-10
1.239486080439888838e-08
1.684464212559078078e-08
1.534803173441900981e-08
9.243005139047966168e-09
0.000000000000000000e+00
