0.000000000000000000e+00
4.117774414780228653e-07
4.807258132677461049e-07
5.520986607887579112e-07
6.229515969735643921e-07
6.922563652311808369e-07
7.590993851280813942e-07
8.226029987179472869e-07
8.815631178382687949e-07
9.361770417770642894e-07
9.867358511383983455e-07
1.032869684558512802e-06
1.075759932023245824e-06
1.114677486424575648e-06
1.150034956598489089e-06
1.181836190800034103e-06
1.210959416964030311e-06
1.237046590274459845e-06
1.260674359127023081e-06
1.281705955480383352e-06
1.300577207263842183e-06
1.317699255931614744e-06
1.332711821788734596e-06
1.346550653424927191e-06
1.358165499842911572e-06
1.368583053551475359e-06
1.378007802976810581e-06
1.385883620419470219e-06
1.392030348323913813e-06
1.397430703597990487e-06
1.402450040099978423e-06
1.405935824427828607e-06
1.408031043537150140e-06
1.409513752159696764e-06
1.410297153281447891e-06
1.409982139488619168e-06
1.408413287995458063e-06
1.406187406738368395e-06
1.402699541408480854e-06
1.398233817173633042e-06
1.392991993087733249e-06
1.386716446671876213e-06
1.379148094393656265e-06
1.369768809933447073e-06
1.359524350541541082e-06
1.347979567301038628e-06
1.334558028531773743e-06
1.319671438571035083e-06
1.302705455064057105e-06
1.284342771246116399e-06
1.263633637949013178e-06
1.240527191082030356e-06
1.214436254226569645e-06
1.185814567206122661e-06
1.153978219425866314e-06
1.119266088700499040e-06
1.080735745007110893e-06
1.038423447896619223e-06
9.930682901559961806e-07
9.429220915180280826e-07
8.885843751915700750e-07
8.301928313692030770e-07
7.672499006128319365e-07
7.006612081639218559e-07
6.317273744116391754e-07
5.610589759452722092e-07
4.897444348950230619e-07
4.199323313525127332e-07
9.847168129240024825e-07
3.002429895815339478e-07
2.586441754104384927e-07
2.364566242807342178e-07
2.410579564848802647e-07
2.791620423714391563e-07
3.583046543909063075e-07
4.832439415292100193e-07
6.566844160671436725e-07
8.775245805558995471e-07
1.135637644700260296e-06
1.415591634801316445e-06
1.693709795524966921e-06
1.941567673080513146e-06
2.129514928062015144e-06
2.234430858005787002e-06
2.240369813777398633e-06
2.146700371574716826e-06
1.968402138174951688e-06
1.725362786864081954e-06
1.448987848817751001e-06
1.168291644648711269e-06
9.059432454217031250e-07
6.802223135871088289e-07
5.015443378386663653e-07
3.707075398873271865e-07
2.860594218168088787e-07
2.424090530528388854e-07
2.349959720149286113e-07
2.542579333741912251e-07
2.939911030175323958e-07
1.937729702280836797e-09
