0.000000000000000000e+00
7.691481052063409152e-08
8.978075172194621700e-08
1.030991119144175627e-07
1.163204633725101189e-07
1.292529189234059572e-07
1.417260018232724406e-07
1.535759343029852175e-07
1.645780457470991109e-07
1.747691374953674881e-07
1.842035249888240855e-07
1.928122036476409562e-07
2.008156170241193195e-07
2.080777216084683801e-07
2.146755024856616956e-07
2.206096758605724517e-07
2.260441270829360860e-07
2.309120498145134093e-07
2.353210385441784069e-07
2.392455752397992796e-07
2.427669897331341531e-07
2.459619888872666138e-07
2.487633673498024223e-07
2.513457131314567050e-07
2.535130654290895791e-07
2.554569974444476088e-07
2.572156784230728022e-07
2.586853136143929532e-07
2.598323124436419107e-07
2.608400289094703339e-07
2.617766309276348125e-07
2.624270862838784524e-07
2.628180717501038544e-07
2.630947393278404434e-07
2.632409256131396091e-07
2.631821357512720283e-07
2.628893845946222996e-07
2.624740313983409123e-07
2.618231963458228506e-07
2.609898731575910347e-07
2.600117409157221005e-07
2.588407089776367798e-07
2.574284456713371583e-07
2.556782585649841621e-07
2.537666263791038546e-07
2.516123372986456275e-07
2.491078519017975168e-07
2.463299830779419608e-07
2.431641056288569303e-07
2.397375821194813739e-07
2.358732213991743265e-07
2.315615107439938924e-07
2.266928876837326357e-07
2.213520212679398469e-07
2.154112953567377531e-07
2.089339303790183067e-07
2.017440799972902710e-07
1.938485145736024151e-07
1.853851295807729116e-07
1.760277251738884274e-07
1.658881677579771008e-07
1.549921581078805843e-07
1.432468464956926368e-07
1.308212104200734416e-07
1.179579712795586488e-07
1.047710470603036015e-07
9.146355162137354000e-08
7.843642257920890870e-08
1.637484751404461036e-07
5.610210795925496541e-08
4.833971933848602021e-08
4.419956722845341801e-08
4.505835127233126514e-08
5.216890330839163425e-08
6.693741361196714479e-08
9.025173886012538560e-08
1.226165013967772666e-07
1.638260365144361685e-07
2.119907459574577047e-07
2.642306998756893677e-07
3.161279371610703492e-07
3.623784774475780068e-07
3.974494734437783450e-07
4.170267881020706113e-07
4.181349591014793532e-07
4.006563314451483393e-07
3.673858636199511807e-07
3.220346129761963994e-07
2.704627103389256604e-07
2.180842254562165294e-07
1.691292796923704600e-07
1.270089430294163435e-07
9.366685826961429484e-08
6.925203932528489759e-08
5.345617237750843742e-08
4.531065378454712800e-08
4.392717123380407429e-08
4.752138538233197096e-08
5.493562615921376846e-08
2.862577193514515006e-10
