0.000000000000000000e+00
2.497422404990068401e-06
2.911406924654968975e-06
3.042872237513094547e-06
3.100082587192964922e-06
3.129743469942880552e-06
3.147259720726047760e-06
3.158352788745766304e-06
3.165873459942680768e-06
3.171207397789643778e-06
3.175132625821142085e-06
3.178108727852624327e-06
3.180404503644318481e-06
3.182265198797828987e-06
3.183722655619725117e-06
3.184937251488051402e-06
3.185966669927431383e-06
3.186812428612739723e-06
3.187529584391946003e-06
3.188143019472455819e-06
3.188671782949903388e-06
3.189105217682453031e-06
3.189524023450296397e-06
3.189875821263399303e-06
3.190186086299284796e-06
3.190460856172805393e-06
3.190695614829763826e-06
3.190922827411846185e-06
3.191124415602430986e-06
3.191298752591720245e-06
3.191448333494939504e-06
3.191580097872126487e-06
3.191706582805764469e-06
3.191835734828174509e-06
3.191922535616953382e-06
3.192014308317503435e-06
3.192089840009515456e-06
3.192185102807165720e-06
3.192250434436161299e-06
3.192293313802885280e-06
3.192337563961977764e-06
3.192381890948503553e-06
3.192441453303551668e-06
3.192458795653330128e-06
3.192493481241065467e-06
3.192514512972977059e-06
3.192522102568595699e-06
3.192547392116829030e-06
3.192538109098030930e-06
3.192553213682280955e-06
3.192548527652938617e-06
3.192524008599484375e-06
3.192509043015157033e-06
3.192496965231939043e-06
3.192471300761390296e-06
3.192446622723998928e-06
3.192387970418764098e-06
3.192351232361723135e-06
3.192316308187059803e-06
3.192259538931097040e-06
3.192195357271110367e-06
3.192123196549268016e-06
3.192027181797563173e-06
3.191936890023505669e-06
3.191851695838465730e-06
3.191733073837355050e-06
3.191599859397875605e-06
3.191461389384642189e-06
3.191323209805752015e-06
3.191135604652117763e-06
3.190944010245111429e-06
3.190739203073889030e-06
3.190506268513360055e-06
3.190236411487745727e-06
3.189924646318509360e-06
3.189569210526599363e-06
3.189193986008476145e-06
3.188744463922255079e-06
3.188226989414566503e-06
3.187627294898298658e-06
3.186927049259047351e-06
3.186094215013035580e-06
3.185121669302404257e-06
3.183919380145283640e-06
3.182472914420308996e-06
3.180731791618818249e-06
3.178462620545552397e-06
3.175608630834325652e-06
3.171869458307163825e-06
3.166798150044947135e-06
3.159674664465761396e-06
3.149214779507580886e-06
3.132930251448229342e-06
3.105720172702497450e-06
3.054302062932556794e-06
2.940339946078118771e-06
2.601902305054970554e-06
8.134104371171346770e-07
1.813850536658279111e-05
5.551115123125782702e-16
