0.000000000000000000e+00
3.205139715034555081e-05
3.935237076457820393e-05
4.261159448204487887e-05
4.432369378948308736e-05
4.533043979948470081e-05
4.597857014199124848e-05
4.641507904634689652e-05
4.672670404692880197e-05
4.695377069163786388e-05
4.712612181845265980e-05
4.726008307687212806e-05
4.736854812703583661e-05
4.745429543595580668e-05
4.752560609710965167e-05
4.758483092082155252e-05
4.763453418887841906e-05
4.767663213345318951e-05
4.771209953280397542e-05
4.774291637021921275e-05
4.777044540527075611e-05
4.779406072963343632e-05
4.781473373649536285e-05
4.783296605481712760e-05
4.784921042944034753e-05
4.786369209475171971e-05
4.787649569715224374e-05
4.788802479172016291e-05
4.789818867279027614e-05
4.790753736538810870e-05
4.791572197937465916e-05
4.792320729352095299e-05
4.793005297065722203e-05
4.793611700648625629e-05
4.794156159371176784e-05
4.794657591211670677e-05
4.795108487976040834e-05
4.795521849310091511e-05
4.795853552885809279e-05
4.796194232403738766e-05
4.796476978641273092e-05
4.796737789625193926e-05
4.796963480757643339e-05
4.797108367260438655e-05
4.797283632351767579e-05
4.797368135134316702e-05
4.797458489413930494e-05
4.797536450096284710e-05
4.797546458201740194e-05
4.797544640078310607e-05
4.797509426357482454e-05
4.797454280591750830e-05
4.797386009225412806e-05
4.797275236856357594e-05
4.797102603393277320e-05
4.796936796125361724e-05
4.796762460834713693e-05
4.796473294488290406e-05
4.796249793725948507e-05
4.795871816543062494e-05
4.795525281331425305e-05
4.795143949576363696e-05
4.794715092570900339e-05
4.794248577721926807e-05
4.793697046545641882e-05
4.793107056522138976e-05
4.792445458123850699e-05
4.791711266327602914e-05
4.790895818040930010e-05
4.789977673458345464e-05
4.788953563927833557e-05
4.787829708852164856e-05
4.786557847646921715e-05
4.785129441076119150e-05
4.783517489770350295e-05
4.781706385081907484e-05
4.779662775367121696e-05
4.777332794625444023e-05
4.774776996196994361e-05
4.771613404830343796e-05
4.768087337059245812e-05
4.763955147624177044e-05
4.759132777831798222e-05
4.753429857906610323e-05
4.746592857152176492e-05
4.738176635343815946e-05
4.727895622913536045e-05
4.714923366666567972e-05
4.698279817338946174e-05
4.676428389194242641e-05
4.646867816915367655e-05
4.605142287805730206e-05
4.544447974386134348e-05
4.450142404222034997e-05
4.291452223947889166e-05
3.999288194689309961e-05
3.363473782080905750e-05
1.242334627149510595e-05
1.177129905587048775e-03
0.000000000000000000e+00
