0.000000000000000000e+00
5.800692648438854349e-08
6.393340734600627684e-08
7.006799429554178005e-08
7.616067965177109045e-08
8.214938296280394070e-08
8.787541483368244144e-08
9.327129901759434460e-08
9.836580805444583575e-08
1.030869655194166512e-07
1.074077696783248825e-07
1.114146669367599429e-07
1.150821756779052407e-07
1.184183070490618661e-07
1.214623629453015496e-07
1.242084203267879161e-07
1.266967376567507131e-07
1.289621101019378102e-07
1.309809578575737987e-07
1.327893022207149443e-07
1.344171570716312658e-07
1.358830415965073257e-07
1.371715494524750056e-07
1.383619643302580471e-07
1.393732318444307339e-07
1.402570938280334190e-07
1.410567008752749985e-07
1.417334426490057808e-07
1.422834777775605630e-07
1.427570374135100906e-07
1.431546087227175690e-07
1.434588764448463394e-07
1.436586031244857509e-07
1.437751618871274673e-07
1.438419769961285510e-07
1.437827411576719783e-07
1.436686015710009201e-07
1.434900993579901751e-07
1.432095784181797171e-07
1.428146807480601410e-07
1.423480917583930250e-07
1.418180383128131439e-07
1.411679817486799493e-07
1.403718968839839931e-07
1.394803816889833570e-07
1.385021369815220282e-07
1.373506209878527784e-07
1.360521830751082462e-07
1.346346459873970502e-07
1.330084418160737414e-07
1.312431558986304481e-07
1.292538595043524197e-07
1.270184025736753597e-07
1.245569788421718727e-07
1.218434890759567679e-07
1.188316149924872889e-07
1.155278467335207893e-07
1.119254156023430369e-07
1.079926424951693775e-07
1.036593191283685655e-07
9.901504427478613479e-08
9.395804234646476516e-08
8.861194400466843035e-08
8.288243202869693960e-08
7.693981485257239683e-08
7.086769171493756403e-08
6.473706259946254704e-08
5.873924913135653014e-08
8.297036274695912539e-08
4.846591850071746421e-08
4.487824523113914665e-08
4.297271549713599370e-08
4.336983383534942504e-08
4.664721553471196103e-08
5.345132658707285600e-08
6.416285258659115698e-08
7.910446353509570372e-08
9.805480816194034333e-08
1.202632017305305112e-07
1.443210715379450448e-07
1.682238294220539387e-07
1.895266549256646726e-07
2.056394690086449373e-07
2.146841143746414104e-07
2.151787046322795049e-07
2.071168901940367846e-07
1.917902315851094386e-07
1.709262015259227496e-07
1.471730938229498520e-07
1.230516025740868713e-07
1.004776891688763385e-07
8.108161686504189447e-08
6.572121569181632594e-08
5.442307804415236205e-08
4.721719537581492432e-08
4.346518900355533788e-08
4.279760423830936134e-08
4.447947632435500509e-08
4.786022289593461210e-08
4.819278656698067209e-16
