0.000000000000000000e+00
1.002987892739781728e-08
1.855291520413970829e-08
2.539251964250865967e-08
3.075672494468051354e-08
3.489267297318576766e-08
3.809479109939672981e-08
4.056755087411545446e-08
4.248745844037671304e-08
4.397679531642495476e-08
4.514398099786376406e-08
4.607020609448397863e-08
4.679690657205526350e-08
4.737782555164216092e-08
4.783761464732805280e-08
4.820056176413345383e-08
4.849093448999752809e-08
4.873372161373623612e-08
4.892241678433606467e-08
4.907824546762640239e-08
4.920475293879178480e-08
4.929500585504342780e-08
4.938523323616550442e-08
4.944581866173081153e-08
4.949672283149908480e-08
4.953377086280852382e-08
4.956623689267303234e-08
4.959862864861719345e-08
4.962384170248412829e-08
4.963415634051671077e-08
4.964138200502787868e-08
4.965455169259058721e-08
4.966595001931750630e-08
4.966535716022235647e-08
4.966751021573401204e-08
4.966973710107680517e-08
4.966881250734189734e-08
4.967422928547904348e-08
4.967680178324940243e-08
4.966679567619536328e-08
4.967479849682376880e-08
4.967317734916321115e-08
4.967920863574448731e-08
4.967059918925542661e-08
4.967574085412707063e-08
4.966741884437908539e-08
4.967651123788385803e-08
4.967167821501305980e-08
4.967206246320188257e-08
4.967315780923797774e-08
4.967069577865856900e-08
4.966819155960422449e-08
4.967129352273502718e-08
4.966631650393793507e-08
4.965616018370866414e-08
4.964175781552171429e-08
4.963799549173586456e-08
4.962251975992870712e-08
4.959770827372977919e-08
4.956967936120548757e-08
4.953827115183884189e-08
4.949489829098041582e-08
4.943730247397581934e-08
4.937251951719900944e-08
4.930229713373535105e-08
4.919346008325220510e-08
4.906243633584495001e-08
4.890513949362684798e-08
4.871822023577720984e-08
4.847116441553112054e-08
4.817522403222085359e-08
4.779909090757428203e-08
4.733117808797260295e-08
4.674004216997929007e-08
4.599761194157281352e-08
4.505643258490010794e-08
4.386095553421398563e-08
4.233216577276266435e-08
4.036560130593613849e-08
3.783262325640635027e-08
3.455773234239956082e-08
3.031023576571811873e-08
2.484141881087253978e-08
1.783730962934271247e-08
9.162781533511576981e-09
9.820412261163369294e-10
1.126571780307727977e-08
1.783793646126241583e-08
1.222479895091055369e-08
1.899246004910537522e-08
8.508626658798590370e-08
1.656844712538685371e-07
2.019153342303070531e-07
1.588674221064678704e-07
7.754538566828728108e-08
1.452381381827905216e-08
1.369212332402724996e-08
1.757752254860633911e-08
1.039962627125134986e-08
1.332267629550187849e-15
