0.000000000000000000e+00
6.599183421940324479e-10
1.220687662062402978e-09
1.670700022771143267e-09
2.023638367987246056e-09
2.295760692661019675e-09
2.506447049910320857e-09
2.669139131938891296e-09
2.795458753368507132e-09
2.893453587837768737e-09
2.970243606625899702e-09
3.031186190938228719e-09
3.078999610828248024e-09
3.117220037651691200e-09
3.147471172582072541e-09
3.171353180064784283e-09
3.190458786050953677e-09
3.206430898572421029e-09
3.218846300612199229e-09
3.229099765356124863e-09
3.237422996349437199e-09
3.243362134419669474e-09
3.249296609553198323e-09
3.253282532256207560e-09
3.256633629433736132e-09
3.259069569772066188e-09
3.261208636473611477e-09
3.263338266279447453e-09
3.264998937879681762e-09
3.265676284947005570e-09
3.266151571423847599e-09
3.267018988672987234e-09
3.267765835701652577e-09
3.267727866074210397e-09
3.267871862000504279e-09
3.268015968949100625e-09
3.267957016106493029e-09
3.268312176452070617e-09
3.268482151597140728e-09
3.267822679120513385e-09
3.268349257901093097e-09
3.268246562271315270e-09
3.268639914288939963e-09
3.268075365880918071e-09
3.268410875278959793e-09
3.267861092837165415e-09
3.268463166783419638e-09
3.268146198109889156e-09
3.268171067105640759e-09
3.268243231602241394e-09
3.268079695750714109e-09
3.267914383542347423e-09
3.268117443333551364e-09
3.267789150385169705e-09
3.267125792127956174e-09
3.266177106553413978e-09
3.265928860685107793e-09
3.264908232658569887e-09
3.263276648901580757e-09
3.261433789703005459e-09
3.259368330787992818e-09
3.256511504901027365e-09
3.252723534963308794e-09
3.248462498994797443e-09
3.243842749967029704e-09
3.236680368168265431e-09
3.228057821047514153e-09
3.217710542458007694e-09
3.205410825657395435e-09
3.189157049554580681e-09
3.169684847925680060e-09
3.144936755461458233e-09
3.114151492233929730e-09
3.075257160034539083e-09
3.026411010687013459e-09
2.964484435707959165e-09
2.885828354060038237e-09
2.785241148828276891e-09
2.655849984378733097e-09
2.489195294330670549e-09
2.273723875845234943e-09
1.994258314041985614e-09
1.634439139586163492e-09
1.173605213011796877e-09
6.028646470923604284e-10
6.461275958713486034e-11
7.412248592686410120e-10
1.173646402286010471e-09
8.043350430142481855e-10
1.249595760199895267e-09
5.598222330149837944e-09
1.090115975266314763e-08
1.328496535002443579e-08
1.045263431365128781e-08
5.102071432006027862e-09
9.555800595251184859e-10
9.008788159903247106e-10
1.156511886257760580e-09
6.842424404851499276e-10
1.665334536937734811e-15
