0.000000000000000000e+00
1.871596544411602281e-09
3.462014341870656153e-09
4.738302195050891896e-09
5.739277719740698558e-09
6.511053252111764778e-09
7.108574617831209252e-09
7.569997406697837050e-09
7.928256939848665752e-09
8.206169188618162025e-09
8.423970632165378447e-09
8.596810041616720355e-09
8.732412126732924662e-09
8.840811305255158459e-09
8.926612116155752119e-09
8.994335276568676818e-09
9.048518934129390345e-09
9.093828801098879921e-09
9.129036526722700273e-09
9.158112601603818348e-09
9.181722271378589539e-09
9.198562689327616226e-09
9.215402663187433063e-09
9.226705621756536857e-09
9.236202025419970596e-09
9.243117937707268084e-09
9.249176757819554950e-09
9.255216704140423190e-09
9.259928157590024966e-09
9.261849176489533875e-09
9.263196099063009115e-09
9.265653799772621824e-09
9.267783651623062724e-09
9.267671852164482971e-09
9.268074974144724365e-09
9.268488754266002161e-09
9.268312894938901536e-09
9.269326528560384304e-09
9.269807588196954384e-09
9.267942635560189046e-09
9.269432776903840931e-09
9.269131129308050276e-09
9.270255674209693098e-09
9.268650402738387584e-09
9.269608525208639094e-09
9.268053657862651562e-09
9.269752965224142827e-09
9.268851464128147200e-09
9.268922740446328135e-09
9.269126244326741926e-09
9.268670941864343149e-09
9.268200651391111933e-09
9.268780853943781040e-09
9.267852041361379634e-09
9.265953893056178003e-09
9.263265154935140799e-09
9.262564715228904788e-09
9.259676803097249831e-09
9.255050059664426954e-09
9.249818244683183366e-09
9.243957266313884702e-09
9.235863407397459923e-09
9.225116559541390870e-09
9.213026341825525378e-09
9.199922934577386968e-09
9.179614290921733755e-09
9.155163405161204082e-09
9.125812328036886356e-09
9.090934671718287063e-09
9.044829440973956025e-09
8.989609834308964764e-09
8.919423422071304230e-09
8.832106712652887381e-09
8.721802058353489429e-09
8.583261434935707257e-09
8.407633478313414344e-09
8.184555033707852090e-09
7.899280896062066404e-09
7.532314327818312449e-09
7.059657747277015005e-09
6.448551470583652190e-09
5.655958812411654435e-09
4.635462902413678421e-09
3.328482156561562988e-09
1.709791641602009804e-09
1.832508589316717007e-10
2.102212182109042260e-09
3.328599174068358479e-09
2.281166811002321992e-09
3.544062376903411860e-09
1.587733700070259601e-08
3.091714462222228121e-08
3.767790346387300815e-08
2.964507106462122010e-08
1.447019060130116941e-08
2.710206281619775837e-09
2.554969791290773173e-09
3.280002380812163665e-09
1.940595351079821285e-09
8.881784197001252323e-16
