0.000000000000000000e+00
7.528916379229144695e-10
1.392673976141622916e-09
1.906083846314743369e-09
2.308744195822498568e-09
2.619209404919331519e-09
2.859573466906795147e-09
3.045190766215455369e-09
3.189306485573695227e-09
3.301102724506677077e-09
3.388718861074835331e-09
3.458242803233702034e-09
3.512796498128523126e-09
3.556402505822120474e-09
3.590914343654105778e-09
3.618158106455382494e-09
3.639955559187058043e-09
3.658181868537724313e-09
3.672344983662867435e-09
3.684042515494923009e-09
3.693535144400073023e-09
3.700310835519360353e-09
3.707088969129301859e-09
3.711631557656858149e-09
3.715458496422741064e-09
3.718234498073513805e-09
3.720673769080917737e-09
3.723104380348729592e-09
3.724999197984857346e-09
3.725771469120786605e-09
3.726314812269038157e-09
3.727305575296213647e-09
3.728157782489915917e-09
3.728116482193399861e-09
3.728275244085921258e-09
3.728443442874151970e-09
3.728370390199131634e-09
3.728778952272193692e-09
3.728970798810848919e-09
3.728221176224622013e-09
3.728823472215481161e-09
3.728701014615865006e-09
3.729154429699121920e-09
3.728508946032604854e-09
3.728891528886890683e-09
3.728270248082310445e-09
3.728947928216541641e-09
3.728588771068075403e-09
3.728616526643691031e-09
3.728699460303630531e-09
3.728514830214635367e-09
3.728326980478868791e-09
3.728559794247132686e-09
3.728186759310858633e-09
3.727425368360570701e-09
3.726340236376302073e-09
3.726060016084886684e-09
3.724898722801128770e-09
3.723032881985943732e-09
3.720931340822630773e-09
3.718574226319049103e-09
3.715316609920193969e-09
3.710993623506908534e-09
3.706128848257606023e-09
3.700861284094969506e-09
3.692690930812148054e-09
3.682855465036993792e-09
3.671048687259315102e-09
3.657014358005028498e-09
3.638472967359973609e-09
3.616255628280384826e-09
3.588024433121006496e-09
3.552896865599564080e-09
3.508525248108185224e-09
3.452795160896471316e-09
3.382145674635239629e-09
3.292407790844720239e-09
3.177646923369081833e-09
3.030033890460970269e-09
2.839894097661499472e-09
2.594063741589991423e-09
2.275231891779583293e-09
1.864714271881950935e-09
1.338954169760597779e-09
6.878043690150548173e-10
7.371336874228973102e-11
8.456572109238891244e-10
1.339002020372959123e-09
9.176549520262256010e-10
1.425651041664366403e-09
6.386943973701875166e-09
1.243700131769998052e-08
1.515665049023340316e-08
1.192528742421927745e-08
5.820894766195294778e-09
1.090217471855225995e-09
1.027796514563306118e-09
1.319451325976217504e-09
7.806429946910498074e-10
1.443289932012703503e-15
