0.000000000000000000e+00
1.796314674784582621e-08
7.246908073632596370e-08
1.642570153226330376e-07
2.912171120916795530e-07
4.484456972431161148e-07
6.367367891835229443e-07
8.512689246842342072e-07
1.090537180337136647e-06
1.349014018936500747e-06
1.621758894509994775e-06
1.907174215665108363e-06
2.198857495638861792e-06
2.492265701481422013e-06
2.781954266728448033e-06
3.064463505841885649e-06
3.335740475840509589e-06
3.588577961011196749e-06
3.822990892965449916e-06
4.031233802548328526e-06
4.214592141171813466e-06
4.364972292392188535e-06
4.481259010313820568e-06
4.563963149073479997e-06
4.608928533600398225e-06
4.620007356015420896e-06
4.589420583345216187e-06
4.526996027376384291e-06
4.426639318988456751e-06
4.290383320282309398e-06
4.126448858388087615e-06
3.929231435328972566e-06
3.708008496250414510e-06
3.462459357006508753e-06
3.202448837114069136e-06
2.923617401173750352e-06
2.636511363784954654e-06
2.342989802728290272e-06
2.049683526905710096e-06
1.761979875558594699e-06
1.481675842462948367e-06
1.214974654439870960e-06
9.655926802576431101e-07
7.379880893054746593e-07
5.364101601790238760e-07
3.636048280242221153e-07
2.205824973788850230e-07
1.110433152096135245e-07
3.784839153198049644e-08
1.562434515101074339e-09
2.613005367635423681e-09
3.839691620211027612e-08
1.109024894141441564e-07
2.204567119967748567e-07
3.623822388831854369e-07
5.365041372273893217e-07
7.391744530904631461e-07
9.664660803876401474e-07
1.215100658091827768e-06
1.480897741212849894e-06
1.760296839625752341e-06
2.049584561625295009e-06
2.343395947845827720e-06
2.636028076818952570e-06
2.922235589952748569e-06
3.199215455440551636e-06
3.463832005556888305e-06
3.707050936996303392e-06
3.929278775682831792e-06
4.124666997840087390e-06
4.289970256921016301e-06
4.424142618475457311e-06
4.526868028209563022e-06
4.591459299985167775e-06
4.621875985599821490e-06
4.609129316102134055e-06
4.565190020233700352e-06
4.479088758557736583e-06
4.364816796886827888e-06
4.213524241070132348e-06
4.033096720146289726e-06
3.823068240649263316e-06
3.587993098519426383e-06
3.335303567997272012e-06
3.064981775380282158e-06
2.783362531677546770e-06
2.493193884456346154e-06
2.199869097330164891e-06
1.907346220075822885e-06
1.622761559905150364e-06
1.349123255445228153e-06
1.090906965650617622e-06
8.521200175470866611e-07
6.375599118646491092e-07
4.495915155722229883e-07
2.906086801202079073e-07
1.657321426762337069e-07
7.451509287381696822e-08
1.907488855756866997e-08
2.220446049250313081e-16
