0.000000000000000000e+00
1.358801106077223153e-07
2.064263926460085941e-07
2.502295251005648424e-07
2.844137102497867886e-07
3.109173636328677048e-07
3.345974409763030621e-07
3.556982369756767071e-07
3.765466296545838532e-07
3.967359405443460219e-07
4.151438324218048592e-07
4.321802431483945384e-07
4.492842433645449773e-07
4.643065081300079555e-07
4.784547275038519842e-07
4.920322063117765765e-07
5.040846638992846351e-07
5.153020392612006617e-07
5.261185506144627766e-07
5.359143564476198662e-07
5.443337580679497023e-07
5.532790936513265478e-07
5.605861990165550424e-07
5.675263841098399098e-07
5.740327349013085723e-07
5.801243614378392977e-07
5.856654986535758667e-07
5.903233248893968721e-07
5.955746730235134123e-07
5.998381416016940193e-07
6.032791642907042728e-07
6.067966513700895348e-07
6.095347528933814374e-07
6.124468643342595442e-07
6.148067878131158182e-07
6.163540792192279127e-07
6.187185079831181156e-07
6.195764055139107995e-07
6.218651085188042771e-07
6.231200367912137494e-07
6.237521726903949570e-07
6.243741619282872080e-07
6.242861132488286557e-07
6.232189402322063643e-07
6.234393850057529107e-07
6.223093964585757476e-07
6.222198163374770274e-07
6.215852086377537944e-07
6.200609299344961300e-07
6.183503097334508425e-07
6.166401282925448868e-07
6.149934687060820693e-07
6.117864167487496729e-07
6.089529183128661316e-07
6.064010938944264240e-07
6.025801768672067737e-07
5.987106055371782531e-07
5.947714536436166100e-07
5.899133170839121476e-07
5.855743819838110653e-07
5.796012484404755583e-07
5.743109736666696108e-07
5.677597251230181996e-07
5.602899849632692053e-07
5.526429278646105558e-07
5.443046667830131469e-07
5.351046231671929831e-07
5.252837493863182772e-07
5.145352912627743081e-07
5.031877272632101494e-07
4.908469189990327664e-07
4.777463896710187896e-07
4.636830295279281700e-07
4.481791801014267662e-07
4.313963559710032314e-07
4.133042375009665648e-07
3.951875131580351308e-07
3.750993665674329236e-07
3.534643636671219724e-07
3.319489003672515537e-07
3.078589863036995666e-07
2.815070969663935330e-07
2.504266718439396300e-07
2.034336549217030665e-07
1.283180653954829609e-07
1.288690543166381985e-08
3.064141198549918954e-07
9.164719183551994774e-07
2.149457787870012737e-06
4.404813365943560655e-06
7.814962576846440356e-06
1.140857056347588383e-05
1.293618607367541529e-05
1.114322548823043491e-05
7.480304235474299901e-06
4.159130421510504050e-06
2.012085277169894937e-06
8.533100739338550511e-07
2.802554082137476144e-07
5.551115123125782702e-16
