0.000000000000000000e+00
1.614588384768467222e-06
1.996044050822654015e-06
2.165756091243586923e-06
2.255092892200494248e-06
2.308085357172195984e-06
2.341804191341445573e-06
2.364648842512195870e-06
2.380871003238027583e-06
2.392832104680664429e-06
2.401859626965929806e-06
2.408874999915155968e-06
2.414467605849068832e-06
2.419021532751308712e-06
2.422716329109064759e-06
2.425806894024162830e-06
2.428448290903162388e-06
2.430651503848579864e-06
2.432516203798584797e-06
2.434160787823103078e-06
2.435541275436214903e-06
2.436773036684769522e-06
2.437859661696961666e-06
2.438838358265194017e-06
2.439689969602198971e-06
2.440438678585898913e-06
2.441111683570973412e-06
2.441716139944816177e-06
2.442247617251425140e-06
2.442728120666259883e-06
2.443162626208916777e-06
2.443550005892802801e-06
2.443913262095698258e-06
2.444235838838793029e-06
2.444527032796628419e-06
2.444774115040182494e-06
2.445015694352292712e-06
2.445238022841245140e-06
2.445415332341660530e-06
2.445594608380119439e-06
2.445727685596033041e-06
2.445871808975930151e-06
2.445982742460550696e-06
2.446060037186725822e-06
2.446145590195847319e-06
2.446194145244717788e-06
2.446240122022658170e-06
2.446281767265467977e-06
2.446291691104995891e-06
2.446287841184613399e-06
2.446271708089753361e-06
2.446245997100859881e-06
2.446202572947697718e-06
2.446151724955214490e-06
2.446078714357646788e-06
2.445976348353084973e-06
2.445864831002175777e-06
2.445733592537635559e-06
2.445585768007241256e-06
2.445449347021622089e-06
2.445240502746415245e-06
2.445050883315147416e-06
2.444823363756398749e-06
2.444554814018395916e-06
2.444278430990820539e-06
2.443968067145085854e-06
2.443621185843625199e-06
2.443235124993670127e-06
2.442805740354714317e-06
2.442325713891690953e-06
2.441799354935270117e-06
2.441207825665259179e-06
2.440544696002966418e-06
2.439814585253330392e-06
2.438951624772478510e-06
2.438003837923474748e-06
2.436935022886999036e-06
2.435721463855955449e-06
2.434334492207312906e-06
2.432724941048292067e-06
2.430884165516289386e-06
2.428790961350735245e-06
2.426197524441064957e-06
2.423214743974000385e-06
2.419653577057090388e-06
2.415206845185480233e-06
2.409848309681272838e-06
2.403032738795829459e-06
2.394346758971543920e-06
2.382941136969130014e-06
2.367425001925660411e-06
2.345650324753201232e-06
2.313880494098086160e-06
2.264912087102111116e-06
2.182076853873837763e-06
2.027760910072728961e-06
1.697531104127847357e-06
6.008568103066380672e-07
5.965319801859436666e-05
4.440892098500626162e-16
