0.000000000000000000e+00
1.847266084875620606e-06
2.282602679204437379e-06
2.476233119330650823e-06
2.578156984345270075e-06
2.638615420047507598e-06
2.677084658841977216e-06
2.703147754523627100e-06
2.721655341875184320e-06
2.735301539602552623e-06
2.745600886644439242e-06
2.753604608884963056e-06
2.759985119893393346e-06
2.765180616814966186e-06
2.769395954782538638e-06
2.772921933291705443e-06
2.775935453946942744e-06
2.778449061047183477e-06
2.780576452532379506e-06
2.782452744654051457e-06
2.784027733349070388e-06
2.785433031005091209e-06
2.786672728571915059e-06
2.787789302183263374e-06
2.788760903760234555e-06
2.789615100029507744e-06
2.790382917505773719e-06
2.791072534757965684e-06
2.791678879510151035e-06
2.792227075443243223e-06
2.792722805233793792e-06
2.793164755821031520e-06
2.793579199078521924e-06
2.793947202484048375e-06
2.794279425621937207e-06
2.794561332897238515e-06
2.794836935215982976e-06
2.795090581542147845e-06
2.795292884272271294e-06
2.795497400676083544e-06
2.795649235554087397e-06
2.795813655254164587e-06
2.795940221456127972e-06
2.796028414353557423e-06
2.796126019499745041e-06
2.796181427955346521e-06
2.796233880331122634e-06
2.796281381001186617e-06
2.796292707052394633e-06
2.796288321227358153e-06
2.796269916283122825e-06
2.796240572977559680e-06
2.796191036047446232e-06
2.796133010574131106e-06
2.796049707987080524e-06
2.795932938615131036e-06
2.795805711830467999e-06
2.795655980381006600e-06
2.795487333506763150e-06
2.795331677574175444e-06
2.795093423046957071e-06
2.794877081435664934e-06
2.794617500301299629e-06
2.794311140030814045e-06
2.793995796168680101e-06
2.793641725507001183e-06
2.793245971854929621e-06
2.792805524953756446e-06
2.792315641042542040e-06
2.791767981347170746e-06
2.791167475479916504e-06
2.790492591997484340e-06
2.789736060271330587e-06
2.788903067929560109e-06
2.787918547020318272e-06
2.786837229429295348e-06
2.785617840506127152e-06
2.784233311681205691e-06
2.782650942334541355e-06
2.780814620240157353e-06
2.778714520368374963e-06
2.776326404885232080e-06
2.773367612562971374e-06
2.769964605020547310e-06
2.765901717216578959e-06
2.760828536452208937e-06
2.754715058617129841e-06
2.746939299247408428e-06
2.737029645483168849e-06
2.724017170607773153e-06
2.706315129774594652e-06
2.681472904164650117e-06
2.645227427655605368e-06
2.589360375448990226e-06
2.494857485491053239e-06
2.318799663392212551e-06
1.941959287155015090e-06
6.880868800296369159e-07
6.766880959141463592e-05
3.330669073875469621e-16
