0.000000000000000000e+00
1.210203368218198960e-05
1.410649824196141822e-05
1.474499831399800343e-05
1.502153311661036383e-05
1.516618823926840776e-05
1.525058336704354645e-05
1.530450872178068522e-05
1.534088287857837685e-05
1.536689496228760277e-05
1.538596228667366006e-05
1.540049529935583195e-05
1.541162502016746316e-05
1.542060783565890603e-05
1.542779016505679834e-05
1.543367585421506760e-05
1.543848003582315442e-05
1.544266424369222790e-05
1.544614276982603229e-05
1.544911816975247376e-05
1.545161001492711961e-05
1.545390870383300808e-05
1.545585210416255961e-05
1.545748917464173644e-05
1.545906253508366746e-05
1.546032804911057212e-05
1.546151313303045782e-05
1.546257771056769315e-05
1.546351425207870278e-05
1.546442455535590454e-05
1.546518334649693571e-05
1.546586506107061609e-05
1.546647796402123021e-05
1.546702907395669513e-05
1.546746235714380191e-05
1.546790734141545443e-05
1.546836752475133636e-05
1.546872356517070557e-05
1.546904045313102216e-05
1.546926730011666251e-05
1.546956760622997251e-05
1.546978233812890124e-05
1.546985322620209047e-05
1.547012286151616678e-05
1.547025132808688141e-05
1.547030019255490885e-05
1.547042961214106782e-05
1.547042770622120145e-05
1.547050715633435658e-05
1.547050899175506089e-05
1.547037319959976287e-05
1.547043884142507153e-05
1.547030624271528154e-05
1.547015488922998117e-05
1.547009052493830694e-05
1.546999201818000103e-05
1.546981179179063304e-05
1.546960166842747952e-05
1.546929916218520162e-05
1.546902363935842573e-05
1.546877332059271026e-05
1.546842332533771014e-05
1.546796974583042328e-05
1.546759392379026821e-05
1.546704415900101992e-05
1.546656406359314673e-05
1.546590525980384712e-05
1.546528986706707798e-05
1.546448683475976082e-05
1.546364660554022663e-05
1.546278285891045101e-05
1.546167870636327990e-05
1.546058075685419197e-05
1.545927187984741380e-05
1.545779478540065810e-05
1.545606007613553601e-05
1.545421575843697326e-05
1.545197214014581988e-05
1.544952545817768197e-05
1.544655042839959691e-05
1.544322021529431765e-05
1.543922014579646174e-05
1.543446327545439090e-05
1.542874345072942077e-05
1.542177786484355551e-05
1.541316989062124776e-05
1.540234901764581110e-05
1.538847013204946990e-05
1.537023740871834576e-05
1.534545750314642021e-05
1.531102464857880818e-05
1.526015789476975471e-05
1.518141580281184844e-05
1.504860992673773268e-05
1.480041132218001820e-05
1.424549208384195964e-05
1.260418028437015892e-05
3.938847332407569013e-06
8.628592939274870588e-05
7.771561172376095783e-16
