0.000000000000000000e+00
1.936106908129175963e-08
2.959346356856684679e-08
3.581341345704203150e-08
4.042350065791566749e-08
4.415526666523561516e-08
4.753533733303783038e-08
5.064761254836014359e-08
5.366539745921272697e-08
5.652890122664899764e-08
5.925574597664962084e-08
6.173630195949186827e-08
6.411481501267246585e-08
6.633713622861137083e-08
6.837401689274713590e-08
7.025031234508816169e-08
7.198277940378972062e-08
7.359354536884410436e-08
7.522392209136086194e-08
7.658591383297164157e-08
7.790034495247510904e-08
7.906286214609536955e-08
8.016960417744911638e-08
8.109693661051409208e-08
8.207474522237134806e-08
8.293022613070633042e-08
8.373456261701051062e-08
8.447139399070380250e-08
8.511186311288554407e-08
8.574204535261031879e-08
8.621420832799486789e-08
8.671545337346486804e-08
8.721645339271333341e-08
8.759047176454259898e-08
8.791764671833846023e-08
8.819514452085286393e-08
8.845785781641524181e-08
8.869261336474920654e-08
8.887042590721705437e-08
8.902814319089458195e-08
8.916699212324630253e-08
8.920957861313638659e-08
8.925625960554128824e-08
8.925498296008527177e-08
8.920920047117419927e-08
8.912997540022615794e-08
8.898129655321440623e-08
8.880923318965727731e-08
8.864066436409245853e-08
8.844807231067619568e-08
8.819448404917551443e-08
8.788919214630652732e-08
8.755600078291791988e-08
8.713646992841717065e-08
8.673304530137926349e-08
8.615621038821075217e-08
8.558496511490432113e-08
8.507429227755380907e-08
8.430308517937135093e-08
8.360982250987802900e-08
8.279462826443761969e-08
8.198376411083785342e-08
8.101502380064573572e-08
8.006923846171076775e-08
7.895476683561497566e-08
7.781947031215707966e-08
7.646133270977628626e-08
7.497738285788813073e-08
7.352005026994845593e-08
7.177817873404990223e-08
7.008302016497935938e-08
6.811952057983461373e-08
6.613914849129542972e-08
6.388184592420742547e-08
6.147565878578120646e-08
5.893917787158642341e-08
5.624658117042713457e-08
5.340265307740565959e-08
5.035837380429342147e-08
4.719824053811549902e-08
4.372124096096996482e-08
3.995005970480747237e-08
3.523493152801648876e-08
2.867697812547476133e-08
1.783702052726710008e-08
2.987053493441749197e-09
4.495744165833315265e-08
1.331193419940035483e-07
3.091874299920860381e-07
6.332921356211329567e-07
1.124305752608911746e-06
1.642451983530079929e-06
1.858475949467752741e-06
1.600183385130904412e-06
1.072199523055594739e-06
5.941736507253381205e-07
2.870637270113718387e-07
1.216163456607688431e-07
3.930351788472563612e-08
1.887379141862766119e-15
