0.000000000000000000e+00
1.269887240029632380e-06
1.261753293735345949e-06
1.522732053116371276e-06
1.872874768604759765e-06
2.320650239417965111e-06
2.851160271877262176e-06
3.453183784252189525e-06
4.129962339893822332e-06
4.856385278584340881e-06
5.621365912311659940e-06
6.425005916965709218e-06
7.242078819080788321e-06
8.064505140015221230e-06
8.882449946234771687e-06
9.682122571241791320e-06
1.043275040468749637e-05
1.115253627981260820e-05
1.181374893288733574e-05
1.241609407554022937e-05
1.292633750316074526e-05
1.332560206590560625e-05
1.365455323953934652e-05
1.389771025706032503e-05
1.402664885685744878e-05
1.405809741095165322e-05
1.398085902259982305e-05
1.379820770397444107e-05
1.350730200133654080e-05
1.313893299959012495e-05
1.266629176588374150e-05
1.211768394737688936e-05
1.148822985785891149e-05
1.080639151163076406e-05
1.006891593446912481e-05
9.292910623015515625e-06
8.480457427850751628e-06
7.660856056412868043e-06
6.833536388195504685e-06
6.024774608204275239e-06
5.242783401526729392e-06
4.491894859404155227e-06
3.793098182991450074e-06
3.153946004808005910e-06
2.574674615285488244e-06
2.084849198502602974e-06
1.688630077323338696e-06
1.382865446819536714e-06
1.161087997525456217e-06
4.786133629142153012e-06
4.735840747893682590e-06
1.164442518186703523e-06
1.381675305278662336e-06
1.687250354986957745e-06
2.085975198351519566e-06
2.580294472531718952e-06
3.144644869279566990e-06
3.786912375236539674e-06
4.489394215934083832e-06
5.235198859088185941e-06
6.021241977460789485e-06
6.835421377804351550e-06
7.653068346713531866e-06
8.476833456727561611e-06
9.287518021428020631e-06
1.006115757529180144e-05
1.080014213472590967e-05
1.148897006086890826e-05
1.213066569749621237e-05
1.268065580795063596e-05
1.313734265839805460e-05
1.350154536505776548e-05
1.378830546872045204e-05
1.397631709409985490e-05
1.405221662664768445e-05
1.403384966591758598e-05
1.390309710280757116e-05
1.366380223477570155e-05
1.333556326077456333e-05
1.291348375642709101e-05
1.240394388490884126e-05
1.181013047124590543e-05
1.115526048067749798e-05
1.043948358003810029e-05
9.684063376758089703e-06
8.886081208081542115e-06
8.070351625755201042e-06
7.245900621399847807e-06
6.424093816903564402e-06
5.626864578944790196e-06
4.859936211687454488e-06
4.133871121414500749e-06
3.463593455377278474e-06
2.853592727447562538e-06
2.314678495984878737e-06
1.874798550294265453e-06
1.523558800897717447e-06
1.261700749211058792e-06
1.301248888418982119e-06
0.000000000000000000e+00
