0.000000000000000000e+00
9.831399716553335111e-08
1.113285661435980956e-07
1.140474124028401093e-07
1.147820155589229785e-07
1.149923872789671009e-07
1.150393593718490592e-07
1.150302157970628514e-07
1.150026871510334558e-07
1.149706605474420940e-07
1.149402779621055970e-07
1.149109489784194693e-07
1.148856636490336314e-07
1.148626346259007391e-07
1.148430109898512796e-07
1.148251824734103366e-07
1.148098995873425565e-07
1.147964172609761135e-07
1.147842685345068503e-07
1.147734893791607647e-07
1.147638359899616489e-07
1.147552569635834629e-07
1.147473429607970274e-07
1.147405149781732803e-07
1.147345772833929800e-07
1.147292802983201909e-07
1.147239987453474441e-07
1.147190674677389666e-07
1.147148660507468776e-07
1.147110868515710536e-07
1.147078199092987916e-07
1.147047449245874873e-07
1.147018358071960620e-07
1.146994907941234487e-07
1.146970461940455266e-07
1.146946249086511216e-07
1.146930460604878022e-07
1.146913305438701514e-07
1.146894028636324947e-07
1.146880421742935141e-07
1.146871256851866860e-07
1.146858121803262520e-07
1.146849271105310208e-07
1.146849574196195931e-07
1.146839641030794610e-07
1.146834234244664685e-07
1.146833755738541072e-07
1.146831122289526661e-07
1.146827526277149900e-07
1.146829934350890312e-07
1.146828267906130350e-07
1.146830210796423444e-07
1.146833994436491366e-07
1.146835125753753459e-07
1.146845255428630139e-07
1.146855653777478778e-07
1.146860376666225534e-07
1.146870058921223290e-07
1.146881264402210832e-07
1.146894448300628255e-07
1.146912977922909249e-07
1.146929864415113798e-07
1.146948829244820445e-07
1.146966932541459983e-07
1.146991406297814819e-07
1.147013772850868918e-07
1.147041881477406378e-07
1.147072176133079324e-07
1.147107798749047447e-07
1.147147167257500655e-07
1.147189288008831909e-07
1.147233313902873419e-07
1.147283299474111118e-07
1.147334270923394683e-07
1.147401603729392150e-07
1.147462662665077460e-07
1.147538128964953330e-07
1.147622884500876239e-07
1.147724965067098424e-07
1.147822970004597209e-07
1.147941383061734655e-07
1.148075621237865107e-07
1.148230425185303716e-07
1.148402775097423500e-07
1.148595289990339552e-07
1.148821829888291290e-07
1.149075955497735890e-07
1.149357419238938860e-07
1.149666548627692464e-07
1.149980954906482111e-07
1.150266554228451810e-07
1.150397679339221213e-07
1.150063682064939030e-07
1.148338507617197024e-07
1.142235142026493122e-07
1.120145053379317801e-07
1.019707094318533791e-07
3.082367450168987943e-08
6.675124262223164351e-07
3.330669073875469621e-16
