0.000000000000000000e+00
6.159256438209581574e-10
8.640372861634659785e-10
1.120723402969758808e-09
1.374702573997410582e-09
1.623831180630475046e-09
1.863749377051249212e-09
2.089586059739190205e-09
2.303576773776683240e-09
2.499298323854759474e-09
2.680068944549418575e-09
2.846817337420759486e-09
3.000668047370425029e-09
3.140582571781180832e-09
3.266896531073371079e-09
3.382372382176868086e-09
3.486362976090617849e-09
3.580288954196930717e-09
3.664760162003233290e-09
3.740489029624427531e-09
3.807916204578987163e-09
3.869484954677204769e-09
3.923455782484097654e-09
3.973069984120058962e-09
4.014749088732116888e-09
4.051850188702132982e-09
4.086448734952341511e-09
4.113722584797585569e-09
4.136343489946625596e-09
4.155744748324252669e-09
4.173771106508183948e-09
4.185764623798604589e-09
4.194190550421694752e-09
4.199211200983654635e-09
4.202367009931151642e-09
4.199639747071159945e-09
4.194592118089701671e-09
4.186633817404583624e-09
4.174567691528352498e-09
4.158469457671287728e-09
4.139251386092723806e-09
4.116778806739773700e-09
4.090268124201656974e-09
4.056612268321657666e-09
4.020474508870108821e-09
3.978562923556694386e-09
3.930625935844034302e-09
3.876801213387182088e-09
3.816849836191238410e-09
3.749452859302948582e-09
3.674401338749078150e-09
3.590996167091020652e-09
3.498368705834309367e-09
3.395574155184988285e-09
3.281282578981858933e-09
3.156282679661615020e-09
3.018156835565832807e-09
2.866625603559214142e-09
2.701075696442956087e-09
2.522399067395042493e-09
2.328295889419962350e-09
2.118293318531527802e-09
1.892308088002891964e-09
1.653874925899856407e-09
1.405289329348136107e-09
1.151087003492534677e-09
8.950212793124023847e-10
6.450794343137999931e-10
5.477372999607155180e-10
2.151614442169602626e-10
6.556610809838048226e-11
1.450362052679565750e-11
2.046363078989088535e-12
1.405277005872562768e-10
4.254113727952812951e-10
8.707898846438411056e-10
1.495114698712995960e-09
2.288007339146247432e-09
3.215857025118395995e-09
4.219909865987858666e-09
5.218940946072336828e-09
6.109322492342528221e-09
6.784162676076732623e-09
7.161893522678042245e-09
7.182959671503397203e-09
6.846871070109727953e-09
6.205765457067968782e-09
5.334742314566653931e-09
4.341483061942597033e-09
3.333986753339956977e-09
2.391972286908128353e-09
1.581462405475519972e-09
9.393966715620649666e-10
4.694290511864096516e-10
1.655375836406847156e-10
1.110256331315895295e-11
1.825795070686808685e-11
5.147182680076411998e-11
1.929305604164710530e-10
3.649390631268317753e-15
