0.000000000000000000e+00
7.027063375630859809e-10
9.857694660553306676e-10
1.278620542777275659e-09
1.568385088468460253e-09
1.852612507846629342e-09
2.126333442653560724e-09
2.383985564513579902e-09
2.628126605230818313e-09
2.851419655947040610e-09
3.057657571581273714e-09
3.247902169434269126e-09
3.423428873716716225e-09
3.583052188282920270e-09
3.727164021860573939e-09
3.858907415832391052e-09
3.977549400957514081e-09
4.084710791829593290e-09
4.181083479437575079e-09
4.267476261254898873e-09
4.344407611434064620e-09
4.414646537220789924e-09
4.476225723415439006e-09
4.532831776593582163e-09
4.580380852381438217e-09
4.622706661905340297e-09
4.662182528925029601e-09
4.693303634617507214e-09
4.719105550776703240e-09
4.741244841177660874e-09
4.761806726705231085e-09
4.775495665576556803e-09
4.785106644256131858e-09
4.790834950973987816e-09
4.794431629484563473e-09
4.791319341279631772e-09
4.785559393205573997e-09
4.776481765667028867e-09
4.762717886741540951e-09
4.744348580665302961e-09
4.722428559311708796e-09
4.696783739710497230e-09
4.666542929854244903e-09
4.628143535079232151e-09
4.586916402260499126e-09
4.539095987965424683e-09
4.484405957683179622e-09
4.423000410369581914e-09
4.354601679246172807e-09
4.277707410516029540e-09
4.192083458143258667e-09
4.096925465546519263e-09
3.991243890943962924e-09
3.873971921031227339e-09
3.743578003145842104e-09
3.600970410744253059e-09
3.443376916933971188e-09
3.270503312613470825e-09
3.081625288281486519e-09
2.877775240328617201e-09
2.656325936989389902e-09
2.416742916899750071e-09
2.158916934114074593e-09
1.886885980795227624e-09
1.603284394136039737e-09
1.313263719993074119e-09
1.021120410449327665e-09
7.359695075592753710e-10
5.700275806930221734e-10
2.454767500381649370e-10
7.480482899779872241e-11
1.654332226763699509e-11
2.337907645255654643e-12
1.603295274321681063e-10
4.853519808278861092e-10
9.934741918016243289e-10
1.705761309978015561e-09
2.610364258082142896e-09
3.668939041467922380e-09
4.814446064038691020e-09
5.954226556248443103e-09
6.970054311494777721e-09
7.739973328924065754e-09
8.170919607586313305e-09
8.194949718820510043e-09
7.811519209255379792e-09
7.080080410837297222e-09
6.086346759914817994e-09
4.953147003661229064e-09
3.803708348293355357e-09
2.728970716070477920e-09
1.804272953265240176e-09
1.071747024461444653e-09
5.355708099230582775e-10
1.888622591650346294e-10
1.266897697860258631e-11
2.082800598657286173e-11
5.872990982425108086e-11
2.201104853938318229e-10
9.428154329298166214e-17
