0.000000000000000000e+00
1.894502876798043189e-08
2.932098763785973006e-08
3.553196992189810999e-08
4.007495923996629017e-08
4.379162987788731698e-08
4.712368550929824096e-08
5.020012394663098121e-08
5.322893503745262933e-08
5.603477348792296198e-08
5.866116659092313057e-08
6.119896467371432891e-08
6.350139991617709256e-08
6.568717647592592357e-08
6.776784189366225064e-08
6.961014897832740189e-08
7.143766445061316972e-08
7.296828619107742497e-08
7.452636330285145050e-08
7.591646389304429476e-08
7.721811212668683311e-08
7.839827220745831937e-08
7.943301560953131002e-08
8.048461308529653024e-08
8.131628026486481531e-08
8.226526804211431454e-08
8.300775256042669525e-08
8.374151028167631239e-08
8.440129450892897012e-08
8.499885295609743707e-08
8.548112506723271053e-08
8.601368695071442971e-08
8.642993132301768355e-08
8.682831764694753929e-08
8.715412036508496385e-08
8.743011992162763590e-08
8.770930892687545111e-08
8.792654393463550377e-08
8.809924145758429859e-08
8.828280295691826041e-08
8.840056742176471971e-08
8.843874699238085668e-08
8.848113364212650822e-08
8.847292576330545444e-08
8.842600640601716577e-08
8.834248210742856600e-08
8.819815910943162862e-08
8.810005813764121285e-08
8.788110406054983059e-08
8.767915271601367522e-08
8.743021440160703150e-08
8.713513577340847860e-08
8.679734486705115160e-08
8.638517978720727797e-08
8.598532230674749144e-08
8.540242524279761938e-08
8.483514579715745185e-08
8.421143571357703195e-08
8.366269976800566610e-08
8.287223995928627573e-08
8.213071134299809728e-08
8.121558969786946136e-08
8.039073928767237476e-08
7.935654944279946221e-08
7.830329695757143327e-08
7.709023064350617460e-08
7.583702998914532145e-08
7.431737225616075193e-08
7.287553527302037537e-08
7.114712197164863028e-08
6.938581320614645165e-08
6.752329273496116002e-08
6.547319442162802261e-08
6.333490443211076126e-08
6.091520388107340978e-08
5.837217986748299836e-08
5.576474282342758215e-08
5.289973403765912963e-08
4.992419144755899651e-08
4.680201748374912540e-08
4.335273984246157397e-08
3.962047390171363759e-08
3.486513489026066281e-08
2.855701630721796391e-08
1.765432811051681483e-08
3.069312581871486145e-09
4.509062967450461201e-08
1.323892769855561369e-07
3.068931141436692656e-07
6.293871938067852057e-07
1.115942028340199954e-06
1.627547695615128021e-06
1.846907585423274156e-06
1.586213702720051799e-06
1.065071620010016318e-06
5.901518570494701521e-07
2.842274789971455107e-07
1.201630960290245298e-07
3.897814260245269224e-08
0.000000000000000000e+00
