0.000000000000000000e+00
8.786271710192750106e-10
1.200575860949015805e-09
1.234165214469840066e-09
9.709959503112486345e-10
5.722262663709898334e-10
7.478739849631210745e-11
4.529941977082785343e-10
1.042207209422940650e-09
1.630393597906731884e-09
2.182083846946625272e-09
2.677319255184329450e-09
3.148562854882186457e-09
3.593307651428290228e-09
3.997363773322604175e-09
4.355129701316684532e-09
4.675207998516839325e-09
4.954682775171193043e-09
5.180636586388231990e-09
5.420735638139717594e-09
5.608678632640362594e-09
5.750933063097818376e-09
5.920555601335308893e-09
6.076611658301089847e-09
6.149065923111152188e-09
6.215552073030039537e-09
6.278014330618475469e-09
6.369927918470352779e-09
6.415923348157548389e-09
6.455405765493082981e-09
6.493106941007908972e-09
6.534944696490185834e-09
6.552408171600632159e-09
6.545989306161459353e-09
6.539608299327426266e-09
6.550393338855542424e-09
6.575901378980120171e-09
6.530103902058215226e-09
6.514003891844311056e-09
6.460831758481333509e-09
6.422225973246042940e-09
6.392088858220290604e-09
6.354434201050196407e-09
6.287887543976466986e-09
6.173575428647382068e-09
6.054617696094055646e-09
5.919473688997811678e-09
5.777159972630840912e-09
5.596143881625437189e-09
5.467655106450308722e-09
5.266651781354880768e-09
5.015135196018150054e-09
4.721077639935344905e-09
4.348655102681675544e-09
4.027708389031658953e-09
3.637405265877191596e-09
3.227781486536684952e-09
2.733062665072338859e-09
2.231796081275660981e-09
1.711375929858149902e-09
1.139972227726104848e-09
5.941013236920866802e-10
3.483813237892263714e-11
4.800049246966864303e-10
8.963139119799734544e-10
1.181490905111104439e-09
1.176117869761128532e-09
8.551069852202886068e-10
1.068887200972312712e-10
1.303550822839838474e-09
3.543801585514927410e-09
6.898148163791972820e-09
1.161176321762269481e-08
1.784217407152510759e-08
2.593541825746115137e-08
3.602373233047018175e-08
4.810779630215478164e-08
6.189846224469164326e-08
7.709081939477613332e-08
9.259997213462156651e-08
1.075291884422568955e-07
1.204531646648021592e-07
1.300576993878976850e-07
1.354232341821415275e-07
1.357226411258238841e-07
1.309328950815924486e-07
1.217469811631843868e-07
1.091515446915991561e-07
9.442565895856347424e-08
7.899864795657407512e-08
6.366474447627723521e-08
4.960987909363723247e-08
3.740616261183049573e-08
2.701585510855863959e-08
1.868761878576208346e-08
1.221773338055953673e-08
7.349528430289353764e-09
3.859254471549888876e-09
1.502454272106490407e-09
0.000000000000000000e+00
