0.000000000000000000e+00
6.276671994376314956e-07
9.551986884792640353e-07
1.152890541478157616e-06
1.303805901464727413e-06
1.422539738227257544e-06
1.531504645879699922e-06
1.629678849424109899e-06
1.726525678646950723e-06
1.817814581195342782e-06
1.904877692693318636e-06
1.985061977793911581e-06
2.059446440494383523e-06
2.128513583943281162e-06
2.191650096849961926e-06
2.255519221727730894e-06
2.309754507989758565e-06
2.363707028996131498e-06
2.411645519284633110e-06
2.455283745095293568e-06
2.498431580177928879e-06
2.535701768668907619e-06
2.570456219208594462e-06
2.600555605414278659e-06
2.633303845200885007e-06
2.659217250511325403e-06
2.684173947442580754e-06
2.708788733873923604e-06
2.730056802291436213e-06
2.749326906692495243e-06
2.764653094788904752e-06
2.780621751852230261e-06
2.795316591863716837e-06
2.808301585388583987e-06
2.818596719467159062e-06
2.828572869484347052e-06
2.835731940931118800e-06
2.842773236810813842e-06
2.850124849351765022e-06
2.853287900173029357e-06
2.858544027595222303e-06
2.860232111823179935e-06
2.861598967673906202e-06
2.861985686664070272e-06
2.859829701939986535e-06
2.858129545035836827e-06
2.852484653703690753e-06
2.847631897506808230e-06
2.841926691421470252e-06
2.835759876473886720e-06
2.827032248076122301e-06
2.818015330530165841e-06
2.807139853233664439e-06
2.793858362992729383e-06
2.781140161278727874e-06
2.762341105744248182e-06
2.744056092573998740e-06
2.727277427450047753e-06
2.706348527170554519e-06
2.682799979947247948e-06
2.655081617342069933e-06
2.629034596357548992e-06
2.600737712743494967e-06
2.567959192845137295e-06
2.533428624995615053e-06
2.494873941216724234e-06
2.452250161821822871e-06
2.405743156463913124e-06
2.355175978574486351e-06
2.306934475115873795e-06
2.246009562223427736e-06
2.183593354798674113e-06
2.118182034105409173e-06
2.047439553232166531e-06
1.964563208667335914e-06
1.883714599748564922e-06
1.802285997776209570e-06
1.707287826224757055e-06
1.612139126305756065e-06
1.513161666966134078e-06
1.403702540869744553e-06
1.280800308589569170e-06
1.129952466372152742e-06
9.226343838930617380e-07
5.750467402254599847e-07
9.398484346334612383e-08
1.444022839192093954e-06
4.255214030135512360e-06
9.904924097248191117e-06
2.028756462368885849e-05
3.600823126370666927e-05
5.253895667978181194e-05
5.971018046746490171e-05
5.131289739768174485e-05
3.438498023000668979e-05
1.906443078525388302e-05
9.229057476356494760e-06
3.907534282476810006e-06
1.253158921632469003e-06
3.330669073875469621e-16
