0.000000000000000000e+00
8.483491827915301542e-07
1.490975491180712709e-06
1.972244149994750728e-06
2.342322554471643059e-06
2.637658545356913464e-06
2.865924821016108126e-06
3.052852319829213457e-06
3.207237591396072673e-06
3.332998212091098367e-06
3.437389836213888827e-06
3.524597428694598023e-06
3.598993933096039655e-06
3.661040332336717995e-06
3.717219462684440145e-06
3.765004891631562600e-06
3.806181140375564098e-06
3.842208501581012570e-06
3.871727610404995801e-06
3.901822651863895430e-06
3.926576306656492932e-06
3.948569889944408828e-06
3.966589502413242485e-06
3.985657908822659579e-06
4.001305577983060857e-06
4.015319528316574349e-06
4.027880226908919781e-06
4.037666185841004562e-06
4.047772297455232149e-06
4.058268282092214463e-06
4.064514388835149816e-06
4.073538076521110440e-06
4.079538135082216854e-06
4.085179830526364242e-06
4.090125724331983292e-06
4.094803615961595256e-06
4.098482514147683275e-06
4.101578464199562291e-06
4.104117255154804411e-06
4.104738241861305426e-06
4.107601877967326232e-06
4.108575725303431625e-06
4.109048936329351420e-06
4.109025242171604475e-06
4.108124361579257311e-06
4.107482474591250821e-06
4.105951174615540822e-06
4.103517020959124295e-06
4.099537193935631763e-06
4.098156904719374438e-06
4.093023046602972670e-06
4.089682317465204164e-06
4.085058238678662690e-06
4.078961310494122472e-06
4.072887029415994675e-06
4.065610774151018347e-06
4.057055131845288543e-06
4.048316933680240481e-06
4.038118423643766164e-06
4.024845641215080150e-06
4.014046988132236038e-06
3.999885322958363076e-06
3.984071106799547124e-06
3.966387886800148976e-06
3.944974832026382217e-06
3.924338473404453964e-06
3.899299928389332592e-06
3.871021747703373705e-06
3.837213969903885413e-06
3.802486171489150024e-06
3.760770664329449176e-06
3.712824707569062355e-06
3.656887131220365461e-06
3.592911633099049595e-06
3.517378264428216994e-06
3.428201681865417072e-06
3.321423381108523643e-06
3.193971536252782073e-06
3.038839046176633474e-06
2.848329436422325500e-06
2.612665109369416427e-06
2.313737582526620429e-06
1.931443409874944450e-06
1.436564043166832505e-06
7.791988050342979477e-07
9.120970645426496048e-08
1.263455391309342701e-06
2.844513213862143175e-06
4.920688587706223416e-06
7.532383131558795242e-06
1.034321089110612490e-05
1.271916198808398235e-05
1.358034127729723650e-05
1.252890214875623798e-05
1.007803885499924945e-05
7.252021528625363089e-06
4.697811042286836880e-06
2.673447312862009539e-06
1.134503961663924088e-06
6.661338147750939243e-16
