0.000000000000000000e+00
1.600939554258218323e-07
1.866295962216213411e-07
1.950693572227990558e-07
1.987251759816288654e-07
2.006410189103746688e-07
2.017607373394625370e-07
2.024718073201370316e-07
2.029566595895815340e-07
2.032975294774530539e-07
2.035516919463020713e-07
2.037420365752495854e-07
2.038904944878794367e-07
2.040088419308361267e-07
2.041024029786342453e-07
2.041803693897392691e-07
2.042464434248714156e-07
2.042989212247547925e-07
2.043467652868002915e-07
2.043856544009514664e-07
2.044189020278253111e-07
2.044495432951265457e-07
2.044741307383191042e-07
2.044967311043421887e-07
2.045177538434472808e-07
2.045353837409891185e-07
2.045506073411473835e-07
2.045635393299605198e-07
2.045775219228218589e-07
2.045872506961643467e-07
2.045987584908814938e-07
2.046077811623803200e-07
2.046158917856644166e-07
2.046231845076462719e-07
2.046283253953617987e-07
2.046356237794810795e-07
2.046408977829372589e-07
2.046456106796767926e-07
2.046488440932137109e-07
2.046535156896567287e-07
2.046563556401537198e-07
2.046591977000744578e-07
2.046616421891300774e-07
2.046641305319951698e-07
2.046658307275350808e-07
2.046671825350898644e-07
2.046677670675123295e-07
2.046679214995350549e-07
2.046682722189885340e-07
2.046682948675382363e-07
2.046689396850709386e-07
2.046678858613759644e-07
2.046673551747701936e-07
2.046660523280507959e-07
2.046644076436621162e-07
2.046619742568367428e-07
2.046600138250198597e-07
2.046568066127463226e-07
2.046540346078984385e-07
2.046503908559316187e-07
2.046462692639750003e-07
2.046416358592040297e-07
2.046364500074560056e-07
2.046296774249611872e-07
2.046232244756751584e-07
2.046170304303984722e-07
2.046086076123998510e-07
2.045991563948135195e-07
2.045902820491107832e-07
2.045782419024533283e-07
2.045654998727997054e-07
2.045521949600725975e-07
2.045378424408994533e-07
2.045205206302469492e-07
2.045005067508043339e-07
2.044788206534420283e-07
2.044536082657089082e-07
2.044247524590758758e-07
2.043903255533052743e-07
2.043517889349644179e-07
2.043067988122260203e-07
2.042546307645665138e-07
2.041922015916242117e-07
2.041159481436238821e-07
2.040237480072093490e-07
2.039104136652980515e-07
2.037654032172042662e-07
2.035835549030196034e-07
2.033400621215264437e-07
2.030151905474397722e-07
2.025557805929167898e-07
2.018884537324794337e-07
2.008467598901830797e-07
1.990955539321603851e-07
1.958049750117041299e-07
1.884645162153475439e-07
1.667630548096710186e-07
5.210078035666754204e-08
1.159721757959530919e-06
2.028786028063223057e-10
