0.000000000000000000e+00
5.562891716270890186e-06
6.009822712038648262e-06
6.112318202133870670e-06
6.144325148116358548e-06
6.156196464934815538e-06
6.161012873873161766e-06
6.162977395085533772e-06
6.163726368968447389e-06
6.163915448387236040e-06
6.163822015570197266e-06
6.163637053635540042e-06
6.163378566403920900e-06
6.163117153179520358e-06
6.162849859658869889e-06
6.162603458537141421e-06
6.162377116925021880e-06
6.162167195733481151e-06
6.161974934970615436e-06
6.161806048177176365e-06
6.161634979240382393e-06
6.161492777656540909e-06
6.161357649525633917e-06
6.161223794265424658e-06
6.161109594837732573e-06
6.161013914596225050e-06
6.160920087983079441e-06
6.160832018098361118e-06
6.160759010942484792e-06
6.160690980583360954e-06
6.160627605944490881e-06
6.160565462876022025e-06
6.160516493602941068e-06
6.160472848071307794e-06
6.160424857459823045e-06
6.160384734332779999e-06
6.160352261752599645e-06
6.160314703351765786e-06
6.160284636846924400e-06
6.160258783860506071e-06
6.160235866525809456e-06
6.160216604711443722e-06
6.160202422500482555e-06
6.160181948655640838e-06
6.160169748858912442e-06
6.160160568535744119e-06
6.160155599177485897e-06
6.160156333367972081e-06
6.160146053257875565e-06
6.160152250966888232e-06
6.160146771683194800e-06
6.160150523237817310e-06
6.160157639878427460e-06
6.160177677627665105e-06
6.160187856707466381e-06
6.160191117321467402e-06
6.160208461225558096e-06
6.160230274110389814e-06
6.160260698773178945e-06
6.160276451394608443e-06
6.160315439984742625e-06
6.160338554495048413e-06
6.160374593888739980e-06
6.160414153133508819e-06
6.160465174875895400e-06
6.160514903985614410e-06
6.160557737500127473e-06
6.160622707640506235e-06
6.160687462175573614e-06
6.160744501770842874e-06
6.160819046252541398e-06
6.160902009555435654e-06
6.160994432513611230e-06
6.161095782331038606e-06
6.161207601995677408e-06
6.161334693222109138e-06
6.161472177024229779e-06
6.161619768962900423e-06
6.161785141234332741e-06
6.161957143757668121e-06
6.162146366395226948e-06
6.162349798666255651e-06
6.162569790690852756e-06
6.162814700894081454e-06
6.163089234290097806e-06
6.163351237931102844e-06
6.163602316422434058e-06
6.163813666915096690e-06
6.163918078949670587e-06
6.163812115933531288e-06
6.163160662264743905e-06
6.161458099951389045e-06
6.157279775154123058e-06
6.146927472805430170e-06
6.119605606369482587e-06
6.034969270651835416e-06
5.686861957898692310e-06
3.338812639364086010e-06
1.735805574354376546e-05
2.072045876891359661e-15
