0.000000000000000000e+00
2.966497333223294675e-06
3.459823460283395491e-06
3.616092760894140667e-06
3.683843858626190126e-06
3.719343442787348408e-06
3.740119238204719920e-06
3.753393842176322437e-06
3.762344289226504657e-06
3.768692226957526259e-06
3.773363624226533375e-06
3.776905456942536432e-06
3.779633361178369455e-06
3.781798549318260427e-06
3.783585069694339609e-06
3.785048181881300877e-06
3.786227311453060906e-06
3.787254031717424141e-06
3.788107707070054175e-06
3.788819698535839109e-06
3.789467326376083633e-06
3.790013572535499975e-06
3.790490512467492579e-06
3.790892354804675790e-06
3.791278405662623641e-06
3.791591066226729367e-06
3.791896041605014034e-06
3.792139193548038634e-06
3.792370991462234997e-06
3.792594332141518976e-06
3.792780551736818495e-06
3.792947859238005037e-06
3.793069418556171968e-06
3.793233530169359824e-06
3.793326542989028383e-06
3.793449128930426184e-06
3.793546980768169874e-06
3.793636173421433000e-06
3.793712242683433544e-06
3.793796013784600518e-06
3.793856535261319607e-06
3.793909235438874816e-06
3.793954540864952207e-06
3.793992806366830450e-06
3.794011321889279031e-06
3.794049367344953794e-06
3.794068089479907258e-06
3.794080642882668997e-06
3.794074137863923113e-06
3.794072893414934811e-06
3.794069011187062301e-06
3.794042674032382934e-06
3.794037861326593486e-06
3.794015468350231401e-06
3.793983202049489023e-06
3.793945928975972492e-06
3.793916462435653614e-06
3.793864895240695034e-06
3.793805570695418794e-06
3.793737997970225706e-06
3.793648390426618278e-06
3.793575704458262976e-06
3.793466217927310424e-06
3.793343628322176642e-06
3.793239090610356357e-06
3.793104079496956160e-06
3.792971361105124117e-06
3.792791157142261227e-06
3.792623441301046228e-06
3.792405386615627094e-06
3.792161467730537083e-06
3.791922494555954870e-06
3.791634684113809328e-06
3.791313245571359403e-06
3.790967276429135779e-06
3.790556519778220945e-06
3.790073768161761336e-06
3.789553838284831500e-06
3.788922074310363541e-06
3.788205390375942727e-06
3.787390472242968542e-06
3.786408809602903602e-06
3.785241424303364965e-06
3.783819138680755145e-06
3.782105558736148510e-06
3.780015860876950740e-06
3.777338223209802948e-06
3.773930428274674398e-06
3.769480136917024993e-06
3.763393974676176867e-06
3.754915112730294879e-06
3.742518471572253702e-06
3.723083759177292507e-06
3.690720039917216866e-06
3.629581416420002427e-06
3.493830531331454381e-06
3.090816773410054452e-06
9.625299374205198433e-07
2.153176495511832655e-05
2.220446049250313081e-16
