0.000000000000000000e+00
4.154631860764368412e-09
1.727342224810968219e-08
3.879404686379928080e-08
6.849545941545187588e-08
1.051112947791921215e-07
1.488109266922776897e-07
1.989785618494721575e-07
2.544505661727924917e-07
3.150440940347110086e-07
3.805609630758155504e-07
4.477428412474893094e-07
5.152682970299693466e-07
5.825461136810261564e-07
6.503842201466270012e-07
7.169585564126279564e-07
7.800618703202033544e-07
8.388177911156091682e-07
8.921035865583348823e-07
9.405312320076575361e-07
9.833496720235146427e-07
1.017642571876642421e-06
1.045337972405135929e-06
1.065273661171595165e-06
1.074604840556325769e-06
1.077056202891668590e-06
1.071056813573001421e-06
1.056893154105509325e-06
1.031798512518555810e-06
1.001384525523008051e-06
9.629937698374391175e-07
9.169860526458961658e-07
8.666808591906161041e-07
8.101559322293283572e-07
7.502200608522358038e-07
6.842488127212220661e-07
6.164549186671308689e-07
5.498029295170070441e-07
4.820559013074543486e-07
4.145278668099550146e-07
3.478136041401569400e-07
2.843535850116651886e-07
2.265894678554758457e-07
1.734384323937021577e-07
1.263745093016410692e-07
8.640447046737165238e-08
5.307013239974622820e-08
2.728061609946763610e-08
9.836386039019373584e-09
1.203963928553264395e-09
1.437864716180570213e-09
1.000603988554615853e-08
2.664236486982218821e-08
5.216967746690670538e-08
8.565497122692278253e-08
1.262614330865829970e-07
1.735314222317541066e-07
2.261694992400364868e-07
2.852749919624031349e-07
3.477407223284600946e-07
4.124492246626587644e-07
4.796361855463615598e-07
5.484356054852312923e-07
6.172498466794351657e-07
6.839995149166000488e-07
7.487069768608023423e-07
8.094114847256861367e-07
8.648017061352319956e-07
9.172659124478954595e-07
9.636230172693771578e-07
1.002407608807764916e-06
1.034167060764978885e-06
1.061100426191785573e-06
1.079378827095744953e-06
1.086097481839409795e-06
1.083651000599594738e-06
1.071605281732779247e-06
1.048524822855334548e-06
1.018647343697942631e-06
9.841521144693388123e-07
9.410158787748201803e-07
8.913138458410685416e-07
8.376645050933717584e-07
7.793964447166956688e-07
7.160418773466403763e-07
6.510240850854387418e-07
5.826388581597896632e-07
5.135740043238357089e-07
4.453236903678714498e-07
3.790720823904081271e-07
3.160736187224344462e-07
2.546416976167975577e-07
1.986048522306660402e-07
1.487095017127515462e-07
1.045984493464047205e-07
6.752166203938259059e-08
3.790975344752922638e-08
1.682452854812055421e-08
4.450930846111589290e-09
0.000000000000000000e+00
