0.000000000000000000e+00
5.546940119449672579e-07
6.466293251961019450e-07
6.759139896672650138e-07
6.886005450290610952e-07
6.952235269697126796e-07
6.991040493176114978e-07
7.015723305636711871e-07
7.032367032033803866e-07
7.044351983953589524e-07
7.053013540980757057e-07
7.059704345557804572e-07
7.064827927116823503e-07
7.068910187202348538e-07
7.072225179927116301e-07
7.074925159056277835e-07
7.077119690279687347e-07
7.079048505165275174e-07
7.080644256474144527e-07
7.081992192681241249e-07
7.083169037969128112e-07
7.084206870011655610e-07
7.085098416848012448e-07
7.085881033042085164e-07
7.086555284807616317e-07
7.087182476439579659e-07
7.087689057883039823e-07
7.088210183248122576e-07
7.088643204644640150e-07
7.089015759964567565e-07
7.089379199243239782e-07
7.089641955726477818e-07
7.089973101948032763e-07
7.090210876192770684e-07
7.090453182367895124e-07
7.090608373783169327e-07
7.090839992951458726e-07
7.091003331183287628e-07
7.091115301616213173e-07
7.091244120793760430e-07
7.091342605347605854e-07
7.091474329978808555e-07
7.091573754891555836e-07
7.091630540578819364e-07
7.091671313519398723e-07
7.091718173812822101e-07
7.091738517539525333e-07
7.091776705880903364e-07
7.091821581095558713e-07
7.091822423754834404e-07
7.091797314950909481e-07
7.091757432409195872e-07
7.091742290077363009e-07
7.091679106174808567e-07
7.091654885549303344e-07
7.091570548567460719e-07
7.091502571832108970e-07
7.091372992151789845e-07
7.091295265437835837e-07
7.091135556525074435e-07
7.090992599767531601e-07
7.090865594694406582e-07
7.090685808508467858e-07
7.090485117933198467e-07
7.090261469056002852e-07
7.090012619226371271e-07
7.089701103968337748e-07
7.089428077922121929e-07
7.089085494182967295e-07
7.088703855018252398e-07
7.088277943489984523e-07
7.087801665583981503e-07
7.087267743788316920e-07
7.086667250799649764e-07
7.085989650601476342e-07
7.085221831459875830e-07
7.084331248297104366e-07
7.083330765267348283e-07
7.082179064310523131e-07
7.080861674779725945e-07
7.079285837541249293e-07
7.077403750832544915e-07
7.075237634657227659e-07
7.072643198879902116e-07
7.069412772953143076e-07
7.065497396041564571e-07
7.060554656490580783e-07
7.054188222443968925e-07
7.045798943172698614e-07
7.034514830639437832e-07
7.018560745919444344e-07
6.995264236753229170e-07
6.959272116358050653e-07
6.898613849060097891e-07
6.784545233395888886e-07
6.530072984567425465e-07
5.776411110547385874e-07
1.808568605987659339e-07
4.020260889414650762e-06
6.191356316520568726e-10
