0.000000000000000000e+00
9.132155098789951353e-08
3.561182420064312737e-07
7.954891483308301758e-07
1.400541832063950665e-06
2.161012584767085798e-06
3.073079967608194352e-06
4.112990168225749699e-06
5.265128560250076362e-06
6.511351215543470516e-06
7.832109956362742764e-06
9.201767475763844573e-06
1.061375489397331506e-05
1.203181165732036817e-05
1.343137911835601273e-05
1.479881386501347151e-05
1.610279365071853874e-05
1.732798934983570405e-05
1.845531513122722345e-05
1.946757076209948423e-05
2.034981093812504582e-05
2.106091951248334482e-05
2.163519238596034455e-05
2.203352399610114531e-05
2.225407496125875184e-05
2.230089529142720295e-05
2.217195082532263939e-05
2.185846675128999550e-05
2.137238550870002030e-05
2.072982241640985990e-05
1.991708822735027695e-05
1.897888744939457695e-05
1.789745277291920900e-05
1.672623687620777844e-05
1.546025038212661684e-05
1.411455471966860387e-05
1.273784666444566227e-05
1.132293338290679685e-05
9.910576067251319898e-06
8.516044175399528626e-06
7.161502401098474024e-06
5.872870806999941351e-06
4.675062803438656545e-06
3.579103863504684568e-06
2.605026838908841569e-06
1.768062172669004894e-06
1.077989963071956936e-06
5.529203052079267877e-07
1.968083501724393614e-07
2.246150399010105048e-08
2.680113930786376386e-08
2.025953325102136660e-07
5.564683975833872864e-07
1.079801433268023914e-06
1.764271770232639369e-06
2.601212458097634794e-06
3.580949744286243686e-06
4.677937444963475855e-06
5.880062417196185720e-06
7.164927879999005711e-06
8.513581632674238620e-06
9.904691659290421057e-06
1.132518613100597094e-05
1.273585887284767182e-05
1.412487643648319136e-05
1.546392110252092778e-05
1.672337057367911939e-05
1.790209517138485751e-05
1.897666413386289719e-05
1.992692250030181356e-05
2.071612951870527297e-05
2.136627403503954525e-05
2.186153811112312439e-05
2.215810182404354123e-05
2.230339348385790288e-05
2.226390481485651662e-05
2.203854137328153939e-05
2.162939546757058906e-05
2.107546432539297854e-05
2.033863727068929705e-05
1.946499096727727363e-05
1.845104213571424623e-05
1.731753010003611593e-05
1.610414822283967595e-05
1.479084732547431003e-05
1.343065234338247649e-05
1.203028276242079642e-05
1.061402442603665008e-05
9.207776051178839793e-06
7.829619639632134920e-06
6.504613041302675924e-06
5.261257424948873052e-06
4.109554666786863208e-06
3.073393180175187922e-06
2.166041261797424511e-06
1.401847317672455517e-06
7.933647514501984688e-07
3.492970186425026213e-07
8.452834465710878931e-08
0.000000000000000000e+00
