0.000000000000000000e+00
6.855528589255754923e-09
2.673411914067003181e-08
5.971807903737413881e-08
1.051396431028805978e-07
1.622281050606133590e-07
2.306963637899173136e-07
3.087609552476777708e-07
3.952493760062125716e-07
4.887994136115736410e-07
5.879433544464518491e-07
6.907564782387964897e-07
7.967455639690257385e-07
9.031884782295662717e-07
1.008242157318761656e-06
1.110882571819793441e-06
1.208758411808119604e-06
1.300719441266195986e-06
1.385333475267813697e-06
1.461309733219451346e-06
1.527526731659456516e-06
1.580898851161194330e-06
1.624000417588256084e-06
1.653896714026714676e-06
1.670449439883370246e-06
1.673963034187764265e-06
1.664284878577504401e-06
1.640755812104544020e-06
1.604272606980927662e-06
1.556044375794485290e-06
1.495043505661541872e-06
1.424624863743950698e-06
1.343454650970521413e-06
1.255544844092071344e-06
1.160520304410717074e-06
1.059511401835244726e-06
9.561730442975147071e-07
8.499652036642046937e-07
7.439479361437406624e-07
6.392672524668796541e-07
5.375867790924360179e-07
4.408525384747008502e-07
3.509351300667873375e-07
2.686623822301115183e-07
1.955384625329514847e-07
1.327070178192002459e-07
8.090262804127945628e-08
4.148489674005162442e-08
1.475087274549480298e-08
1.662153303882973887e-09
1.987738640352176844e-09
1.518488368379422582e-08
4.175061074640495917e-08
8.103783633028882605e-08
1.324214751186048034e-07
1.952507444613615917e-07
2.687991023098135202e-07
3.511485611173981169e-07
4.413896842470066417e-07
5.378406566780569165e-07
6.390788769294886151e-07
7.435025801694195025e-07
8.501304635810669197e-07
9.560195393110149098e-07
1.060281886733349666e-06
1.160791759380330745e-06
1.255325683624519684e-06
1.343799524544664337e-06
1.424454647791506545e-06
1.495778662152780214e-06
1.555014108811647588e-06
1.603811881967232011e-06
1.640985003992234681e-06
1.663244419414233732e-06
1.674149949115744107e-06
1.671187240037674826e-06
1.654273642959225299e-06
1.623566225683603648e-06
1.581991799115556319e-06
1.526689735853459240e-06
1.461118102175085198e-06
1.385014986921007107e-06
1.299936844834093108e-06
1.208862746682193290e-06
1.110287211836258336e-06
1.008190383178231286e-06
9.030761103367979103e-07
7.967678107290154799e-07
6.912095174005372655e-07
5.877583061364433092e-07
4.882952191476164217e-07
3.949600884123327660e-07
3.085040656269910642e-07
2.307206554696961120e-07
1.626061367776543420e-07
1.052380627086790810e-07
5.955899229359573610e-08
2.622241257466129127e-08
6.345794556494865901e-09
0.000000000000000000e+00
