0.000000000000000000e+00
4.284261834186509077e-10
1.740541821781960152e-09
3.913851465142670349e-09
6.917089234725892766e-09
1.069085264759905840e-08
1.516063785622634441e-08
2.026363110640971854e-08
2.592885817165324625e-08
3.205670495720625013e-08
3.858473407447604586e-08
4.534980191372994796e-08
5.227384924921807396e-08
5.924085288988578668e-08
6.615130265785751362e-08
7.282495007032707690e-08
7.925644274209275864e-08
8.526068628889049705e-08
9.082418717110130046e-08
9.578140613974994722e-08
1.000961240560371834e-07
1.036668908493965091e-07
1.064458893251796212e-07
1.083942583468555654e-07
1.095016122221181831e-07
1.097434694230514651e-07
1.090717515195294141e-07
1.075600621902594867e-07
1.051523890183148069e-07
1.019582690497955468e-07
9.800496569845051908e-08
9.337041173562710128e-08
8.814214824681698701e-08
8.233307990934690679e-08
7.609837937572194733e-08
6.950857611709437833e-08
6.273575214876814243e-08
5.578171502484963185e-08
4.878538029107204466e-08
4.195691272190771315e-08
3.530661663031509079e-08
2.898412521101789707e-08
2.306395519013904050e-08
1.767076707182013706e-08
1.284670902990114882e-08
8.712617960426882746e-09
5.345817233326499718e-09
2.768694717936170946e-09
1.038970021127738619e-09
1.585680475812978329e-10
1.458226872586010359e-10
1.014760608875064918e-09
2.767544970971869134e-09
5.353881782355074392e-09
8.760636660554155242e-09
1.287949391581832970e-08
1.767496682347768910e-08
2.307530966305648690e-08
2.896552420139641981e-08
3.532359271751772667e-08
4.197445546694211771e-08
4.883314130843530165e-08
5.578727424460083739e-08
6.273288943869914647e-08
6.954526665658988804e-08
7.612809660439978643e-08
8.233550663483413246e-08
8.815260577055283875e-08
9.339774598160488495e-08
9.803182721146441736e-08
1.020256187311829876e-07
1.051891466152810040e-07
1.075280429141400873e-07
1.090470910236618352e-07
1.097436066466173088e-07
1.095246029425567258e-07
1.084328433709202955e-07
1.064576158338326195e-07
1.036620869143689561e-07
1.001059954930383356e-07
9.574001169632140318e-08
9.083025354073015478e-08
8.531012007928495677e-08
7.923094258455165573e-08
7.283571767935370644e-08
6.612029657127038718e-08
5.924850832172978699e-08
5.224754318078339566e-08
4.532532438261682728e-08
3.856715569128255083e-08
3.206887466689067878e-08
2.592724812622293484e-08
2.025853396148136198e-08
1.514120295809107120e-08
1.064237231673814676e-08
6.894278814506549224e-09
3.917029034461450010e-09
1.763432511125984092e-09
4.495925853831295171e-10
0.000000000000000000e+00
