0.000000000000000000e+00
1.013974459951327844e-10
3.657461000727835199e-10
7.954094050077742395e-10
1.403597349458607368e-09
2.165734258596785367e-09
3.075543930641799761e-09
4.119303786964678693e-09
5.268653624490582388e-09
6.515206152357677638e-09
7.833017900971128711e-09
9.204326523182260189e-09
1.061417864711700076e-08
1.202410082612459519e-08
1.345078892711626395e-08
1.482222433679680762e-08
1.610257127637737540e-08
1.731100840451915701e-08
1.844831254427248268e-08
1.946938321673030714e-08
2.037157398326883140e-08
2.107308139098762467e-08
2.162706658204172072e-08
2.204578708475679605e-08
2.225555029156112141e-08
2.230205786712957661e-08
2.217238481705408049e-08
2.187049141788577344e-08
2.134592547164970711e-08
2.069943683125075040e-08
1.991566400683097982e-08
1.900162427403984111e-08
1.789601200563595285e-08
1.671976834760613428e-08
1.545519912049542199e-08
1.410935046575190199e-08
1.271633986998921273e-08
1.131670135379181374e-08
9.908466047647834785e-09
8.515935734365598364e-09
7.173770577573179708e-09
5.877217490457553595e-09
4.663007979743838405e-09
3.562699468773189437e-09
2.601610260555276000e-09
1.769949298235928836e-09
1.070552202442343059e-09
5.353025800403088397e-10
1.878341926442317344e-10
1.838384999786057961e-11
3.132538672900864185e-11
2.160013279350891935e-10
5.640714562105131336e-10
1.083661382850209520e-09
1.775005364912374262e-09
2.605467619432033644e-09
3.586306918101911378e-09
4.685102750201508570e-09
5.879124742591557151e-09
7.164722704011694532e-09
8.511470306338253522e-09
9.913387777338300566e-09
1.132257099190070448e-08
1.273566929693714656e-08
1.414878803007724173e-08
1.548727646127900925e-08
1.671666904901059070e-08
1.789599346491144161e-08
1.897984414078734972e-08
1.994968246155082170e-08
2.074197835710833715e-08
2.136508148176119448e-08
2.185759995221303598e-08
2.219358163912943382e-08
2.230314688489443142e-08
2.225914286224650596e-08
2.204726501364717706e-08
2.162873125044484368e-08
2.104471930053364304e-08
2.032181101174757032e-08
1.947440442240377934e-08
1.846894459589520920e-08
1.731315713016101654e-08
1.609997135609830821e-08
1.478437794411036066e-08
1.342514810431794103e-08
1.201870725164866371e-08
1.061247489886341100e-08
9.204300877030391348e-09
7.835191051519529992e-09
6.515899930725765898e-09
5.256668766939753823e-09
4.091264438343955590e-09
3.062456399582913491e-09
2.167031443178757399e-09
1.397756577148356882e-09
7.766483012261460317e-10
3.346634080969579372e-10
7.723022221739483939e-11
0.000000000000000000e+00
