0.000000000000000000e+00
6.395536211734054177e-09
2.614140914847240538e-08
5.850855733235960088e-08
1.043591325577963858e-07
1.617228180261776060e-07
2.298341215123400616e-07
3.077861581157748105e-07
3.948191511504717255e-07
4.884108421032706815e-07
5.881585015687917917e-07
6.893991033596336138e-07
7.941028306035491369e-07
9.000481131504756149e-07
1.007581912459976081e-06
1.109538747767757627e-06
1.205376951918246675e-06
1.296786887428069690e-06
1.382713102571209163e-06
1.457884766020711709e-06
1.524722237911113609e-06
1.578138766777925639e-06
1.621646669724974288e-06
1.651731006191425877e-06
1.666923450716062405e-06
1.671634980882075183e-06
1.661814734932320903e-06
1.639493406591086000e-06
1.600138157420438745e-06
1.552308428465210000e-06
1.493332868696128912e-06
1.422788042160227917e-06
1.341540458166257110e-06
1.252521050765231792e-06
1.158985189819716766e-06
1.058141830267977923e-06
9.523848468750983898e-07
8.477089603609044843e-07
7.428389827701664672e-07
6.390762486985224200e-07
5.378728031857349379e-07
4.410525009657106921e-07
3.507590869977761372e-07
2.679949071549003747e-07
1.957418735987204172e-07
1.332199333070605007e-07
8.111532534549326101e-08
4.154570887315855998e-08
1.541709182539818812e-08
2.226946071992585985e-09
3.042552654264341072e-09
1.685823036723377299e-08
4.310643730853769284e-08
8.245497329362194705e-08
1.345700066934796268e-07
1.963899500800891929e-07
2.695895534587933184e-07
3.513978510394366594e-07
4.410636753604535443e-07
5.371057045788774076e-07
6.380540338302154169e-07
7.447351646483468812e-07
8.504613373538916221e-07
9.553122068961528157e-07
1.060032019717382923e-06
1.161701396634740036e-06
1.254522005944558316e-06
1.341044958969028755e-06
1.423920420573487888e-06
1.496233708930816420e-06
1.554928503733066236e-06
1.601212242574590050e-06
1.638348668953071297e-06
1.664947713364561821e-06
1.672666443131021197e-06
1.668399482901428144e-06
1.652592637069183468e-06
1.620726267304029022e-06
1.578836659743565463e-06
1.524169678246423132e-06
1.460580343892736721e-06
1.385148940546976348e-06
1.298522235737564756e-06
1.207648705370267805e-06
1.109551096001304415e-06
1.007851244239077459e-06
9.021592884961293635e-07
7.961486876428836013e-07
6.900153993738555869e-07
5.869631315436052432e-07
4.887112705631579956e-07
3.941251158767755669e-07
3.072621767019612093e-07
2.298960488644752331e-07
1.624270957734097465e-07
1.050257627532857896e-07
5.868907182460247896e-08
2.583340319439741961e-08
6.685762610203482836e-09
0.000000000000000000e+00
