0.000000000000000000e+00
2.277269317563224149e-08
3.198777354107562587e-08
4.150721422124803439e-08
5.097891520033925872e-08
6.024962340145378903e-08
6.917519579374697969e-08
7.757785103201797483e-08
8.549670449387036797e-08
9.284497481942821651e-08
9.959593449959669442e-08
1.058070141501943340e-07
1.114764944798452007e-07
1.166884205927587459e-07
1.214041487340722369e-07
1.256837195429127974e-07
1.295507158216580024e-07
1.330458927473188169e-07
1.362139744331969382e-07
1.390171756598945763e-07
1.415076050781394201e-07
1.438085680538492284e-07
1.458515243024649521e-07
1.476640295594577879e-07
1.492187126084232318e-07
1.506265493445013703e-07
1.518653971466221719e-07
1.529315946102727253e-07
1.537580236465885264e-07
1.544830144917241910e-07
1.551156683099463862e-07
1.555804974850971689e-07
1.559123015137942048e-07
1.561162723540121533e-07
1.561981296527292784e-07
1.561374347591737433e-07
1.559271612938673002e-07
1.556125753809922685e-07
1.551837107705011931e-07
1.545481379539026534e-07
1.538513226817528334e-07
1.530254970516509161e-07
1.520050884051826756e-07
1.507732473315925859e-07
1.493942646257906404e-07
1.478426699952350987e-07
1.460842714573473700e-07
1.440520583928517340e-07
1.418499514516113891e-07
1.393414559291983323e-07
1.365483613957607645e-07
1.334851241763246321e-07
1.299747964811359680e-07
1.261718552969526286e-07
1.219226969384479276e-07
1.172792087889007462e-07
1.121219950217522410e-07
1.065263705024577234e-07
1.003593557147297588e-07
9.370055076285410678e-08
8.642893634114301449e-08
7.864565587656358048e-08
7.027258930314417285e-08
6.133412933095883091e-08
5.211670450755434558e-08
4.268491948788977197e-08
3.313575291929993227e-08
2.383717434550902681e-08
5.037734393531501098e-08
7.793992451432529833e-09
2.262415588205612949e-09
6.891520687446472948e-10
1.411223360392455106e-10
5.038379935484726957e-09
1.560007245604566606e-08
3.221486000182238740e-08
5.543736014690381353e-08
8.496108494515652865e-08
1.194632013312713070e-07
1.568300448395731905e-07
1.940424528834583384e-07
2.271822040489368533e-07
2.522851614283894151e-07
2.663473245290148839e-07
2.671047074631616169e-07
2.546010141601939836e-07
2.307971995740842885e-07
1.982994375371305296e-07
1.613900781904931137e-07
1.239185074553006416e-07
8.880680679723695903e-08
5.863941676675921144e-08
3.469060061433992814e-08
1.728653364896359790e-08
6.050488554620869763e-09
1.450818354342686689e-10
8.449638766450107141e-10
1.738857613453603790e-09
6.989745227059529498e-09
0.000000000000000000e+00
