0.000000000000000000e+00
3.227607070499516340e-11
1.410787042743777420e-10
3.287295990972438631e-10
5.917959455814525427e-10
9.171005066477277978e-10
1.296655893767706402e-09
1.732543220001048212e-09
2.226214879108567857e-09
2.759779516026128476e-09
3.318416763598008856e-09
3.897824840670693902e-09
4.494211669481273930e-09
5.091153054692654223e-09
5.687643689356036703e-09
6.261808738194929447e-09
6.818467235270020410e-09
7.332651930092026760e-09
7.823013903340836350e-09
8.247555305374021373e-09
8.605001600159312147e-09
8.913459526027622815e-09
9.159864422514374382e-09
9.336949102767277964e-09
9.425898395143406105e-09
9.447545079588337558e-09
9.402446154993526761e-09
9.256942101742993145e-09
9.048293558855391439e-09
8.786088634415989418e-09
8.451516153584748281e-09
8.038756549311187882e-09
7.578663141494246247e-09
7.081823794052866106e-09
6.561872045729444380e-09
5.992617402306166241e-09
5.394839797112638280e-09
4.798050845522539021e-09
4.201832437544794630e-09
3.605730158895426030e-09
3.034470230645069933e-09
2.491217343525420347e-09
1.986536379838810262e-09
1.521909487323114263e-09
1.106085445456983507e-09
7.555133185732643142e-10
4.629142624779092330e-10
2.426974177183183201e-10
9.445322302070735532e-11
1.563427165507391692e-11
1.027045115620239812e-11
8.265033102361485362e-11
2.295307277577762761e-10
4.556829358293157384e-10
7.521696598900007302e-10
1.104793700967832137e-09
1.511159641864878722e-09
1.977084718163268917e-09
2.490873507454693936e-09
3.039308804630991290e-09
3.608345955363745361e-09
4.198201564165060518e-09
4.793625607568685609e-09
5.384624968129969602e-09
5.975710704042569432e-09
6.546741482260642897e-09
7.080943165149733431e-09
7.578748628667142384e-09
8.046030730568531908e-09
8.435801390760389040e-09
8.767208514726121393e-09
9.039337389715740301e-09
9.262342448579374832e-09
9.390071609161054766e-09
9.444986015516576572e-09
9.422277846837801007e-09
9.334643946701248751e-09
9.159281999515656025e-09
8.923198069332727300e-09
8.625218983482341173e-09
8.243629556758946819e-09
7.813365954234541277e-09
7.330499540714185969e-09
6.817404307746244285e-09
6.276695163620615858e-09
5.697149196848272368e-09
5.091239319021667598e-09
4.493085681289699096e-09
3.897359102111863649e-09
3.319206798302332118e-09
2.760066397655691617e-09
2.231321793999541114e-09
1.743571287349254817e-09
1.301775465201160387e-09
9.161649217048761784e-10
5.928868507254492215e-10
3.350612010066811308e-10
1.538892346886200357e-10
4.251443641578589450e-11
0.000000000000000000e+00
