0.000000000000000000e+00
2.124411757620237040e-12
9.281464485866308678e-12
2.162814372042021205e-11
3.893496636209192729e-11
6.033817889772308263e-11
8.531275685896844152e-11
1.139927041649002604e-10
1.464726118172166025e-10
1.815789740788886775e-10
2.183325742421970972e-10
2.564559675732880351e-10
2.956969114009666555e-10
3.349682753395200052e-10
3.742162135722537641e-10
4.119915519851247154e-10
4.486212512588849677e-10
4.824479704623740872e-10
5.147120507587032989e-10
5.426462612589944001e-10
5.661626722996970784e-10
5.864558838553080022e-10
6.026724674867978138e-10
6.143219266618871188e-10
6.201759106261306442e-10
6.215987724544902449e-10
6.186322565326918266e-10
6.090556947668801513e-10
5.953308956918590411e-10
5.780801393129308963e-10
5.560651938907312797e-10
5.289083615522827131e-10
4.986345780721990195e-10
4.659480579149999357e-10
4.317368684780831245e-10
3.942814963409091433e-10
3.549494032029087975e-10
3.156845895802007362e-10
2.764575235403299303e-10
2.372370078163044127e-10
1.996517395852492882e-10
1.639102187311891612e-10
1.307043362430704292e-10
1.001302374348256308e-10
7.277334290733961097e-11
4.970690525851750863e-11
3.045519392230744415e-11
1.596578425022698866e-11
6.210920666660513234e-12
1.029842877642295207e-12
6.756817327868702705e-13
5.435540906262303906e-12
1.510247482627846694e-11
2.998268300302697753e-11
4.948841336727127782e-11
7.268885493516563656e-11
9.942735523793544417e-11
1.300827223715828040e-10
1.638826852001784573e-10
1.999720389278536459e-10
2.374079821620966868e-10
2.762218231922020095e-10
3.153959315937981955e-10
3.542786064514302780e-10
3.931701630932593616e-10
4.307412204695992841e-10
4.658867736040406271e-10
4.986413504326492330e-10
5.293833149622173551e-10
5.550297998979658587e-10
5.768368005476531835e-10
5.947439207787397208e-10
6.094135196477168392e-10
6.178151323865677114e-10
6.214300185547472211e-10
6.199357693859042229e-10
6.141732677988898104e-10
6.026341647924482459e-10
5.870993691203807430e-10
5.674974934422039041e-10
5.423904658741207641e-10
5.140783354562472596e-10
4.823086374727836301e-10
4.485490867622843325e-10
4.129715458489613411e-10
3.748406030013029522e-10
3.349770461014145440e-10
2.956236366813413952e-10
2.564249923509009932e-10
2.183887515272431301e-10
1.815976258257023801e-10
1.468074550814435497e-10
1.147180128668878751e-10
8.564882136852247640e-11
6.027889298820809927e-11
3.900613165797039983e-11
2.204403326544479569e-11
1.012556705148881520e-11
2.793876241469206434e-12
0.000000000000000000e+00
