0.000000000000000000e+00
7.264255008632147792e-08
1.377549506687003600e-07
1.974296762741190037e-07
2.505953281550787892e-07
3.008584055219643005e-07
3.464360263105703552e-07
3.862122944786605672e-07
4.241016974271261120e-07
4.568660472159535857e-07
4.883035715774752816e-07
5.154213079672231856e-07
5.414320571883735056e-07
5.636813585896405243e-07
5.854322661091870827e-07
6.038597434310233325e-07
6.218646745326239511e-07
6.369055817190272251e-07
6.512443991857352898e-07
6.643499476099989920e-07
6.761219168982535166e-07
6.866554005391378723e-07
6.962267997678850406e-07
7.048077353966064607e-07
7.131448408470575373e-07
7.199186383699540670e-07
7.258661967046720065e-07
7.304478787384383054e-07
7.354401181380865182e-07
7.384640399177300196e-07
7.414603756528137524e-07
7.437793413389570674e-07
7.454360229086631762e-07
7.471025921246265966e-07
7.474623459069462683e-07
7.466081525242529437e-07
7.462529660884342775e-07
7.446760540430474862e-07
7.424388172028173472e-07
7.388600870017469902e-07
7.353429024581359386e-07
7.303447309148225486e-07
7.258510967833586847e-07
7.206753267485765946e-07
7.140030745533820777e-07
7.057741998606203992e-07
6.980027450476100626e-07
6.885602231720966415e-07
6.774566079226218562e-07
6.664422907975975363e-07
6.535989752753934567e-07
6.394357374706061137e-07
6.230935848394736354e-07
6.059240380551500493e-07
5.863888133950112547e-07
5.670894962506167758e-07
5.435132039988133101e-07
5.185889045966618482e-07
4.917831503137293225e-07
4.615506324912033165e-07
4.275605974823903921e-07
3.909791050915600863e-07
3.498044831573565716e-07
3.055001333018836362e-07
2.586014775651790387e-07
2.031721917372664166e-07
1.442903042603305153e-07
8.173870880145983620e-08
1.107128488886388595e-08
6.712295042010651969e-08
1.511148463029243771e-07
2.420034257433201219e-07
3.399114161251048927e-07
4.424790516210919122e-07
5.535103557718912271e-07
6.671692898141401429e-07
7.828995158831730805e-07
8.979545612630701612e-07
1.007003080366608572e-06
1.111261810571306796e-06
1.201660847383045905e-06
1.272539105756642641e-06
1.324285121007129362e-06
1.353920816682396833e-06
1.355498928656828639e-06
1.328915978260347686e-06
1.279938399156854700e-06
1.209391040535301443e-06
1.122829266342328935e-06
1.021402878387256408e-06
9.115626399269771696e-07
7.950820266611202669e-07
6.823670187783292818e-07
5.682741671675373141e-07
4.580827296374323510e-07
3.520775169185696996e-07
2.522467960064389558e-07
1.629451459317365902e-07
7.581393923761226006e-08
0.000000000000000000e+00
