0.000000000000000000e+00
1.355579670736517528e-08
2.570585333483421664e-08
3.684145089000168127e-08
4.676198417374877181e-08
5.614156350919330407e-08
6.464670165851060801e-08
7.206877505883113599e-08
7.913931898695381051e-08
8.525297978678736399e-08
9.111955789897763225e-08
9.617963103725202245e-08
1.010334735873641421e-07
1.051850339051085825e-07
1.092440267136396415e-07
1.126824947794702325e-07
1.160424032420337426e-07
1.188488923942188080e-07
1.215245537533604647e-07
1.239701369337709025e-07
1.261668191032683239e-07
1.281323472879236647e-07
1.299184039238454602e-07
1.315196285212039129e-07
1.330755198258870564e-07
1.343395233943667222e-07
1.354493524008404393e-07
1.363041896018657440e-07
1.372358734430534355e-07
1.377999909735194706e-07
1.383591146097984392e-07
1.387918416861921855e-07
1.391009808449084062e-07
1.394121232900502605e-07
1.394792517039888935e-07
1.393197416321712012e-07
1.392535790012416896e-07
1.389593224931928717e-07
1.385418495480905676e-07
1.378738961888004155e-07
1.372176158254134748e-07
1.362847895647334440e-07
1.354463782243797709e-07
1.344807271097536727e-07
1.332356679428770008e-07
1.316999712619448815e-07
1.302499650357447081e-07
1.284879657115212126e-07
1.264158737690479484e-07
1.243607022916037863e-07
1.219641102556678902e-07
1.193212110228714096e-07
1.162715318470119996e-07
1.130676439142774825e-07
1.094221633302083774e-07
1.058212153459692217e-07
1.014216003403234367e-07
9.677071166613870901e-08
9.176885817918645216e-08
8.612739288427206930e-08
7.978456773027886584e-08
7.295835569021136280e-08
6.527475182593889258e-08
5.700740712821783518e-08
4.825653776574512221e-08
3.791265934527388026e-08
2.692508893620271238e-08
1.525346349229295129e-08
2.066729343219719794e-09
1.252488590619549313e-08
2.819804101328315937e-08
4.515815021921554262e-08
6.342830149996814271e-08
8.256705186227009108e-08
1.032866355776818068e-07
1.244958102164517300e-07
1.460915087792002964e-07
1.675612208984489371e-07
1.879089291945135187e-07
2.073648024403240697e-07
2.242340241265239342e-07
2.374587880771272808e-07
2.471147594329536901e-07
2.526463630525555004e-07
2.529408443807668050e-07
2.479788899778512246e-07
2.388395229369066897e-07
2.256751588936012354e-07
2.095233290200226861e-07
1.905967910165173862e-07
1.701005435394975507e-07
1.483638158994438072e-07
1.273323896322509086e-07
1.060421848109172061e-07
8.548000918207065979e-08
6.569854382743045562e-08
4.706916312269271430e-08
3.040617435612347208e-08
1.414629391405242131e-08
0.000000000000000000e+00
