0.000000000000000000e+00
6.552907030998866844e-06
1.042156415820283399e-05
1.335653217715560004e-05
1.565908520984038432e-05
1.743690661981656120e-05
1.882050152202108251e-05
1.988983378642394939e-05
2.072760269378193243e-05
2.138423657949140022e-05
2.190514769362383873e-05
2.232023319748144274e-05
2.265039141691183033e-05
2.291818292399216972e-05
2.313301105338894104e-05
2.330860058397110635e-05
2.345400997116886543e-05
2.357051299561874202e-05
2.366505731798973500e-05
2.374358509082963309e-05
2.381067849055451546e-05
2.386513845820115165e-05
2.391309714167011435e-05
2.395198843108126141e-05
2.398355614219305210e-05
2.401026203535661097e-05
2.403051548149903738e-05
2.404956754542553199e-05
2.406790864273311570e-05
2.408023465494402160e-05
2.409215141863096932e-05
2.409919560897311186e-05
2.410554889553662150e-05
2.411133379853769299e-05
2.411815440173104008e-05
2.412283724428920806e-05
2.412746217017591732e-05
2.413077426421939009e-05
2.413252766431117635e-05
2.413426367675608475e-05
2.413688827029858430e-05
2.413806386714067997e-05
2.413752898011711778e-05
2.413838542125734676e-05
2.413602307338447162e-05
2.413660750966162283e-05
2.413331988437850129e-05
2.413300947046170819e-05
2.412943810292667024e-05
2.412631839721068872e-05
2.412373605342743588e-05
2.411816895098173319e-05
2.411173567373747773e-05
2.410593237578417813e-05
2.410064000157863262e-05
2.409095827848872773e-05
2.408114638985381362e-05
2.406441127267289204e-05
2.404720034954177521e-05
2.402886864460995753e-05
2.400830362636607873e-05
2.397991967961754511e-05
2.394688981999237853e-05
2.390734093382640424e-05
2.386089626182918977e-05
2.380493207920775234e-05
2.373861137627830686e-05
2.365795081060717564e-05
2.355906456041889641e-05
2.343973444229874303e-05
2.329598925143727683e-05
2.311422400425033885e-05
2.289574553204776208e-05
2.262219577087165590e-05
2.228607175425167952e-05
2.186117917835073143e-05
2.133072750354347846e-05
2.065967883535524408e-05
1.980371785459400513e-05
1.870480347021530321e-05
1.729385074311640125e-05
1.546497010862513122e-05
1.311047330687653556e-05
1.011028031572269725e-05
5.679540723391163226e-06
9.915494486006926067e-06
2.913651672153960703e-06
6.642485280039522877e-06
6.233374692188320410e-06
3.330111514987521559e-06
2.573168933628355859e-05
5.403163686346079686e-05
6.692982174472117407e-05
5.159163390555665529e-05
2.311105283303582780e-05
1.891053590719060651e-06
6.544983993661546151e-06
6.408138358060533335e-06
2.767116335289365736e-06
2.106550611030710840e-15
