0.000000000000000000e+00
5.029289498192923702e-07
7.833859828609845977e-07
1.003744280025919977e-06
1.176612472453264502e-06
1.310082001437784527e-06
1.413952693596343124e-06
1.494230121523720811e-06
1.557122286555134849e-06
1.606416538457722254e-06
1.645521474524791472e-06
1.676681897877507765e-06
1.701467058468075777e-06
1.721569530377387025e-06
1.737696790016229897e-06
1.750878203643502218e-06
1.761794095833657536e-06
1.770539593048958693e-06
1.777637225308659197e-06
1.783532639909601869e-06
1.788568983140947921e-06
1.792657654209328655e-06
1.796257559583125385e-06
1.799176907457677999e-06
1.801546967827860612e-06
1.803551569867778426e-06
1.805072655458594966e-06
1.806502563872491862e-06
1.807879191573213973e-06
1.808805166314542134e-06
1.809699419985655311e-06
1.810228639875788303e-06
1.810705621108077423e-06
1.811139928920013631e-06
1.811651607286357546e-06
1.812003530554662234e-06
1.812350381547034317e-06
1.812599113359958380e-06
1.812730683004026844e-06
1.812861018968270344e-06
1.813057755817304439e-06
1.813146367601881082e-06
1.813106148773613313e-06
1.813170428577315363e-06
1.812993163707865563e-06
1.813036951681112896e-06
1.812790508370909492e-06
1.812766823650058257e-06
1.812499056619287785e-06
1.812264832312671103e-06
1.812070589690684130e-06
1.811652643235461824e-06
1.811169667687018148e-06
1.810733976648215560e-06
1.810336331176110036e-06
1.809609780800691681e-06
1.808872855613152808e-06
1.807617151849960635e-06
1.806325086284310544e-06
1.804948574601894506e-06
1.803404380606998814e-06
1.801273856849583410e-06
1.798794560858851810e-06
1.795825287476127130e-06
1.792338645056901214e-06
1.788137671598910572e-06
1.783158655732641762e-06
1.777103173949967641e-06
1.769680341379142874e-06
1.760721963228739639e-06
1.749930728212056863e-06
1.736286190046065769e-06
1.719884466955257096e-06
1.699349626460566753e-06
1.674116395622426978e-06
1.642219516040377414e-06
1.602398044808772681e-06
1.552021468342879018e-06
1.487762692153893340e-06
1.405263799325595642e-06
1.299337699656177847e-06
1.162032955859260142e-06
9.852585084457743392e-07
7.599989564344156179e-07
4.730149860687760111e-07
4.919717596502115597e-07
2.180326116318909158e-07
4.981774114343195947e-07
4.677251953522088002e-07
2.500994721321703196e-07
1.931244469788317986e-06
4.054171034550968500e-06
5.022023953582532840e-06
3.871655074982882638e-06
1.734533657482550950e-06
1.421257974643097555e-07
4.910016534465100335e-07
4.804765154631240875e-07
1.961713381737340001e-07
1.865451152924246792e-15
