0.000000000000000000e+00
8.414904673070822128e-08
1.017322117657926128e-07
1.157064248857864186e-07
1.266569872315770340e-07
1.351229723667302096e-07
1.416904160667087353e-07
1.467904996443891719e-07
1.507583570203863133e-07
1.538860037175737716e-07
1.563685282368609819e-07
1.583383996139886563e-07
1.599119483497446481e-07
1.611763357223239268e-07
1.621997608447500738e-07
1.630404805608165475e-07
1.637217758032605275e-07
1.642777577304244119e-07
1.647325377218678000e-07
1.651096900312509774e-07
1.654267854922508718e-07
1.656895101120881009e-07
1.659086410477073059e-07
1.660824127114324256e-07
1.662435290539221455e-07
1.663634455750795382e-07
1.664677767854172430e-07
1.665616349288967513e-07
1.666352774654100699e-07
1.667102610403148333e-07
1.667621229994864507e-07
1.667933443583180519e-07
1.668257706421982789e-07
1.668533839982444533e-07
1.668844548108339154e-07
1.669096179046647421e-07
1.669325797593046445e-07
1.669434841478079079e-07
1.669483092880952313e-07
1.669608536980504709e-07
1.669639808632439326e-07
1.669704403628458067e-07
1.669760586464619223e-07
1.669819598149047124e-07
1.669786157121322390e-07
1.669623762579064419e-07
1.669629163814079220e-07
1.669551341620945095e-07
1.669380377267160043e-07
1.669229717782272360e-07
1.669115955449385069e-07
1.668782519947953347e-07
1.668511888652801645e-07
1.668226359274882498e-07
1.668009473876352899e-07
1.667595495025153696e-07
1.667086880763335444e-07
1.666322300142297763e-07
1.665483703172654373e-07
1.664694225800289473e-07
1.663525777129137850e-07
1.662278673597583634e-07
1.660735505781829602e-07
1.658865284026589393e-07
1.656654008419522484e-07
1.654092346425883875e-07
1.650737111447142524e-07
1.646923822873347376e-07
1.642392325473807091e-07
1.636753659273182393e-07
1.629841241967966425e-07
1.621257136319442793e-07
1.610808645358119406e-07
1.597800167729701570e-07
1.581793754867888424e-07
1.561669126237674732e-07
1.536467105767158614e-07
1.504380960914986076e-07
1.463753390718025571e-07
1.411737263756762673e-07
1.344618892895610429e-07
1.257700877888012769e-07
1.145504840982525252e-07
1.002827446638931974e-07
8.235271142797984112e-08
7.206229923895079992e-08
3.835101880511615491e-08
2.060114845381377791e-08
2.279519251136008506e-08
6.826210319221814871e-08
1.748237957732712289e-07
3.089155827806777666e-07
3.697422666926186707e-07
2.971651620331527965e-07
1.621331396917113921e-07
6.114598238848856226e-08
2.093837014882637959e-08
2.163498147300657592e-08
4.032236644579967333e-08
2.410859055793079797e-16
