0.000000000000000000e+00
9.816193302647491237e-09
3.880187127158762905e-08
8.680160856755492205e-08
1.531301729862377670e-07
2.368041918110463939e-07
3.366316889685805336e-07
4.501787619348718295e-07
5.759299573915299675e-07
7.120068878929686207e-07
8.565685738481931821e-07
1.006471430198274675e-06
1.160426389645863310e-06
1.316034488052508777e-06
1.469243403495745781e-06
1.616865074272055836e-06
1.759806503631722308e-06
1.893759382753934517e-06
2.016968367768434689e-06
2.126876086139262156e-06
2.222666282247764968e-06
2.301843751384424763e-06
2.364392639120360684e-06
2.407827514261384749e-06
2.431639590905199100e-06
2.437266679478078402e-06
2.421988921419426788e-06
2.389182223505592617e-06
2.335421515065050357e-06
2.264606076995967499e-06
2.176865461112065248e-06
2.073654117196177538e-06
1.956836016780982845e-06
1.828293181405094003e-06
1.689437442164987146e-06
1.543711040108419752e-06
1.393279961958704405e-06
1.238358907862391334e-06
1.083074829266728045e-06
9.313135944655215326e-07
7.836691423568353798e-07
6.429811509889304943e-07
5.118542812931892172e-07
3.920415705405133622e-07
2.850802859333256833e-07
1.930234289071464104e-07
1.179696175190869667e-07
6.061717572336533522e-08
2.226558415419077619e-08
2.915748753551383743e-09
2.632698725690829633e-09
2.214303629344271940e-08
6.119893325440273202e-08
1.183784408276267186e-07
1.938074594143301965e-07
2.850838110024511707e-07
3.918631525934301862e-07
5.116807531013733978e-07
6.429677066321914936e-07
7.840438975836860891e-07
9.318985522144274114e-07
1.084203063217437091e-06
1.238749472443068100e-06
1.392834375613105635e-06
1.544416738941123413e-06
1.691236667600293231e-06
1.828932193026489017e-06
1.958740882379572668e-06
2.074677895702592423e-06
2.177434859085281005e-06
2.266486813007340118e-06
2.336881581577188172e-06
2.388482279513937101e-06
2.423168683485243946e-06
2.438394864023862851e-06
2.433843450666550723e-06
2.408698976941181513e-06
2.365126896108904475e-06
2.303607953169084510e-06
2.224497594682794954e-06
2.127527231721160206e-06
2.018194339981072005e-06
1.895039739130410794e-06
1.760622981961112998e-06
1.618511672796252299e-06
1.468755141731392655e-06
1.315812242386193986e-06
1.161142449968011192e-06
1.007514626616412556e-06
8.570210144887013826e-07
7.122339762410945241e-07
5.758654276766250746e-07
4.499262964419159516e-07
3.363817231427645993e-07
2.371001557310847829e-07
1.537426324027535429e-07
8.719601518603070645e-08
3.903851919506706736e-08
9.795430244707858947e-09
0.000000000000000000e+00
