0.000000000000000000e+00
1.831738205559929611e-09
7.240559707355487262e-09
1.619746103909136536e-08
2.857456682381354085e-08
4.418836607733567234e-08
6.281643671890435598e-08
8.400458928470300179e-08
1.074700268777206702e-07
1.328622314389349413e-07
1.598376623279662567e-07
1.878097182217430827e-07
2.165378496510328432e-07
2.455744088081246446e-07
2.741632291192175330e-07
3.017094127866215558e-07
3.283822265220948111e-07
3.533777406250493414e-07
3.763684156554703009e-07
3.968770680984334831e-07
4.147513805730085323e-07
4.295257666209195690e-07
4.411972781559470036e-07
4.493021530382890205e-07
4.537454271202889799e-07
4.547954273181886720e-07
4.519446290540685141e-07
4.458229516668410497e-07
4.357912869457081229e-07
4.225772363142255017e-07
4.062049642206133626e-07
3.869458526928326592e-07
3.651477166188854540e-07
3.411617197635052889e-07
3.152513033954917887e-07
2.880587883780094671e-07
2.599883341947162307e-07
2.310799909199801050e-07
2.021038579824718795e-07
1.737850405802987552e-07
1.462343754976558330e-07
1.199817507568923247e-07
9.551320923062434076e-08
7.315588224088287461e-08
5.319663598513102443e-08
3.601857090362869940e-08
2.201331161799657821e-08
1.131116977859392136e-08
4.154638855169423550e-09
5.438899330911795005e-10
4.910671869140514900e-10
4.131754494096639974e-09
1.141970218387911018e-08
2.208956872973288910e-08
3.616483734703024311e-08
5.319725038255285199e-08
7.312254146629726392e-08
9.548077428700452174e-08
1.199791781480996633e-07
1.463042313964990626e-07
1.738941117768177946e-07
2.023142899876262391e-07
2.311527640408428397e-07
2.599050721308060474e-07
2.881903578000333255e-07
3.155869234827690661e-07
3.412808401437317229e-07
3.655030339499987235e-07
3.871367590946306336e-07
4.063110725649465849e-07
4.229280357037623617e-07
4.360635784683708494e-07
4.456921793849488722e-07
4.521645970978482865e-07
4.550057721708355984e-07
4.541564970761413633e-07
4.494645975405830995e-07
4.413341390119285279e-07
4.298548235137644724e-07
4.150929694413107995e-07
3.969984473384258195e-07
3.765970700841947405e-07
3.536165511519584470e-07
3.285344862824501888e-07
3.020165830758259062e-07
2.740720342897517980e-07
2.455328578232496284e-07
2.166713922724383679e-07
1.880043143387410964e-07
1.599220371684140218e-07
1.329045589137933803e-07
1.074579457638336066e-07
8.395744077738243050e-08
6.276976027841385530e-08
4.424356558896391789e-08
2.868882587048204869e-08
1.627103840551313851e-08
7.284704395260632737e-09
1.827854978486698201e-09
0.000000000000000000e+00
