0.000000000000000000e+00
7.368584631350927339e-10
2.912679319955202573e-09
6.515795680783753596e-09
1.149476802630999828e-08
1.777577496309135086e-08
2.526933884361426408e-08
3.379275359538524981e-08
4.323226143743141847e-08
5.344685916064406683e-08
6.429834575882864556e-08
7.555075309806369432e-08
8.710730592387250226e-08
9.878793949535946695e-08
1.102884561454686718e-07
1.213695565160932688e-07
1.320993180398133404e-07
1.421543524005031145e-07
1.514028945548417937e-07
1.596529830560911023e-07
1.668433482482356567e-07
1.727866929535082363e-07
1.774818376709674794e-07
1.807422155275517639e-07
1.825296255253405775e-07
1.829520068774570518e-07
1.818052045576834530e-07
1.793426035456846535e-07
1.753071169341424707e-07
1.699914435882021735e-07
1.634053016230652133e-07
1.556578621553228459e-07
1.468890387101851047e-07
1.372401006172196958e-07
1.268170193302609050e-07
1.158781827159671707e-07
1.045861797166480756e-07
9.295711711487797402e-08
8.130078965606912789e-08
6.990888512525827991e-08
5.882598863582444437e-08
4.826526078804960207e-08
3.842222329186739671e-08
2.942847432407802444e-08
2.139940924461569693e-08
1.448913666823870017e-08
8.855202238144954663e-09
4.550024135241415024e-09
1.671143889936388405e-09
2.186331116149631271e-10
1.973858854142918062e-10
1.661934589947122731e-09
4.593671887320738279e-09
8.885871705111014762e-09
1.454796416666681580e-08
2.139964405678540516e-08
2.941504750886281272e-08
3.840916218411649652e-08
4.826420574310930078e-08
5.885406673122872689e-08
6.995273538201729480e-08
8.138541196522908194e-08
9.298636305388185974e-08
1.045526538678842599e-07
1.159310732967711033e-07
1.269519901425653075e-07
1.372879767647106064e-07
1.470319339613723741e-07
1.557346152036842568e-07
1.634479455114856705e-07
1.701325174074952429e-07
1.754166045753180470e-07
1.792899444463813552e-07
1.818936321562603098e-07
1.830365704558190032e-07
1.826949298511237885e-07
1.808075082987414817e-07
1.775368426715218106e-07
1.729190213239917284e-07
1.669807189186300889e-07
1.597017733612204893e-07
1.514948381187153359e-07
1.422503889125792398e-07
1.321605397341940602e-07
1.214930916981771247e-07
1.102517430684457622e-07
9.877119577783588511e-08
8.716100674543980631e-08
7.562901549462708317e-08
6.433226995561369677e-08
5.346387332849644736e-08
4.322739100004469037e-08
3.377377844060447387e-08
2.525055209368076703e-08
1.779796809930900281e-08
1.154072570841435663e-08
6.545389119594346994e-09
2.930430342829026813e-09
7.352943809380008133e-10
0.000000000000000000e+00
