0.000000000000000000e+00
2.513460923836419170e-07
4.398754084311562451e-07
5.824362374617919613e-07
6.937876764201433843e-07
7.803938448791569726e-07
8.488904242875960904e-07
9.045794289175290714e-07
9.497200738062261394e-07
9.869267230122602541e-07
1.017910174372360643e-06
1.043570584946529323e-06
1.065814638989692753e-06
1.084887466862305416e-06
1.100773182050041044e-06
1.115149795727354842e-06
1.127182737037379923e-06
1.137762462355418336e-06
1.147468183804178921e-06
1.155474037228820805e-06
1.162937525500673530e-06
1.169363211817042725e-06
1.175459387492416852e-06
1.180382780074928917e-06
1.184865230263731917e-06
1.189459117534319432e-06
1.193188225667718427e-06
1.196531466574057845e-06
1.199527701611913244e-06
1.202210174300333279e-06
1.204607364524434843e-06
1.206494732008955850e-06
1.208392761853360753e-06
1.210157934417033232e-06
1.211782831522789650e-06
1.213057457483124324e-06
1.213751493978065810e-06
1.215068930693341542e-06
1.215822708622305015e-06
1.216176154672510279e-06
1.216616589805319393e-06
1.217146453513784365e-06
1.216892529742885642e-06
1.217039540146735987e-06
1.217125292662935010e-06
1.216821860938743782e-06
1.216367213174862627e-06
1.215757707506703866e-06
1.214988425202179201e-06
1.214053059084285735e-06
1.212943803396981934e-06
1.211651215693443362e-06
1.210007143814806341e-06
1.208468976554577523e-06
1.206550422239160980e-06
1.204390125741916506e-06
1.201966810859822488e-06
1.198839317484434730e-06
1.196227833344387648e-06
1.192589193621529375e-06
1.188915978445059807e-06
1.184876949333890650e-06
1.180013096568899300e-06
1.174932249825566544e-06
1.169051487726058269e-06
1.162272914911888222e-06
1.154836818395565956e-06
1.146621097625200036e-06
1.136919638877742500e-06
1.126085445557478693e-06
1.113567860810960042e-06
1.099660606906915916e-06
1.083209052454847665e-06
1.064071146417155944e-06
1.041651488509209855e-06
1.014947791810882904e-06
9.832344074478527318e-07
9.455210063791241737e-07
8.997765933438373054e-07
8.432623548326745322e-07
7.723698426387315408e-07
6.843809664536237847e-07
5.710951759274607298e-07
4.240624441598228600e-07
2.293316329060601788e-07
2.810395327568215862e-08
3.777470479748856746e-07
8.454986751837978431e-07
1.463206604990219262e-06
2.231769173799413863e-06
3.069993484094979408e-06
3.766487159606590751e-06
4.027639549097905558e-06
3.716671473252830538e-06
2.991546408925849221e-06
2.151598916033670150e-06
1.396124813202170856e-06
7.937209111075205215e-07
3.382675938246038072e-07
3.330669073875469621e-16
