0.000000000000000000e+00
4.690194299605821016e-08
8.208206037085830076e-08
1.086841155961693062e-07
1.294628012571408249e-07
1.456237498365098304e-07
1.584053627157189226e-07
1.687971101782537175e-07
1.772204748506922556e-07
1.841633350263549573e-07
1.899449248998763551e-07
1.947331772500504599e-07
1.988840053757101600e-07
2.024430637570517888e-07
2.054073399149203283e-07
2.080900899370519141e-07
2.103354560523129635e-07
2.123096393136236770e-07
2.141207816608314829e-07
2.156146678977677311e-07
2.170073902796332277e-07
2.182064214872880825e-07
2.193440109543587369e-07
2.202627009673108205e-07
2.210991293383202105e-07
2.219563979277694443e-07
2.226522600734526236e-07
2.232761168174945965e-07
2.238352213579375416e-07
2.243357771769538545e-07
2.247831009105638600e-07
2.251352626547742375e-07
2.254894390096850998e-07
2.258188396275784271e-07
2.261220564125920873e-07
2.263599058194287750e-07
2.264893836922965420e-07
2.267352517959508873e-07
2.268759088375205124e-07
2.269418429845515561e-07
2.270240290203062727e-07
2.271229235795146906e-07
2.270755102840027462e-07
2.271029527767254308e-07
2.271189758484837284e-07
2.270623536970717282e-07
2.269775148944219723e-07
2.268637804281325998e-07
2.267202284800262646e-07
2.265456874317450797e-07
2.263386962297886384e-07
2.260974971690643542e-07
2.257906994707070680e-07
2.255036857246039972e-07
2.251456769908344313e-07
2.247425620049980921e-07
2.242903652804884018e-07
2.237067354693422772e-07
2.232194549200983147e-07
2.225404532874009078e-07
2.218550357868664946e-07
2.211013545583284667e-07
2.201937343571103156e-07
2.192456469707337874e-07
2.181482798846445803e-07
2.168833704851991229e-07
2.154957753353059502e-07
2.139627146569011984e-07
2.121523859921481403e-07
2.101306962876137163e-07
2.077948583201205679e-07
2.051997672891658908e-07
2.021298629584222795e-07
1.985586842723208179e-07
1.943751181121555760e-07
1.893921189877190159e-07
1.834742761053220761e-07
1.764368936507665353e-07
1.679008919674984668e-07
1.573551832168007536e-07
1.441263246526602870e-07
1.277074866967708999e-07
1.065680425016424238e-07
7.913131960801678133e-08
4.279359455683362512e-08
5.244279233096449389e-09
7.048962535893821268e-08
1.577731539859072996e-07
2.730398841466197268e-07
4.164569989972832786e-07
5.728724828957254545e-07
7.028414937826354958e-07
7.515739997021597674e-07
6.935472073310577912e-07
5.582339039911232703e-07
4.014960817144697103e-07
2.605216465889625965e-07
1.481109114243039926e-07
6.312179590128863538e-08
5.551115123125782702e-16
