0.000000000000000000e+00
1.314433498711409243e-07
2.297842238707659135e-07
3.047631089714286645e-07
3.626141344970079672e-07
4.080932007877180467e-07
4.440674497008245680e-07
4.730280895870464519e-07
4.966310396259387971e-07
5.158590234977111777e-07
5.322855153311323306e-07
5.457010776588333556e-07
5.572535358711050435e-07
5.670130286405949960e-07
5.757866100575270707e-07
5.828554030529176089e-07
5.895188422977426512e-07
5.951106132329186948e-07
6.000256466132114497e-07
6.043634619423698950e-07
6.081134533708620893e-07
6.116193850269624477e-07
6.146606829071643574e-07
6.173761684102885283e-07
6.196651849421641600e-07
6.218422708981208302e-07
6.239300331944974687e-07
6.255929305698515464e-07
6.271601091789591464e-07
6.286470564109691850e-07
6.299003949550296966e-07
6.308867823712205336e-07
6.317966266822239163e-07
6.327554049612160725e-07
6.336519867700118880e-07
6.343184070223273352e-07
6.346807508439411549e-07
6.352430951261922587e-07
6.357641813004022424e-07
6.359941391309575920e-07
6.362243174518056321e-07
6.364562818994556892e-07
6.364037087314144969e-07
6.365260585283749606e-07
6.363191240588150777e-07
6.362865726527999755e-07
6.360488650214435324e-07
6.356035084920108602e-07
6.352009711552142335e-07
6.347115230065369929e-07
6.342589855545810451e-07
6.335012898706082751e-07
6.327234268743708867e-07
6.319193851522797445e-07
6.308333287963208136e-07
6.297033919855365980e-07
6.283032475407068773e-07
6.271023360593375173e-07
6.253841444703311936e-07
6.236670926362819500e-07
6.217827841492606922e-07
6.195845727585691520e-07
6.170413215933479023e-07
6.143850757034385879e-07
6.111634888172901015e-07
6.078582579505109607e-07
6.039718962735918240e-07
5.995827548899157478e-07
5.946077266116844839e-07
5.889453567053948291e-07
5.821974150554964922e-07
5.749238234376008450e-07
5.664276976347082382e-07
5.563080804904529941e-07
5.444966454382083043e-07
5.306457118159357833e-07
5.143806981466880757e-07
4.941902574939760484e-07
4.702521931854164450e-07
4.405163611664875134e-07
4.042146066751683975e-07
3.575283085144320694e-07
2.984305036424217406e-07
2.217633091605719642e-07
1.204845881952465447e-07
1.469752575200544698e-08
1.967356653143070844e-07
4.428334137163147943e-07
7.661161093297508273e-07
1.166621982684468151e-06
1.606772548234935982e-06
1.971345959250747626e-06
2.111320821063245035e-06
1.944117362762121104e-06
1.565712214990355733e-06
1.127414748447463921e-06
7.310065679444477382e-07
4.162478330904662016e-07
1.769083209923749678e-07
1.554312234475219157e-15
