0.000000000000000000e+00
5.286495452505590720e-08
9.241762721767798894e-08
1.225750880795573039e-07
1.458439610191319957e-07
1.641369542504378387e-07
1.786069186993088920e-07
1.902558971478285343e-07
1.997499009531722436e-07
2.074840105281694491e-07
2.140916167681083948e-07
2.194878168104708038e-07
2.241347609732713408e-07
2.280604592952428789e-07
2.315897658089483002e-07
2.344330539694183813e-07
2.371135541245905642e-07
2.393628504293587866e-07
2.413399264877824635e-07
2.430848231593785158e-07
2.445932334449452128e-07
2.460035364304502536e-07
2.472269093889423175e-07
2.483192254043586900e-07
2.492399255871191599e-07
2.501156669554305267e-07
2.509555420138198656e-07
2.516244246297816289e-07
2.522548321337581001e-07
2.528529858825123711e-07
2.533571515916932526e-07
2.537538746905099174e-07
2.541198397265631570e-07
2.545055367564330595e-07
2.548662512147359394e-07
2.551343210033252262e-07
2.552799998056798358e-07
2.555062297293630991e-07
2.557158926830283008e-07
2.558083705972435951e-07
2.559009623093189134e-07
2.559942915425494903e-07
2.559730930551396000e-07
2.560223600900357610e-07
2.559390670509031906e-07
2.559260257051221288e-07
2.558304061928140527e-07
2.556512095353014047e-07
2.554892850614720601e-07
2.552923974441512200e-07
2.551104210102295156e-07
2.548056052820157902e-07
2.544927053538259543e-07
2.541693000512879053e-07
2.537324074181057654e-07
2.532778816677350164e-07
2.527146076847230916e-07
2.522316152608894413e-07
2.515404052827463488e-07
2.508497509712270812e-07
2.500918049319622583e-07
2.492075605875498923e-07
2.481845018387218715e-07
2.471160446271269961e-07
2.458200790700360017e-07
2.444906129772661529e-07
2.429273107118490316e-07
2.411617692210654695e-07
2.391605609108893304e-07
2.368828690979540852e-07
2.341683785767045833e-07
2.312426746753359907e-07
2.278251587384261256e-07
2.237545289052178532e-07
2.190033379090294829e-07
2.134318632940335192e-07
2.068895340601173416e-07
1.987678635018141904e-07
1.891391017139198993e-07
1.771782000004051838e-07
1.625768780710856731e-07
1.437980358121038194e-07
1.200280072000126097e-07
8.919175609189977649e-08
4.845738998948689868e-08
5.911043210460320552e-09
7.912089627915008805e-08
1.780905461989945593e-07
3.080871697758169603e-07
4.691112581722833852e-07
6.460643917627351129e-07
7.926126985857706586e-07
8.488945036910777731e-07
7.816681063532726625e-07
6.295583072635224653e-07
4.533563849884458818e-07
2.939660900258544984e-07
1.673995668749483912e-07
7.114717570644302214e-08
1.332267629550187849e-15
