0.000000000000000000e+00
2.056274140960212549e-07
2.345888385768546414e-07
2.833441138383463453e-07
3.488111032234897380e-07
4.323585884868919038e-07
5.315522655369164795e-07
6.440555707643014216e-07
7.699742022859723534e-07
9.052636669171221229e-07
1.047969350964628177e-06
1.198176629357838863e-06
1.351407761807088548e-06
1.504635016691402427e-06
1.657203917981853181e-06
1.805682070754599522e-06
1.947157392656606589e-06
2.080360859024743547e-06
2.203515381160592312e-06
2.312631703360601421e-06
2.408484986227144020e-06
2.487664776507081399e-06
2.548621110265436585e-06
2.593561809760558390e-06
2.616513419706478771e-06
2.622850330369352889e-06
2.607454724246061062e-06
2.573855848675421498e-06
2.519664010769417928e-06
2.451293417138344921e-06
2.362502425912182957e-06
2.260162815681532322e-06
2.142857773779205388e-06
2.015658926213248492e-06
1.878100880814415063e-06
1.733329365261049304e-06
1.581756704727155238e-06
1.428831122973761580e-06
1.274448606647382576e-06
1.123525947943626591e-06
9.775889414642691122e-07
8.374446873737895203e-07
7.070120791041745179e-07
5.877038599111372719e-07
4.795610906160874265e-07
3.881186516618839732e-07
3.141414387508589812e-07
2.570536152823876819e-07
2.172281469148273914e-07
3.781619656306745014e-07
3.752868491524452565e-07
2.179665311574652264e-07
2.568125659907494196e-07
3.138631384791423784e-07
3.884375188167865645e-07
4.807957146857333441e-07
5.861599003953443798e-07
7.060864505303854344e-07
8.368144434056645764e-07
9.758604521126201803e-07
1.122574468492842925e-06
1.274890198077471837e-06
1.428096602862360953e-06
1.581363149982806249e-06
1.732214336969128965e-06
1.877695926855160735e-06
2.014500037006428101e-06
2.143762393713721792e-06
2.260442663493122950e-06
2.362172191294753532e-06
2.450979750934223489e-06
2.519902576936239313e-06
2.573904009040006713e-06
2.607354930295180395e-06
2.621884853670763960e-06
2.617299084239910201e-06
2.593232514502830099e-06
2.548697622284379349e-06
2.487937609041424025e-06
2.408766593187117167e-06
2.313654315799773542e-06
2.202967993913951261e-06
2.080857247399592325e-06
1.947340775410033586e-06
1.806433119089234651e-06
1.657563088008906504e-06
1.505388906086757572e-06
1.351545030670031622e-06
1.198193188667318054e-06
1.049433249189490880e-06
9.063131282127656618e-07
7.707943306956011043e-07
6.456783095964979680e-07
5.318174080004567372e-07
4.311997512385090658e-07
3.490828460739336947e-07
2.835051327032545032e-07
2.346240286499323702e-07
2.049328512443437944e-07
0.000000000000000000e+00
