0.000000000000000000e+00
3.854749019982506297e-08
4.395184138861196743e-08
5.304981998133229126e-08
6.526628038017179279e-08
8.085663905088580350e-08
9.936663181164817615e-08
1.203602333355036080e-07
1.438571659573284478e-07
1.691026907391091072e-07
1.957320674428331131e-07
2.237612199973426641e-07
2.523545853394537630e-07
2.809471748577152539e-07
3.094168724571133566e-07
3.371231720450396097e-07
3.635226860643214764e-07
3.883786194869287556e-07
4.113593720100894302e-07
4.317205642978549918e-07
4.496068306547584825e-07
4.643818031224711262e-07
4.757562643842305761e-07
4.841421981094384819e-07
4.884249626968539815e-07
4.896074228266655837e-07
4.867345984038706774e-07
4.804650315382019699e-07
4.703528161398295993e-07
4.575948409080154988e-07
4.410263971799111005e-07
4.219297569107993695e-07
4.000405280368823924e-07
3.763050711036441953e-07
3.506365463534777405e-07
3.236219279223462308e-07
2.953381527115439553e-07
2.668018730389576376e-07
2.379936742125110527e-07
2.098310500908695531e-07
1.825987157033637232e-07
1.564472855708487486e-07
1.321080428384746597e-07
1.098446251734941370e-07
8.966470288473971095e-08
7.260111622997555969e-08
5.879661069130293072e-08
4.814374321426839742e-08
4.071210701894756312e-08
6.072262093148594886e-08
6.629645954436824695e-08
4.084989868591293316e-08
4.809876719136241263e-08
5.874469333200238452e-08
7.266063273281275769e-08
8.989510413837109581e-08
1.095565371755924389e-07
1.319353375439646925e-07
1.563297018503106983e-07
1.822761973580000472e-07
2.096535250961650831e-07
2.380761056075542115e-07
2.666648405424965063e-07
2.952647404352859439e-07
3.234138905572336853e-07
3.505610095544398064e-07
3.760888529491523968e-07
4.002093616506385843e-07
4.219820086692749328e-07
4.409648124426013283e-07
4.575363434788926043e-07
4.703973676134509674e-07
4.804740458830281113e-07
4.867159955068700583e-07
4.894272775946006959e-07
4.885715734204154614e-07
4.840807490413823189e-07
4.757705338587214783e-07
4.644327068481501897e-07
4.496593712932650533e-07
4.319113735551383115e-07
4.112572231651512311e-07
3.884712337365314738e-07
3.635568960325130661e-07
3.372633117226797594e-07
3.094838811890099350e-07
2.810878433345820326e-07
2.523801915232937176e-07
2.237643028646374432e-07
1.960052306015924728e-07
1.692985169832184056e-07
1.440101945471283784e-07
1.206630357852844782e-07
9.941609580010890568e-08
8.064038481414570469e-08
6.531698326650570152e-08
5.307986428171318494e-08
4.395840369486592181e-08
3.841787921121664340e-08
0.000000000000000000e+00
