0.000000000000000000e+00
1.558428863734917513e-08
1.775830293926361492e-08
2.141816080047931337e-08
2.633249363004352972e-08
3.260405134763999513e-08
4.005009512919599501e-08
4.849522550198770432e-08
5.794737623077139688e-08
6.810293529113664590e-08
7.881518560015621233e-08
9.009052337471956662e-08
1.015928332570581460e-07
1.130948323879721329e-07
1.245473976174693576e-07
1.356928706064408630e-07
1.463126614309473439e-07
1.563115178404572703e-07
1.655560356583762882e-07
1.737467814066917526e-07
1.809419379883436818e-07
1.868854990760837609e-07
1.914611332809457167e-07
1.948345617064362045e-07
1.965573963591538131e-07
1.970330603118242152e-07
1.958773984123141076e-07
1.933553184230163424e-07
1.892874491593588004e-07
1.841552564885162724e-07
1.774902252948962200e-07
1.698081704137877068e-07
1.610027330345431551e-07
1.514546105196856729e-07
1.411288682584554977e-07
1.302616301490644446e-07
1.188838493204613656e-07
1.074044968518705900e-07
9.581576476680453425e-08
8.448672561556236360e-08
7.353192399417451952e-08
6.301193378188685301e-08
5.322094576154512424e-08
4.426500266330180011e-08
3.614718813160777700e-08
2.928299103199805131e-08
2.372983021192709430e-08
1.944448912993834711e-08
1.645495262270202375e-08
2.012419919594776729e-08
2.503752660754088311e-08
1.651038228356327409e-08
1.942639538121682108e-08
2.370895002545836405e-08
2.930693876468382086e-08
3.623987976375531161e-08
4.414911636274609918e-08
5.315147766360439618e-08
6.296464194477380261e-08
7.340219243534562565e-08
8.441532239888971390e-08
9.584893001512995170e-08
1.073493799408353766e-07
1.188543278241027679e-07
1.301779533058322613e-07
1.410984897809441918e-07
1.513676386455387046e-07
1.610706562571451173e-07
1.698291973717402925e-07
1.774654626585103756e-07
1.841317390782748475e-07
1.893053782620057746e-07
1.933589532931989652e-07
1.958699215043324671e-07
1.969606011620328445e-07
1.966163775124485369e-07
1.948098409254583885e-07
1.914668703584254672e-07
1.869059718107024537e-07
1.809630657545469035e-07
1.738235387849229596e-07
1.655149429735658373e-07
1.563487684874687034e-07
1.463264226453375727e-07
1.357492404041593659e-07
1.245743492805928554e-07
1.131514167918012959e-07
1.016031317968568715e-07
9.009176316077116553e-08
7.892506681539401825e-08
6.818170750211294262e-08
5.800893210228252883e-08
4.861702807001933024e-08
4.006999032579727782e-08
3.251705660289871958e-08
2.635288842700589385e-08
2.143024468992393849e-08
1.776094460392840801e-08
1.553214767913146943e-08
0.000000000000000000e+00
