0.000000000000000000e+00
1.837748131450211986e-08
7.625971476521442582e-08
1.764327706155199849e-07
3.169767079924667996e-07
4.943898850306993609e-07
6.991596619432272064e-07
9.347436720208435190e-07
1.198868790464047152e-06
1.489254716879884199e-06
1.791158084185617838e-06
2.103181331869485859e-06
2.427064233700981788e-06
2.752872260480820898e-06
3.076112283784127044e-06
3.387029516410677843e-06
3.685198789460386593e-06
3.960197418440003503e-06
4.216958918501489961e-06
4.454831177058693470e-06
4.656124598101385459e-06
4.824863136354551330e-06
4.951766221172881899e-06
5.042117897424702733e-06
5.093443257608853969e-06
5.105711949116020776e-06
5.077547271858939837e-06
5.002747394233786338e-06
4.889607725599987020e-06
4.743741213175667326e-06
4.562336046509685161e-06
4.338196990971709965e-06
4.089138303964290344e-06
3.825316732153360988e-06
3.540226511722366354e-06
3.231385251267759884e-06
2.911847726494443123e-06
2.589973579825155525e-06
2.267860092053375354e-06
1.946001376151862416e-06
1.637021743161604093e-06
1.340809917760310555e-06
1.064276047957335436e-06
8.120477810180659617e-07
5.905272872919198335e-07
4.012614388537727450e-07
2.407480831356778594e-07
1.191045474469021315e-07
3.840263573806623754e-08
1.339864885707697795e-09
2.154201261816979240e-10
4.030014144618121463e-08
1.217597369596035151e-07
2.436037388475753573e-07
3.996160098385104220e-07
5.899401679387850095e-07
8.119523575711440344e-07
1.062780321081646662e-06
1.341006872213057477e-06
1.637258298048394067e-06
1.944133747766585429e-06
2.262913387784948327e-06
2.589117479967484314e-06
2.914454327318516391e-06
3.233580980088746060e-06
3.540620963526919240e-06
3.826467805945199530e-06
4.094628169526437489e-06
4.346480119821194421e-06
4.567836096924793310e-06
4.746819912915256623e-06
4.887350794735567661e-06
5.002647267660087493e-06
5.075829419221022931e-06
5.111670895896480715e-06
5.099551533493951183e-06
5.052217409096115830e-06
4.955543803641937473e-06
4.818281817864367156e-06
4.657248951156489625e-06
4.461587778781250790e-06
4.228606826028880050e-06
3.960014774984088604e-06
3.684234684220299982e-06
3.390347282694605724e-06
3.079188432897339567e-06
2.761341773571679425e-06
2.434533750594880530e-06
2.107045993904321790e-06
1.790448570626601565e-06
1.490265890469189003e-06
1.202086148621717143e-06
9.348434811817796231e-07
6.998023370785588781e-07
4.938142907917608682e-07
3.209867753817263747e-07
1.794009124589379667e-07
7.757515041451057414e-08
1.893591550228279630e-08
0.000000000000000000e+00
