0.000000000000000000e+00
1.012706229730486740e-05
1.179994405531292756e-05
1.233205555117855567e-05
1.256308590180665874e-05
1.268392962916475852e-05
1.275465785610663261e-05
1.279958528987990007e-05
1.282992999662724287e-05
1.285154872532334736e-05
1.286754339824280891e-05
1.287963735707720048e-05
1.288896220530411085e-05
1.289642913904209820e-05
1.290242562368426604e-05
1.290733955938705435e-05
1.291138561088089887e-05
1.291484393894926086e-05
1.291774815292967560e-05
1.292012370912587471e-05
1.292234298055916497e-05
1.292420177612108034e-05
1.292578257783283391e-05
1.292727874124821597e-05
1.292846561440352815e-05
1.292961848720075579e-05
1.293060747975527391e-05
1.293148925207709965e-05
1.293227749488146117e-05
1.293301164118076940e-05
1.293358093867880143e-05
1.293418662517975548e-05
1.293472603869361137e-05
1.293518615996802623e-05
1.293559970338975518e-05
1.293594369999873095e-05
1.293630364251896481e-05
1.293653958911455959e-05
1.293686547332306702e-05
1.293709970240364271e-05
1.293727865414595612e-05
1.293748487385393275e-05
1.293761213660982179e-05
1.293776917732358811e-05
1.293778958055824546e-05
1.293787483624964096e-05
1.293799851975752091e-05
1.293798136747792427e-05
1.293803018898032064e-05
1.293800496460217886e-05
1.293807259650225916e-05
1.293794632251099586e-05
1.293794567835959697e-05
1.293789054979122000e-05
1.293772649368918337e-05
1.293765993981565998e-05
1.293744904917737415e-05
1.293733403129326831e-05
1.293707142613342853e-05
1.293690234205335798e-05
1.293664244472747527e-05
1.293628867016227701e-05
1.293599577800730316e-05
1.293563040993817026e-05
1.293525078804869111e-05
1.293479792230378678e-05
1.293423069081978127e-05
1.293370626842538229e-05
1.293304592708821588e-05
1.293235066279763146e-05
1.293164098026267084e-05
1.293074565722474034e-05
1.292970564914508458e-05
1.292868059865615038e-05
1.292740613023646290e-05
1.292607903802256430e-05
1.292448829171011226e-05
1.292266790986484892e-05
1.292057235469101784e-05
1.291814384429823548e-05
1.291522576996051441e-05
1.291196846553432920e-05
1.290799697351019404e-05
1.290312714663510718e-05
1.289740599141886435e-05
1.289011190275246577e-05
1.288114418296348873e-05
1.286946962852919540e-05
1.285423203312152651e-05
1.283362574788782240e-05
1.280493984023856058e-05
1.276240862879696181e-05
1.269691515781712354e-05
1.258636320922157381e-05
1.237796067155016999e-05
1.191578694781370018e-05
1.054067286943016768e-05
3.309704860510187530e-06
7.199818759096032750e-05
1.517666115002924698e-08
