0.000000000000000000e+00
1.154473858799853758e-05
1.345283245890449564e-05
1.405983527325016524e-05
1.432339495521794959e-05
1.446126084647669785e-05
1.454195080718978517e-05
1.459320629226823485e-05
1.462782475569746055e-05
1.465248893506299055e-05
1.467073719185751912e-05
1.468453486619392123e-05
1.469517327923330896e-05
1.470369213962818833e-05
1.471053336843386461e-05
1.471613955406070318e-05
1.472075556852026068e-05
1.472470112151569310e-05
1.472801447099936212e-05
1.473072451818602246e-05
1.473325657963542312e-05
1.473537724128171078e-05
1.473718063782492038e-05
1.473888771452713797e-05
1.474024167136267494e-05
1.474155705194490906e-05
1.474268537859924066e-05
1.474369137044462263e-05
1.474459065753386255e-05
1.474542825485869457e-05
1.474607765206137344e-05
1.474676874835267881e-05
1.474738417694965165e-05
1.474790911937251536e-05
1.474838092596630901e-05
1.474877336127278227e-05
1.474918403898684005e-05
1.474945312929243357e-05
1.474982501548094405e-05
1.475009224338741376e-05
1.475029638642322283e-05
1.475053168231710288e-05
1.475067684597597406e-05
1.475085603508397014e-05
1.475087920255191420e-05
1.475097647385403832e-05
1.475111766813252956e-05
1.475109801218899008e-05
1.475115372573387873e-05
1.475112492987928903e-05
1.475120219596171012e-05
1.475105802961618195e-05
1.475105738080184636e-05
1.475099450487515895e-05
1.475080724544497457e-05
1.475073140788651926e-05
1.475049071442136039e-05
1.475035958742321185e-05
1.475005989470812295e-05
1.474986707894476723e-05
1.474957056057935034e-05
1.474916686206029226e-05
1.474883277852168106e-05
1.474841593640530135e-05
1.474798285228118289e-05
1.474746618945754761e-05
1.474681894342300126e-05
1.474622072339393242e-05
1.474546726643044536e-05
1.474467405315760260e-05
1.474386449829001577e-05
1.474284302205308705e-05
1.474165638559732372e-05
1.474048703808961136e-05
1.473903291948630567e-05
1.473751899527808717e-05
1.473570414967095843e-05
1.473362730985972036e-05
1.473123654227581625e-05
1.472846590555576540e-05
1.472513657985174973e-05
1.472142056602177007e-05
1.471688957910277651e-05
1.471133350650077887e-05
1.470480659693240710e-05
1.469648469620832287e-05
1.468625391565225868e-05
1.467293442103390078e-05
1.465555024759979119e-05
1.463204112417404446e-05
1.459931516056833800e-05
1.455079196099884342e-05
1.447607541305018231e-05
1.434995444538067488e-05
1.411219723390644276e-05
1.358498084202963696e-05
1.201638388648174072e-05
3.773497232684164260e-06
8.120805170919176419e-05
1.810021132975236924e-08
