0.000000000000000000e+00
4.128835051631085662e-10
1.685624084757364471e-09
3.772766765663959632e-09
6.730226709272812968e-09
1.043003361456129596e-08
1.482235478800220108e-08
1.984892805673155181e-08
2.546171473660763240e-08
3.149838878613309134e-08
3.793162817178341584e-08
4.446062029650477143e-08
5.121198731750098432e-08
5.804414371368693537e-08
6.497934057492216198e-08
7.155536985159471897e-08
7.773547805456360038e-08
8.362887637947125086e-08
8.917085370097055375e-08
9.401856548851839079e-08
9.832856817659774151e-08
1.017723335605680290e-07
1.045795242626823551e-07
1.065197177130272621e-07
1.074977487025563505e-07
1.078007598742658502e-07
1.071693584986377346e-07
1.057298705253728599e-07
1.031916663229992537e-07
1.001093493657734257e-07
9.630645281255567625e-08
9.175587156740050432e-08
8.651562077854890731e-08
8.077656898919371997e-08
7.474714158739459435e-08
6.824439180430630358e-08
6.142278841103632203e-08
5.467203156861444313e-08
4.790907581764258794e-08
4.121727315009593440e-08
3.469134357558800730e-08
2.844749058539264297e-08
2.262459997126597955e-08
1.728832743630448476e-08
1.262841120563962249e-08
8.596076406242048051e-09
5.235669453540481300e-09
2.683386624013905930e-09
9.984766347059803593e-10
1.479523170644370111e-10
2.003449628418252360e-10
1.091398527108822236e-09
2.783600905331695685e-09
5.321085350118437418e-09
8.682278784810648631e-09
1.266899307683644338e-08
1.738980870413797675e-08
2.266558418728692459e-08
2.844884350317045119e-08
3.464240805328699935e-08
4.115200558096887562e-08
4.803080355664235412e-08
5.484972886993233487e-08
6.161119348035981602e-08
6.836320620706715090e-08
7.491967179973357815e-08
8.090520653425414821e-08
8.648479066231118395e-08
9.182876636870673792e-08
9.649227683539152167e-08
1.002765975810504528e-07
1.032602587880404599e-07
1.056551657274695799e-07
1.073710239607450490e-07
1.078692311029527673e-07
1.075926016058659229e-07
1.065736061622857278e-07
1.045192609128164918e-07
1.018170329158962772e-07
9.829201963462708136e-08
9.419120183817852876e-08
8.932693906782418480e-08
8.373991866594820976e-08
7.788000733199851311e-08
7.155484749166163283e-08
6.499661331371697770e-08
5.818039938709773651e-08
5.134315572696834806e-08
4.449971979791911281e-08
3.785382918231050553e-08
3.151721506000626505e-08
2.541722454729722358e-08
1.981582320453867396e-08
1.482555589404910279e-08
1.047439313062170640e-08
6.772332916682444193e-09
3.783821256320152315e-09
1.664895776798402949e-09
4.305872325360837749e-10
0.000000000000000000e+00
