0.000000000000000000e+00
1.037107102636047884e-04
1.341131784183824394e-04
1.526823412173472505e-04
1.671653548273033252e-04
1.783813284005342226e-04
1.871193428270023773e-04
1.938476169426328610e-04
1.991032623758215436e-04
2.032604907644675052e-04
2.065353963781602076e-04
2.091476328559549458e-04
2.112159739916519285e-04
2.129043074030612104e-04
2.142715886097601441e-04
2.153830100913856072e-04
2.162883695475681378e-04
2.170226944669950697e-04
2.176183680990817493e-04
2.181225560720090328e-04
2.185464395320080300e-04
2.189009157743670997e-04
2.191788386781690079e-04
2.194327044166000107e-04
2.196424653975181940e-04
2.198036215419474360e-04
2.199480126771069521e-04
2.200621128827240369e-04
2.201699440744775416e-04
2.202521965113390934e-04
2.203091560709635743e-04
2.203661660954425727e-04
2.204185359967469893e-04
2.204521459473474110e-04
2.204800108207560783e-04
2.205090337246140564e-04
2.205347528015932923e-04
2.205613252213023401e-04
2.205804293313740061e-04
2.205981296550252324e-04
2.206020232348171461e-04
2.206085564776527619e-04
2.205985392481624174e-04
2.206066758719815724e-04
2.205997621091970728e-04
2.206011734717794326e-04
2.205964952464167794e-04
2.205796956823435906e-04
2.205624225247726500e-04
2.205414618486889466e-04
2.205161356575446874e-04
2.204780296860553435e-04
2.204505388696542667e-04
2.204142637722839027e-04
2.203599328360894560e-04
2.203111706418070526e-04
2.202400613849908595e-04
2.201628758218276971e-04
2.200470785413966013e-04
2.199305904098114439e-04
2.197959391615489366e-04
2.196157933723741351e-04
2.194064522583749621e-04
2.191580977868312630e-04
2.188708736331479443e-04
2.185257743275714759e-04
2.180931457498314074e-04
2.175737125430510233e-04
2.169627603517687575e-04
2.162209005229787095e-04
2.153105061010185395e-04
2.141599641730662640e-04
2.127780942301482625e-04
2.110643016711710729e-04
2.089254608714785633e-04
2.062471055076509074e-04
2.029060030265261716e-04
1.986608462941630293e-04
1.932759703040520805e-04
1.863436212887759069e-04
1.774064445875245255e-04
1.658792101625339299e-04
1.510130561249711789e-04
1.320324714086940077e-04
1.542055824749199999e-04
1.934283013924065209e-04
8.868791820537680337e-05
2.573926308624407966e-05
2.840978348217504390e-05
8.888247166760621099e-05
2.307338360104660424e-04
4.102375026416860138e-04
4.924310817248089833e-04
3.968491555356168377e-04
2.167652517613971597e-04
8.155996059322490055e-05
2.757124865215843101e-05
2.826806172917528670e-05
4.233606023584801648e-05
4.829036476250436749e-16
