0.000000000000000000e+00
6.837958157646095714e-06
1.031380680416305040e-05
1.188504922333688540e-05
1.309085081924177274e-05
1.394553305633650098e-05
1.495770220660830319e-05
1.612584498622560147e-05
1.741671114097176343e-05
1.880657753849934721e-05
2.027235917734238058e-05
2.181135403689360430e-05
2.338572901439128771e-05
2.495982037020727518e-05
2.652111036793858290e-05
2.804134635570054712e-05
2.949401205265544945e-05
3.087004704338536243e-05
3.212122177886911345e-05
3.323589191217557470e-05
3.421121907531965434e-05
3.502364615470821008e-05
3.566214017347579812e-05
3.609334483234416524e-05
3.635179062178028886e-05
3.640306993901720745e-05
3.624203856844587790e-05
3.588764759177021091e-05
3.533651589981978702e-05
3.461359198320135278e-05
3.371009864328033956e-05
3.265667806906513704e-05
3.145308800023283169e-05
3.013205697677268091e-05
2.871862419917547982e-05
2.721566660801588711e-05
2.566728325092970664e-05
2.409201142061778711e-05
2.250971597150819292e-05
2.094682963194038905e-05
1.942950742972460176e-05
1.799867557750189917e-05
1.665920727766945220e-05
1.542122699371706318e-05
1.432383631749800657e-05
1.338038363629667771e-05
1.366903155941567860e-05
1.685044780430633438e-05
2.204708851427650274e-05
2.483313095985595353e-05
2.530915339546413456e-05
2.161486608731610914e-05
1.638996608166465307e-05
1.337497449649394099e-05
1.338411194251598602e-05
1.431882419655750027e-05
1.541259250814608350e-05
1.665028764652465298e-05
1.799943683067350975e-05
1.943480769373007178e-05
2.094149615627927119e-05
2.250736014719478817e-05
2.408861682179352925e-05
2.566307177220839009e-05
2.721516255754785618e-05
2.871060128128988254e-05
3.013202190571551142e-05
3.145753881306223576e-05
3.264625846322033453e-05
3.369926447338578157e-05
3.460770363017395823e-05
3.534132099225484325e-05
3.588748739369318486e-05
3.623752269876767684e-05
3.639692135060101918e-05
3.634752869696722399e-05
3.609386107050749359e-05
3.565177981323941481e-05
3.502317104941976567e-05
3.421974174877551178e-05
3.324611173294300670e-05
3.212185437206915850e-05
3.085833791693914918e-05
2.949690824238793141e-05
2.804202788475596009e-05
2.652188874130434471e-05
2.495962299342568969e-05
2.338783848154779577e-05
2.181136426138152729e-05
2.027489356193346026e-05
1.880163746548202397e-05
1.742256522785368134e-05
1.613316774784490093e-05
1.496225171393472664e-05
1.394671874699326963e-05
1.305540776141977943e-05
1.188369335236583169e-05
1.015714299079650829e-05
7.085411248053397060e-06
0.000000000000000000e+00
