0.000000000000000000e+00
1.529479136674893880e-07
1.597156503718721865e-07
1.711097997736388265e-07
1.864099609116820488e-07
2.059342465443592118e-07
2.291154885813995179e-07
2.554077627170414644e-07
2.848328936044808302e-07
3.164534352340098167e-07
3.498058969153561293e-07
3.849085395968288026e-07
4.207186791171935170e-07
4.565318831861731041e-07
4.921875040864165385e-07
5.268893621401815608e-07
5.599553922763789160e-07
5.910882010518037077e-07
6.198691445691295598e-07
6.453758797375641620e-07
6.677782004027577045e-07
6.862850985278612370e-07
7.005371615020905551e-07
7.110428992262995962e-07
7.164098697609588839e-07
7.178928971285358784e-07
7.143009250754062123e-07
7.064557299152340875e-07
6.937977378163040498e-07
6.778223083925283277e-07
6.570796583504900923e-07
6.331694365480089459e-07
6.057607533360709340e-07
5.760398084087015036e-07
5.438949218783406536e-07
5.100651877532058620e-07
4.746511421682697573e-07
4.389163432705345258e-07
4.028448902237968809e-07
3.675773296851758687e-07
3.334737564975043256e-07
3.007258684295521789e-07
2.702485631944639977e-07
2.423701452869408968e-07
2.171048864019198277e-07
1.957398094720730342e-07
1.784497111190219698e-07
1.651112633282991737e-07
1.558068950524571505e-07
2.095682326563874653e-07
2.258374039998400917e-07
1.559767021097613338e-07
1.650533321129188380e-07
1.783839286284560899e-07
1.958084663300496686e-07
2.173880295774921478e-07
2.420082244602994592e-07
2.700294970958694307e-07
3.005754217744183165e-07
3.330681562774273630e-07
3.673499853196204867e-07
4.029382166814698962e-07
4.387384300308383445e-07
4.745511087422826790e-07
5.097984726587512228e-07
5.437921468676165659e-07
5.757606961198646900e-07
6.059593883334102316e-07
6.332211947013277609e-07
6.569918127308227440e-07
6.777374961242088602e-07
6.938410110901571670e-07
7.064567677517175071e-07
7.142677765914484667e-07
7.176567188293958566e-07
7.165789209784279024e-07
7.109531231508370297e-07
7.005428569462068822e-07
6.863379228283505995e-07
6.678327258979877001e-07
6.456023580181380339e-07
6.197336869240288593e-07
5.911928714352754355e-07
5.599881486295643640e-07
5.270518093070108989e-07
4.922610480351252704e-07
4.566964554308938773e-07
4.207426849145434744e-07
3.849049002857540813e-07
3.501370265945880078e-07
3.166875638394017756e-07
2.850176127333625686e-07
2.557780883760685242e-07
2.291719176650275358e-07
2.056614154533065175e-07
1.864716853150483189e-07
1.711428084805177718e-07
1.597233399985853453e-07
1.527867009576411306e-07
0.000000000000000000e+00
