0.000000000000000000e+00
6.160159526924502416e-08
6.432406662870704395e-08
6.890760950728491707e-08
7.506243460131400980e-08
8.291650310798814871e-08
9.224167241139724638e-08
1.028183188589437691e-07
1.146552293107561127e-07
1.273752950892159674e-07
1.407920661167239018e-07
1.549128915145914220e-07
1.693183225848216011e-07
1.837249870018098363e-07
1.980682697855229435e-07
2.120278771444716881e-07
2.253294357767998690e-07
2.378533209279609650e-07
2.494311071021826365e-07
2.596917790809172288e-07
2.687036172455137262e-07
2.761484376723188916e-07
2.818816515759436925e-07
2.861078159943630794e-07
2.882667821113571449e-07
2.888633486852754118e-07
2.874183780976480307e-07
2.842624448051722652e-07
2.791704533100514141e-07
2.727439423200195279e-07
2.643997121243302217e-07
2.547812477660116315e-07
2.437554512679795948e-07
2.317994963751957016e-07
2.188684559145670505e-07
2.052596536072925915e-07
1.910135253302414071e-07
1.766383724843834102e-07
1.621277989638514327e-07
1.479406133153560177e-07
1.342216691124775707e-07
1.210480838897964873e-07
1.087878982453105436e-07
9.757317354086580963e-08
8.740965740106076964e-08
7.881507768647821877e-08
7.185975103851660606e-08
6.649406403269608745e-08
6.275117614418235235e-08
7.362130727273097364e-08
8.790270722425219674e-08
6.281948561337458159e-08
6.647076455923439653e-08
7.183329708837504768e-08
7.884270603053522564e-08
8.752357405494848308e-08
9.742759887743090985e-08
1.086997940547007602e-07
1.209875873930954526e-07
1.340585301656815886e-07
1.478491796769176858e-07
1.621653639150011372e-07
1.765668286024535405e-07
1.909733112759326445e-07
2.051523841917202162e-07
2.188271399639063475e-07
2.316872482754916973e-07
2.438353866596187913e-07
2.548020993087263264e-07
2.643643993716082718e-07
2.727098574739628134e-07
2.791878889185639423e-07
2.842628911148281645e-07
2.874050684109619169e-07
2.887683622221359769e-07
2.883348032556298790e-07
2.860717129848922013e-07
2.818839498486269690e-07
2.761696921149692230e-07
2.687255598043947202e-07
2.597828880901431603e-07
2.493766240174721815e-07
2.378954312431957874e-07
2.253426212295295272e-07
2.120932292015709208e-07
1.980978575621961113e-07
1.837911968172178945e-07
1.693279815251358400e-07
1.549114264642881267e-07
1.409252721185083601e-07
1.274694809705323451e-07
1.147295376480172990e-07
1.029672902497225095e-07
9.226437058806880032e-08
8.280675856120467415e-08
7.508726329596981941e-08
6.892088721954792163e-08
6.432715649040687822e-08
6.153674758646587861e-08
0.000000000000000000e+00
