0.000000000000000000e+00
5.058742458263765229e-08
1.067867151371970635e-07
1.657205110916493140e-07
2.252786976963960797e-07
2.840214708976773750e-07
3.408337803101346708e-07
3.945836049012996227e-07
4.450641348796580132e-07
4.921491567611013807e-07
5.356500721864776438e-07
5.757072000234231268e-07
6.125524427691431129e-07
6.459908261646774008e-07
6.762945605753856171e-07
7.039933490604610711e-07
7.289564722956498599e-07
7.511867120557624844e-07
7.718285972568850184e-07
7.898656124716296745e-07
8.061222713795501704e-07
8.207196831033769513e-07
8.336889265603275589e-07
8.447739900940831603e-07
8.551027861347648695e-07
8.638438648844726231e-07
8.721530299071744707e-07
8.783975545822997333e-07
8.838730439775233094e-07
8.889365057385134605e-07
8.924131289500536468e-07
8.955691657153153074e-07
8.971193393714216313e-07
8.987962616391342863e-07
8.992957084563713011e-07
8.989302429096568403e-07
8.973423073488362434e-07
8.958379379420122746e-07
8.928875362412824757e-07
8.894606939868765494e-07
8.848101924474605084e-07
8.793779504578935757e-07
8.729359948222992216e-07
8.651500638112707975e-07
8.560765892839938829e-07
8.461199229037319469e-07
8.351347349222493222e-07
8.220249386736711017e-07
8.079166149421723730e-07
7.920379138104394201e-07
7.736545971637198704e-07
7.541026414425999747e-07
7.318845747228408527e-07
7.073207507479750689e-07
6.798931511120542837e-07
6.500089995142843691e-07
6.169413692136416216e-07
5.806631728777489343e-07
5.408072012436093701e-07
4.976611938101171972e-07
4.511730931078261619e-07
4.010988441383034342e-07
3.476665970669756689e-07
2.913081095234915097e-07
2.326853442147225337e-07
1.732136207799328531e-07
1.139394498750334606e-07
5.719648776825181358e-08
6.025263732389873894e-09
3.611073906562012326e-08
6.493301274446139359e-08
7.445040373088573915e-08
5.848605133529360955e-08
9.657284194553028556e-09
7.757888087489561713e-08
2.090913915342440532e-07
3.854975800798854380e-07
6.060036075172803294e-07
8.615476115858555772e-07
1.137344020851749349e-06
1.407661706087637299e-06
1.646709720914962816e-06
1.830103395272786315e-06
1.930580494802214275e-06
1.936136466929028188e-06
1.847474019656125677e-06
1.673295760618032091e-06
1.436363265217011076e-06
1.167433519411176235e-06
8.924211912786361722e-07
6.335821269853880722e-07
4.085535242337456907e-07
2.263091574139508566e-07
9.012542956376989878e-08
1.858254883302379312e-09
5.445294759542917973e-08
7.451590589013790122e-08
6.773063954135238873e-08
4.084473403942467939e-08
8.881784197001252323e-16
