0.000000000000000000e+00
1.073556787113405520e-04
1.994625818644291115e-04
2.741405583833733672e-04
3.325508164294666003e-04
3.780246903840600581e-04
4.131535058081725609e-04
4.403999442231798511e-04
4.615910196276162836e-04
4.779181129023202246e-04
4.909952119315219576e-04
5.011401347589927724e-04
5.089503264634753776e-04
5.153641776475259562e-04
5.203905872067648986e-04
5.244415723562045883e-04
5.276011325944240937e-04
5.302222202649975458e-04
5.324387958854925884e-04
5.339813151148398163e-04
5.354653294150635290e-04
5.364386679220789489e-04
5.373796509621220352e-04
5.381065790658334791e-04
5.386791303051419177e-04
5.390797208953967967e-04
5.394499115504158837e-04
5.397372016716639465e-04
5.399216882969737341e-04
5.400744775307941836e-04
5.401919417208356222e-04
5.402887340043571740e-04
5.403574727993465387e-04
5.403831951552584556e-04
5.405130161173499204e-04
5.404674865810976669e-04
5.405593171806666319e-04
5.405807735947565362e-04
5.405798285899043876e-04
5.405376273075468418e-04
5.405532190830841799e-04
5.405578628515650408e-04
5.405507181285296170e-04
5.405088386810641410e-04
5.405486492713329483e-04
5.405276638235090303e-04
5.405150009990533633e-04
5.405378394891524607e-04
5.405707402182935439e-04
5.405780939227167181e-04
5.405501211775964876e-04
5.404261992871806086e-04
5.403772140428753090e-04
5.403861663274556193e-04
5.402760513183446633e-04
5.402384992083675286e-04
5.401388710910559610e-04
5.399826938238261320e-04
5.397541619902579413e-04
5.394546302684988248e-04
5.390698691416506705e-04
5.386277223543567416e-04
5.380469693675449250e-04
5.372395874639890323e-04
5.362898165517382409e-04
5.351671023209325639e-04
5.337456006678786835e-04
5.320545559438505379e-04
5.298021080050174803e-04
5.271379276080567777e-04
5.237108795755895940e-04
5.195341048414015006e-04
5.142782383369404187e-04
5.078196599734852157e-04
4.994080711108184190e-04
4.890377954919200576e-04
4.757545447128253002e-04
4.586070125484065230e-04
4.366692817088235756e-04
4.085884436824116506e-04
3.718414399743741328e-04
3.240213348525422532e-04
2.622822360894838667e-04
1.834299307913456190e-04
8.367969152056620175e-05
3.440735311677212138e-05
1.571569100570213706e-04
2.449854005054374895e-04
1.958796160560494215e-04
1.494308293558122003e-04
9.163467706082562003e-04
1.843917007181672396e-03
2.330427024120673707e-03
2.021439352303810999e-03
1.118041448437634422e-03
3.074876584400199064e-04
8.616479991996328636e-05
1.687971668283827498e-04
1.075828020850044808e-04
9.992007221626408864e-16
