0.000000000000000000e+00
4.893251914772633882e-09
1.035589203279840831e-08
1.607365329725496395e-08
2.184598857368769131e-08
2.754947769911808564e-08
3.304219431399246787e-08
3.826628347525229401e-08
4.315944701627216773e-08
4.772530737273683599e-08
5.195373831146099519e-08
5.584063400565497659e-08
5.937004987632832353e-08
6.261402829554896243e-08
6.557186127409408982e-08
6.826868925724483006e-08
7.066971607905259134e-08
7.285476544272029287e-08
7.481067965109389206e-08
7.655229516956296720e-08
7.814905056413579132e-08
7.957190051310902845e-08
8.085034908233978967e-08
8.192296485631800351e-08
8.291354192113686850e-08
8.377068894116490583e-08
8.456086331154466507e-08
8.514823834904206024e-08
8.573816945300904990e-08
8.615393831679085679e-08
8.652916183571335296e-08
8.681706931135124705e-08
8.700964604368977007e-08
8.716632582395078543e-08
8.716910637751595914e-08
8.717491739584914967e-08
8.702497289458932528e-08
8.682095209433526861e-08
8.656739647339151134e-08
8.621723923685209456e-08
8.577218835181810164e-08
8.525553529814544618e-08
8.462982670209839853e-08
8.386884653432957748e-08
8.299671472311587195e-08
8.203312262811124356e-08
8.099223980373437826e-08
7.975206550714375453e-08
7.834174231557966550e-08
7.678767988128498700e-08
7.503873533654115136e-08
7.307542637668973384e-08
7.095581699978481538e-08
6.857261469761510853e-08
6.592244639058719713e-08
6.301584487555800251e-08
5.980779049785667212e-08
5.628653265699057329e-08
5.244563805462121309e-08
4.825342880820926439e-08
4.373402540114312842e-08
3.887367117094697733e-08
3.370246126621623262e-08
2.825111689030990192e-08
2.254487163622087564e-08
1.677800487431824195e-08
1.102636759675590383e-08
5.521948565068157677e-09
5.585271134478375643e-10
3.528477732217538687e-09
6.318870537924681230e-09
7.239070565212557540e-09
5.679286929627380687e-09
9.564756764390835997e-10
7.507765964476220688e-09
2.019277245413064747e-08
3.731720232824642380e-08
5.871183661465551040e-08
8.349173119537312004e-08
1.100031572498494370e-07
1.363912149887624992e-07
1.596627080546753064e-07
1.773938385074558255e-07
1.871162390587599589e-07
1.876907884668099769e-07
1.789812620334174653e-07
1.621568636034353972e-07
1.393036382912882232e-07
1.132530285108401813e-07
8.659443728742388657e-08
6.151269160703520811e-08
3.964663441990978754e-08
2.201872062457255197e-08
8.769690418297670931e-09
1.512735492426031669e-10
5.293401716954804215e-09
7.222590081568114329e-09
6.542634323203344593e-09
3.991835306749180745e-09
0.000000000000000000e+00
