0.000000000000000000e+00
4.360998869246124343e-06
4.242415828414891621e-06
4.412701039124833358e-06
5.075474485805031577e-06
6.006822553472623838e-06
6.897788951576444560e-06
7.745890323707094183e-06
8.542982343984206750e-06
9.278790577660345207e-06
9.956627684215568763e-06
1.057964003292610755e-05
1.115389534767086133e-05
1.168072364821082232e-05
1.215552038513756372e-05
1.258499384815259248e-05
1.297351620710429643e-05
1.333035051975794971e-05
1.364694006700251094e-05
1.393046471043213330e-05
1.418764577054698606e-05
1.441769765042621998e-05
1.461908222177843442e-05
1.480677818188613770e-05
1.496484777008255662e-05
1.510308674035343302e-05
1.523001714409666363e-05
1.533296147415708077e-05
1.542123217301849536e-05
1.549498865438536654e-05
1.555370541639344850e-05
1.560000279665629819e-05
1.563699247530969672e-05
1.565577633821924053e-05
1.566522435159090065e-05
1.565853040497167115e-05
1.564184859115247406e-05
1.560390298693814515e-05
1.556193725837928810e-05
1.550587476373266327e-05
1.543089830091659564e-05
1.534336981756645457e-05
1.524164356725421499e-05
1.511906059226131305e-05
1.498274003819410893e-05
1.482533631480542624e-05
1.464490139302387917e-05
1.444257730620623903e-05
1.421770467191496579e-05
1.396214565685394149e-05
1.368088495778962965e-05
1.336926420492101641e-05
1.301688097021802548e-05
1.262980687388726153e-05
1.220701621829078931e-05
1.173671097753903325e-05
1.121818118332562619e-05
1.065105322051174142e-05
1.003204474681052005e-05
9.361663812601506152e-06
8.632733635716149934e-06
7.839888936156391708e-06
6.995213112981346626e-06
6.103165597126647413e-06
5.173849415118780826e-06
4.505520219355574341e-06
4.903737492623072569e-06
5.995244699297241908e-06
3.901958018373563597e-06
5.235438928663516123e-06
2.850139228516290757e-06
4.077064219565329495e-07
1.095887470770051664e-07
3.971730636598280739e-07
1.459344203036394561e-06
3.129852840899616240e-06
5.462734407823965910e-06
8.434246604016593096e-06
1.192657139348352047e-05
1.570070013023894262e-05
1.947762411935727300e-05
2.282737433900727808e-05
2.537881452979728891e-05
2.679215423129210905e-05
2.689069729411297516e-05
2.562694703167611721e-05
2.321248393910568808e-05
1.993165843627853206e-05
1.619141135944524024e-05
1.240169607019669940e-05
8.857765796621563936e-06
5.813121576436763860e-06
3.406564601515782442e-06
1.656382969894565349e-06
5.167351769808092854e-07
5.504910949305497070e-08
2.810188172164274079e-07
1.533048817115023610e-06
2.978897056582496816e-06
0.000000000000000000e+00
