0.000000000000000000e+00
2.900495341284781148e-05
3.185816744311065207e-05
3.251282936778121524e-05
3.271802527826661589e-05
3.279429573321834823e-05
3.282485102118481990e-05
3.283750819227382323e-05
3.284233107436751453e-05
3.284347810239562904e-05
3.284296471250947036e-05
3.284163563299635769e-05
3.284008402493210355e-05
3.283838130319072235e-05
3.283665556763626370e-05
3.283507870233126624e-05
3.283358475181241687e-05
3.283226440542463820e-05
3.283108727236694335e-05
3.282998781539703259e-05
3.282892330747078091e-05
3.282797614401200548e-05
3.282711779395430796e-05
3.282629039780271540e-05
3.282556454364815579e-05
3.282488095368574221e-05
3.282426358897083674e-05
3.282375200674980675e-05
3.282327689713149255e-05
3.282287669625905124e-05
3.282244634539299710e-05
3.282204128807197918e-05
3.282176163998951068e-05
3.282142070581972604e-05
3.282114015890069680e-05
3.282085254752153958e-05
3.282064998622047369e-05
3.282044452335153295e-05
3.282022091788405760e-05
3.282007789862095848e-05
3.281990630699116451e-05
3.281980124680838884e-05
3.281968523050071695e-05
3.281958666867534902e-05
3.281955918932322191e-05
3.281945704769473338e-05
3.281944796651448115e-05
3.281939824584245713e-05
3.281939061150485060e-05
3.281942189414799316e-05
3.281936758048331626e-05
3.281945259636653844e-05
3.281943961086497552e-05
3.281948742916984685e-05
3.281956428058396824e-05
3.281972222113349602e-05
3.281981462088801038e-05
3.281995084114530670e-05
3.282003121263254997e-05
3.282025967388246812e-05
3.282037997198727908e-05
3.282063610698937595e-05
3.282083929578849535e-05
3.282111394342646093e-05
3.282141527471971187e-05
3.282170354157454284e-05
3.282203644650039109e-05
3.282242340107988099e-05
3.282280342642440729e-05
3.282318423347696523e-05
3.282365844847756620e-05
3.282421662798018502e-05
3.282477914601233948e-05
3.282545883454002222e-05
3.282617868549664308e-05
3.282694070294578381e-05
3.282783635705222025e-05
3.282874925958356727e-05
3.282982236163523027e-05
3.283093727179942078e-05
3.283214992133576260e-05
3.283344937443644085e-05
3.283490300509672721e-05
3.283649608043504031e-05
3.283809113585611783e-05
3.283987112745467840e-05
3.284144781379172429e-05
3.284277817594549731e-05
3.284350404519909006e-05
3.284275554460425184e-05
3.283867677217333636e-05
3.282766421552896219e-05
3.280072569811220973e-05
3.273466688169524019e-05
3.256026387743471417e-05
3.201821180986996751e-05
2.978575233791858068e-05
2.271031978712256816e-05
1.025994810331942730e-04
2.285604048905820473e-09
