0.000000000000000000e+00
1.115172695261845703e-04
1.299617818377729606e-04
1.358150365509125379e-04
1.383537031138803997e-04
1.396792098452559472e-04
1.404591844028635350e-04
1.409537350919309873e-04
1.412878881290602351e-04
1.415258782626604983e-04
1.417000935316492516e-04
1.418317437171801032e-04
1.419359623030524986e-04
1.420176135814577023e-04
1.420835285098620560e-04
1.421365554372666651e-04
1.421823850676906531e-04
1.422200335383649872e-04
1.422510817230548952e-04
1.422784149713862689e-04
1.423016394096476844e-04
1.423220916890732823e-04
1.423410636230970638e-04
1.423563966129748337e-04
1.423705269982811217e-04
1.423827551196854557e-04
1.423936236533140942e-04
1.424025868153044883e-04
1.424119762216680130e-04
1.424197364386925457e-04
1.424263944562742523e-04
1.424329565796744745e-04
1.424378888605914995e-04
1.424436391554984027e-04
1.424478844582743875e-04
1.424522659070337482e-04
1.424552471162021661e-04
1.424582200643120800e-04
1.424614288766390402e-04
1.424640060667670127e-04
1.424662715201474583e-04
1.424689070531615087e-04
1.424706011672327577e-04
1.424717375309025869e-04
1.424722580947168638e-04
1.424738530982905260e-04
1.424748473441983521e-04
1.424753167915682184e-04
1.424755590271331585e-04
1.424755758390183757e-04
1.424753673524570274e-04
1.424742749726037871e-04
1.424742666431555449e-04
1.424733662441779458e-04
1.424722240583875532e-04
1.424708313617628619e-04
1.424685146855786400e-04
1.424672489436229483e-04
1.424650305326125022e-04
1.424625036988702576e-04
1.424596468578842590e-04
1.424561363814191850e-04
1.424528382425460649e-04
1.424488230343801121e-04
1.424436626215053181e-04
1.424390689808152644e-04
1.424335313617852705e-04
1.424266690810416236e-04
1.424208250078162763e-04
1.424131900567005005e-04
1.424046699194381205e-04
1.423951421620772706e-04
1.423841443195517087e-04
1.423716909763061977e-04
1.423581218217284672e-04
1.423427464075643911e-04
1.423252434745725381e-04
1.423057010166983716e-04
1.422826606097826740e-04
1.422559593389216559e-04
1.422251358970116897e-04
1.421874876219586525e-04
1.421447701367428706e-04
1.420918893685341189e-04
1.420283513766662509e-04
1.419489297025400276e-04
1.418495978852130079e-04
1.417221943895707881e-04
1.415553445665018728e-04
1.413284826383698345e-04
1.410119221110228693e-04
1.405469928357216958e-04
1.398244178492102918e-04
1.386095562057043651e-04
1.363169886229309569e-04
1.312282041840973079e-04
1.161689053419401318e-04
3.635635721388474906e-05
8.286358109842462127e-04
1.193020064960137461e-07
