0.000000000000000000e+00
3.079005495010278537e-09
1.230965052112509284e-08
2.746429572653141804e-08
4.841622303075610034e-08
7.467754836731899104e-08
1.059993393059954769e-07
1.417733246356078780e-07
1.814703078917290213e-07
2.244648837912421868e-07
2.700721193349409077e-07
3.174878595579855300e-07
3.658977614229286246e-07
4.146740951727068136e-07
4.628469965073378489e-07
5.100547698644319894e-07
5.548041590586194616e-07
5.972236802875841022e-07
6.359806943301293813e-07
6.704018951086965217e-07
7.009985825146003435e-07
7.259266397996455566e-07
7.453004656765571667e-07
7.590709797389294522e-07
7.669580956992660958e-07
7.683960689952584744e-07
7.635968978236817861e-07
7.527038821120157763e-07
7.364601610770904472e-07
7.142847495700266336e-07
6.862443251431926683e-07
6.538647969733801801e-07
6.173215754134986355e-07
5.764372957850483203e-07
5.330750629806146890e-07
4.868098884003302373e-07
4.390608466797729648e-07
3.905386871672078541e-07
3.418494194384891216e-07
2.938416125974896431e-07
2.472615160398206058e-07
2.027958587724754125e-07
1.614557114670844840e-07
1.236773844448535442e-07
9.005185908073087830e-08
6.129465413007295638e-08
3.751069987956157092e-08
1.946326788626606685e-08
7.151790937243163171e-09
1.014362815965341724e-09
1.111591707569914433e-09
7.218260766883588531e-09
1.928303605680525834e-08
3.737848142115751671e-08
6.100250737883783358e-08
9.001372669459328790e-08
1.237226676664704428e-07
1.614916154135670467e-07
2.028222036987159527e-07
2.471183675467614194e-07
2.936479178705653226e-07
3.414501612564180277e-07
3.904159925349759419e-07
4.391959380622978415e-07
4.865493637984386055e-07
5.325003318290555399e-07
5.762431114497701401e-07
6.167494590592070836e-07
6.535280846486912765e-07
6.860381384088398704e-07
7.136366515503311803e-07
7.359729486955401967e-07
7.529561667496409427e-07
7.632844679639205765e-07
7.680652113206676290e-07
7.662771630556619584e-07
7.587650256990485786e-07
7.450696737354434163e-07
7.254146711099807021e-07
7.004486296535716860e-07
6.702695836136030039e-07
6.356128562368112966e-07
5.967779777016346543e-07
5.546031118797145609e-07
5.095585022818482912e-07
4.630365838531602662e-07
4.147271035481736590e-07
3.657254932232234523e-07
3.172087110758781137e-07
2.699630167191102714e-07
2.243854785310972488e-07
1.814962503621231349e-07
1.418599500091488608e-07
1.060978388478517331e-07
7.464114637478758141e-08
4.825494792637385899e-08
2.734473114607283151e-08
1.221418599595125443e-08
3.065003584268310988e-09
0.000000000000000000e+00
