0.000000000000000000e+00
4.942246611960854352e-11
7.053435613357805778e-11
6.870937152569922546e-11
5.420952575718729349e-11
3.263855852253527701e-11
4.930167385452932649e-12
2.666100673565097168e-11
5.969280625350847913e-11
9.134637490859631725e-11
1.227764556688271114e-10
1.507216573770620016e-10
1.773160507312354639e-10
2.018737399467340765e-10
2.242117602690996137e-10
2.441933322216982560e-10
2.620933470254271924e-10
2.787655661862231682e-10
2.917296404447711211e-10
3.036493279040541893e-10
3.150750771396815253e-10
3.237800028088599902e-10
3.327713660183917455e-10
3.414862836947918368e-10
3.446983809496373397e-10
3.500471024153739563e-10
3.537486970017766907e-10
3.571222206844026914e-10
3.604124776401818053e-10
3.632604217429502569e-10
3.664915038115168500e-10
3.680882265655327501e-10
3.676811077824027052e-10
3.679556659363925064e-10
3.688807037605101868e-10
3.687153915521435010e-10
3.699931472311845937e-10
3.690343586271183085e-10
3.660962644147502942e-10
3.632728562408260586e-10
3.617263155675232156e-10
3.574581741716542638e-10
3.551057226047760196e-10
3.538503934308323551e-10
3.474400767089491637e-10
3.402613746317229015e-10
3.334887921369045216e-10
3.252437208445257966e-10
3.162526907019014288e-10
3.071015663991261135e-10
2.963236322983675564e-10
2.823604683399594251e-10
2.636215690188237204e-10
2.471273186088751572e-10
2.284784583750365528e-10
2.071259830316307671e-10
1.817198613807136098e-10
1.536902827226072077e-10
1.263237292548069490e-10
9.533218658930309175e-11
6.432798738131850769e-11
3.093802991571692473e-11
8.826273045769994496e-13
2.788447250878789418e-11
5.157163585067792155e-11
6.553391163066635272e-11
6.668698926404204030e-11
4.953604193502769704e-11
6.415645792401392100e-12
7.462441775629713447e-11
1.987701114813944514e-10
3.880727961202978804e-10
6.537899110981015838e-10
1.007981587086703712e-09
1.464847243504152630e-09
2.031585233375210464e-09
2.712012614480840966e-09
3.489959987668100894e-09
4.348323368041917547e-09
5.221309939962281987e-09
6.061698587522812431e-09
6.801273433332255536e-09
7.333675000609218841e-09
7.644292310260425438e-09
7.651814848408378111e-09
7.384901468121540802e-09
6.874010805013597292e-09
6.154817877579432661e-09
5.322134288832103266e-09
4.454547175569700812e-09
3.588674690746529450e-09
2.798508758061757362e-09
2.108463625916101591e-09
1.523774439959879601e-09
1.052600784312573978e-09
6.889966375211997729e-10
4.151549104491891740e-10
2.179101343813272251e-10
8.639977622237893229e-11
0.000000000000000000e+00
