0.000000000000000000e+00
4.570259820257938088e-06
5.615704925743258968e-06
6.079691049043489670e-06
6.324043888228381149e-06
6.468612710031074187e-06
6.560590841031554987e-06
6.623033637742636870e-06
6.667451482256225859e-06
6.700074169807557212e-06
6.724780543865271909e-06
6.743818461663053654e-06
6.759313866733229759e-06
6.771564367791249595e-06
6.781835677149850028e-06
6.790137659140604853e-06
6.797224427645964795e-06
6.803243098651989840e-06
6.808334561569928667e-06
6.812797780475499110e-06
6.816753535532349417e-06
6.820047919076088760e-06
6.823005867073739239e-06
6.825662233089779818e-06
6.827988214830327252e-06
6.830044399608325989e-06
6.831881164348629909e-06
6.833525118876693227e-06
6.834980657788314318e-06
6.836316222447180735e-06
6.837480676424867454e-06
6.838540068110354753e-06
6.839508284062212340e-06
6.840430483379122961e-06
6.841177143113164050e-06
6.841893532727461036e-06
6.842572455534323694e-06
6.843090781027960645e-06
6.843602157080574955e-06
6.844125747473839283e-06
6.844502699832055725e-06
6.844824944063354621e-06
6.845143663003483425e-06
6.845440090330612293e-06
6.845645211028816846e-06
6.845767699492633085e-06
6.845895073936958397e-06
6.845973555935636057e-06
6.846020753514814317e-06
6.846046074704403850e-06
6.846004421467988266e-06
6.845889034101659831e-06
6.845769364272058510e-06
6.845604204830380013e-06
6.845401048671817534e-06
6.845135246069666835e-06
6.844887850410152907e-06
6.844560907826036100e-06
6.844168200959011017e-06
6.843628242880761547e-06
6.843143753543223795e-06
6.842588359701196055e-06
6.842006326945870853e-06
6.841300359439195233e-06
6.840529849450049937e-06
6.839660226520827280e-06
6.838733175529299047e-06
6.837684309868308219e-06
6.836498157136716713e-06
6.835207635780271573e-06
6.833744469192382098e-06
6.832138945367383087e-06
6.830332680785033972e-06
6.828281241877398600e-06
6.825978339342064771e-06
6.823390913957005921e-06
6.820605652491096293e-06
6.817142567561162991e-06
6.813491055246423400e-06
6.809130092877424545e-06
6.803934025412239350e-06
6.798030569354907016e-06
6.791141125672695011e-06
6.782993653420277269e-06
6.773274811355811664e-06
6.761242976494052925e-06
6.746514422673044464e-06
6.727946228468617562e-06
6.704189885908817814e-06
6.673027786119334337e-06
6.630618961112055842e-06
6.571142492695081216e-06
6.484430205233593369e-06
6.350176132818852182e-06
6.124092567949546151e-06
5.701580063965927536e-06
4.793689858062499809e-06
1.721557148504082591e-06
1.685300772272801950e-04
4.440892098500626162e-16
