0.000000000000000000e+00
2.229740740687935485e-04
2.503333560294196403e-04
2.566170942777112884e-04
2.585784659520085071e-04
2.593082006260294392e-04
2.596018877105699119e-04
2.597228309334509433e-04
2.597686017012934556e-04
2.597801804978816520e-04
2.597752205935055514e-04
2.597624707233459063e-04
2.597476958525746227e-04
2.597314211409962326e-04
2.597146259935012580e-04
2.596993240457923235e-04
2.596853783208841193e-04
2.596730649463419027e-04
2.596615274965685671e-04
2.596501603039369499e-04
2.596401299008732622e-04
2.596313675544692501e-04
2.596226030977533128e-04
2.596154520742022243e-04
2.596082283772283006e-04
2.596019369763835627e-04
2.595960140154840445e-04
2.595909056493095335e-04
2.595862789854797015e-04
2.595818982440434297e-04
2.595780356878796269e-04
2.595746883289340445e-04
2.595715925171049321e-04
2.595682444972435832e-04
2.595658698492098182e-04
2.595633252250317824e-04
2.595612217189957605e-04
2.595590316766260841e-04
2.595576048392000956e-04
2.595556001725451978e-04
2.595543754163598393e-04
2.595529483909730928e-04
2.595522103400194069e-04
2.595508236282739745e-04
2.595501253741527847e-04
2.595495702013561612e-04
2.595496413713149764e-04
2.595490865483496279e-04
2.595493554001793157e-04
2.595487207716073996e-04
2.595492869243987144e-04
2.595492179576774916e-04
2.595500422468699497e-04
2.595500572046827159e-04
2.595507406086827729e-04
2.595515566073958169e-04
2.595530765591158584e-04
2.595542216918822476e-04
2.595551777347937517e-04
2.595573690066244055e-04
2.595589523285424249e-04
2.595607383945042201e-04
2.595627208248352247e-04
2.595651420232991669e-04
2.595684482187277098e-04
2.595707364125843242e-04
2.595743647968440371e-04
2.595774939371242596e-04
2.595819303714552717e-04
2.595854003080155792e-04
2.595902417271700457e-04
2.595953288760943778e-04
2.596010274207305457e-04
2.596071677667399769e-04
2.596141007923380428e-04
2.596217584659443744e-04
2.596299670438728668e-04
2.596393264094887243e-04
2.596490088300207333e-04
2.596593316542827878e-04
2.596709695401600015e-04
2.596836010625436231e-04
2.596977214474049944e-04
2.597123445786664320e-04
2.597289595192009415e-04
2.597450722442440352e-04
2.597604542264875249e-04
2.597731676743375573e-04
2.597803911554841250e-04
2.597730545562670912e-04
2.597329310315421580e-04
2.596282152245166230e-04
2.593704519427975086e-04
2.587360298084151466e-04
2.570587308062810550e-04
2.518665575448331140e-04
2.304960158686641947e-04
1.488559411773615615e-04
9.609918520903093508e-04
9.225526036507614158e-08
