0.000000000000000000e+00
4.158334992077072911e-05
4.668791465867183632e-05
4.786029176173656197e-05
4.822623788203195261e-05
4.836239022631971807e-05
4.841718593817656568e-05
4.843975091439745029e-05
4.844829013328499911e-05
4.845044983281532325e-05
4.844952375737676675e-05
4.844714426632812376e-05
4.844438698814457211e-05
4.844134998616134169e-05
4.843821586542063073e-05
4.843536045595620010e-05
4.843275805699320813e-05
4.843046028524256030e-05
4.842830733986502878e-05
4.842618624245620396e-05
4.842431452911633016e-05
4.842267939753064354e-05
4.842104395885726831e-05
4.841970948066265379e-05
4.841836154489964628e-05
4.841718754600154995e-05
4.841608231442862120e-05
4.841512907627354423e-05
4.841426571500218046e-05
4.841344829442650877e-05
4.841272752942327173e-05
4.841210286166131027e-05
4.841152518375579916e-05
4.841090046447948936e-05
4.841045731585058576e-05
4.840998247368499818e-05
4.840958996066291320e-05
4.840918128390381270e-05
4.840891499946486931e-05
4.840854095478075436e-05
4.840831241947896046e-05
4.840804612760152281e-05
4.840790840809905404e-05
4.840764967983801625e-05
4.840751938051113257e-05
4.840741578793217315e-05
4.840742903267081232e-05
4.840732549182824584e-05
4.840737562916697101e-05
4.840725727794925604e-05
4.840736288036495694e-05
4.840735002187290803e-05
4.840750383050540506e-05
4.840750662471471344e-05
4.840763415381310608e-05
4.840778645687215942e-05
4.840807004413694159e-05
4.840828372287830916e-05
4.840846216569438809e-05
4.840887098922497245e-05
4.840916647574911025e-05
4.840949976947506173e-05
4.840986973320138276e-05
4.841032152969049207e-05
4.841093840135535231e-05
4.841136546007707153e-05
4.841204248551278511e-05
4.841262643417998390e-05
4.841345421158216311e-05
4.841410178801908160e-05
4.841500517116514857e-05
4.841595445315149959e-05
4.841701782176688340e-05
4.841816362277651109e-05
4.841945735534203266e-05
4.842088630196972332e-05
4.842241804814406692e-05
4.842416450590025789e-05
4.842597131926584808e-05
4.842789764702981614e-05
4.843006929511339820e-05
4.843242639718248199e-05
4.843506130747243787e-05
4.843779015550886413e-05
4.844089055811018341e-05
4.844389739300236641e-05
4.844676794724112057e-05
4.844914055124327490e-05
4.845048898416415284e-05
4.844912072754503640e-05
4.844163514650112745e-05
4.842209768196603648e-05
4.837400484969389680e-05
4.825563454857739742e-05
4.794268942553969737e-05
4.697395692399020106e-05
4.298672586089402614e-05
2.535044641349681882e-05
1.793158344838285956e-04
2.038449798368036081e-08
