0.000000000000000000e+00
9.686506295292218738e-06
1.129236896313390304e-05
1.180093291597295035e-05
1.202188257454217535e-05
1.213704594060782682e-05
1.220458441608673894e-05
1.224759964102428711e-05
1.227671545700470546e-05
1.229722694717771958e-05
1.231256108524814152e-05
1.232408251350403106e-05
1.233299870695425682e-05
1.234010288475584360e-05
1.234587179610446839e-05
1.235057034676412258e-05
1.235447092196029217e-05
1.235774582208915007e-05
1.236044668995184281e-05
1.236289806116896983e-05
1.236494550216349353e-05
1.236672240845226867e-05
1.236827385475702812e-05
1.236963571338289825e-05
1.237080902372067470e-05
1.237190049196978947e-05
1.237284592292553498e-05
1.237368885187439815e-05
1.237444237478513287e-05
1.237511741869479209e-05
1.237572317780433195e-05
1.237626740746566867e-05
1.237669647580208476e-05
1.237719666724590439e-05
1.237756596395023223e-05
1.237794709474382415e-05
1.237823922717318226e-05
1.237854943092475679e-05
1.237880240945177235e-05
1.237900059380958595e-05
1.237919751861937812e-05
1.237939468101689755e-05
1.237954204458269203e-05
1.237966652567479287e-05
1.237971178935648453e-05
1.237985051338874598e-05
1.237991141134209272e-05
1.237989513169779343e-05
1.237997332159679331e-05
1.237997478431562826e-05
1.237989953362106377e-05
1.237991878133559709e-05
1.237986089974718595e-05
1.237972529455344528e-05
1.237968321876614652e-05
1.237953641719524711e-05
1.237936054920840689e-05
1.237925044161869437e-05
1.237905746476197777e-05
1.237883766236347327e-05
1.237858915015266348e-05
1.237830973843667692e-05
1.237799687703322604e-05
1.237764760264603581e-05
1.237725846159332121e-05
1.237682543797635759e-05
1.237634385231611844e-05
1.237580821566997002e-05
1.237521210839531705e-05
1.237454796176873373e-05
1.237374371176880317e-05
1.237297801348624660e-05
1.237202134773962570e-05
1.237097619033455942e-05
1.236972972662453429e-05
1.236842028684570494e-05
1.236696753359467493e-05
1.236515545122163218e-05
1.236314976604813154e-05
1.236090110812160248e-05
1.235815880240576092e-05
1.235496473672714757e-05
1.235116637210431634e-05
1.234663280247350059e-05
1.234107219005853295e-05
1.233409860290635152e-05
1.232552345564741358e-05
1.231448301741711049e-05
1.229992823870151852e-05
1.228009034148769274e-05
1.225266072824027219e-05
1.221222177361092065e-05
1.214937502491686416e-05
1.204332338355929011e-05
1.184515851193612690e-05
1.140303210223070352e-05
1.008881577369002969e-05
3.167706563389494079e-06
7.097189779614598848e-05
0.000000000000000000e+00
