0.000000000000000000e+00
8.885168590877512429e-06
9.975707569331859759e-06
1.022590321153593607e-05
1.030396752954576556e-05
1.033296708496944660e-05
1.034470290006694881e-05
1.034952437550806792e-05
1.035135149163313173e-05
1.035179283004339368e-05
1.035159119855411092e-05
1.035111093516949410e-05
1.035049376874042082e-05
1.034984742198652441e-05
1.034920564602082038e-05
1.034858156012674613e-05
1.034801969135301647e-05
1.034751620421214824e-05
1.034707041325244603e-05
1.034664047305788870e-05
1.034624211249113301e-05
1.034586355774802513e-05
1.034553296586082638e-05
1.034522332521436994e-05
1.034493455032148290e-05
1.034469873362198200e-05
1.034445376635328984e-05
1.034426190793524825e-05
1.034408998579205985e-05
1.034391016652147499e-05
1.034375764352724048e-05
1.034362917784470426e-05
1.034347517292477647e-05
1.034338216432395541e-05
1.034324930326846470e-05
1.034316199388651825e-05
1.034308785596849134e-05
1.034298211755046992e-05
1.034292667245750863e-05
1.034285455059347214e-05
1.034279015466044171e-05
1.034274901634546495e-05
1.034272414124348671e-05
1.034268807509342025e-05
1.034265819388480168e-05
1.034261456167584470e-05
1.034261739052411144e-05
1.034261154908566738e-05
1.034259537946446983e-05
1.034260589560798138e-05
1.034258545451471889e-05
1.034260053178748251e-05
1.034263658794554175e-05
1.034263393584478052e-05
1.034265875821116509e-05
1.034271943711750907e-05
1.034275411748719620e-05
1.034279968992191101e-05
1.034285524592615246e-05
1.034292494261901396e-05
1.034299579272257574e-05
1.034305069358421036e-05
1.034316260262180265e-05
1.034324375859263512e-05
1.034335753080650733e-05
1.034348177753052767e-05
1.034360950336044027e-05
1.034375046060631576e-05
1.034389391552092974e-05
1.034405722211140244e-05
1.034424485535367921e-05
1.034442243041944209e-05
1.034467145866191373e-05
1.034492017015775644e-05
1.034518161802111536e-05
1.034548760459053085e-05
1.034582812398099350e-05
1.034616352091344282e-05
1.034658070409033570e-05
1.034698302804226699e-05
1.034746098427241634e-05
1.034793366849751095e-05
1.034849489678357770e-05
1.034911687125550372e-05
1.034973008851025611e-05
1.035038514651809294e-05
1.035102798141451785e-05
1.035151368378173231e-05
1.035179447350653703e-05
1.035148061190316326e-05
1.034992318771355002e-05
1.034574253799824817e-05
1.033548733486711058e-05
1.031025636288873670e-05
1.024354040601860305e-05
1.003658644238569764e-05
9.186537284100459999e-06
4.609570484148672875e-06
3.770703969330213567e-05
7.246807320893111637e-16
