0.000000000000000000e+00
1.058332580461396333e-07
1.847761542661530143e-07
2.451835550143499631e-07
2.920206496614952130e-07
3.285859818680236799e-07
3.575522364851480006e-07
3.805509747323299052e-07
3.998763835610930073e-07
4.155410255890501503e-07
4.283919931014068538e-07
4.393672904390300005e-07
4.486084603794182613e-07
4.567837315061495929e-07
4.634541964643190681e-07
4.694670876492779144e-07
4.746703895497361714e-07
4.791180175933718033e-07
4.830766535679487106e-07
4.865703874257221173e-07
4.895842046215292953e-07
4.924144206830405324e-07
4.948639306112667668e-07
4.971015771237929926e-07
4.990573394536568230e-07
5.007592847050545970e-07
5.022582629798932885e-07
5.037863816115262239e-07
5.050477975832023958e-07
5.061287926544366655e-07
5.070223610958990434e-07
5.080857408135130981e-07
5.088841523726017613e-07
5.095891497663984637e-07
5.100469283592090619e-07
5.105842012520511730e-07
5.111565689608355001e-07
5.114790641025379614e-07
5.117967148970947733e-07
5.121114176054319955e-07
5.122327101370061087e-07
5.123545574470256270e-07
5.125244286752206335e-07
5.124107999021632054e-07
5.124563707825657843e-07
5.122177699767860304e-07
5.121372187444350743e-07
5.118806181148016776e-07
5.115567539570875510e-07
5.110038617806011985e-07
5.106487498407474845e-07
5.099914509587577527e-07
5.094781858616670434e-07
5.086977723500751836e-07
5.078892691967595852e-07
5.070948798646668365e-07
5.060746638418933685e-07
5.048151734410311064e-07
5.036585544182514695e-07
5.021155323747805710e-07
5.006001879692689727e-07
4.988798256722049018e-07
4.968526489124158729e-07
4.946930874938360034e-07
4.922172754939779793e-07
4.894375801312023100e-07
4.863082149197950343e-07
4.827740036628114240e-07
4.787680353279810674e-07
4.740602578268138245e-07
4.689377905986447104e-07
4.628439248532956185e-07
4.559108295332237049e-07
4.480198508849397854e-07
4.385809238005577981e-07
4.274373759383109928e-07
4.139606094577530371e-07
3.982193641505205051e-07
3.788491718115238882e-07
3.550553447917437211e-07
3.254629710180978464e-07
2.880591088993966764e-07
2.403495023006740894e-07
1.784264367366006354e-07
9.685922763846832595e-08
1.265143445561278668e-08
1.586171082257337162e-07
3.557209858895404864e-07
6.173602438153125149e-07
9.392906038518944456e-07
1.294167966792159064e-06
1.587757829435432200e-06
1.699668272903132049e-06
1.565830873961893133e-06
1.261101930660757375e-06
9.065945751896009597e-07
5.880502680355448319e-07
3.343345923445539825e-07
1.424380015047077563e-07
6.274987196519532517e-10
