0.000000000000000000e+00
8.234285481245606775e-07
1.525133993207639094e-06
2.086168699455548392e-06
2.527414545316908345e-06
2.868164674429962702e-06
3.131661282851361250e-06
3.335508352519944708e-06
3.493369293172676748e-06
3.616262286398885806e-06
3.712647288822701341e-06
3.788320525055510757e-06
3.848310171195024054e-06
3.896144711745819222e-06
3.933965275426665187e-06
3.964423551550133595e-06
3.988101859420112305e-06
4.008213465800380959e-06
4.023514525663962615e-06
4.036330660484033217e-06
4.046733812712588474e-06
4.054162021538409988e-06
4.061244231579053121e-06
4.066516844480894122e-06
4.070861763905142539e-06
4.074356160121972437e-06
4.077034327254480672e-06
4.078673665253162994e-06
4.080485732749217220e-06
4.083250545128258580e-06
4.083523052256232688e-06
4.085829242272964734e-06
4.086028726146828660e-06
4.084963145301045984e-06
4.084887916033785871e-06
4.085257073294101815e-06
4.085570378786762546e-06
4.085899717454211100e-06
4.085095476669131642e-06
4.085713101953380999e-06
4.085806603382202695e-06
4.086081681786701836e-06
4.086065889752354963e-06
4.085822263300009638e-06
4.085876338155713938e-06
4.086107097678315370e-06
4.085827493782723252e-06
4.085529919040098434e-06
4.085243434648333505e-06
4.085577377965776691e-06
4.085420830413077908e-06
4.085003934228836897e-06
4.085448464530294643e-06
4.084882133104095203e-06
4.084346143740091861e-06
4.083688134093321764e-06
4.082976809205440816e-06
4.081258807908660913e-06
4.079391652034303206e-06
4.077300370441960808e-06
4.074382302543533285e-06
4.071162309493558951e-06
4.067076494251864460e-06
4.061569837232603675e-06
4.054985797696808447e-06
4.047247705307732701e-06
4.036012402841571145e-06
4.023426033228361121e-06
4.007416990581269545e-06
3.987485245771082987e-06
3.962581467065184881e-06
3.931648383415087267e-06
3.893107311414567562e-06
3.844817676346146129e-06
3.783204188256839018e-06
3.705761412842178970e-06
3.608096544427397134e-06
3.481866726828819480e-06
3.320828478314830079e-06
3.112692089746182944e-06
2.843459094625799821e-06
2.494375799022563456e-06
2.045020815133469227e-06
1.467298513690984407e-06
7.543279271216007942e-07
8.044343557944699796e-08
9.281525062965201300e-07
1.468788911163088073e-06
1.011348628732200439e-06
1.563935357773438284e-06
7.010768858006777293e-06
1.367248143691046636e-05
1.666910687847522610e-05
1.312629463345871272e-05
6.423863587956546439e-06
1.208454883383502931e-06
1.114916837852142351e-06
1.444335135158958394e-06
8.528338629743004162e-07
1.221245327087672194e-15
