0.000000000000000000e+00
8.062397416352951041e-10
3.259740921635057020e-09
7.329337581296613280e-09
1.295368334819357869e-08
2.001294652220764192e-08
2.836907386782883123e-08
3.792307812222617258e-08
4.852319079873268493e-08
5.998860619360613100e-08
7.220630093840441077e-08
8.487266800472070827e-08
9.782839915928320806e-08
1.108575785613297171e-07
1.237881326332512799e-07
1.362918524705492018e-07
1.483259163270744807e-07
1.595599057324648129e-07
1.699790521669797272e-07
1.792536731270999439e-07
1.873320017997670561e-07
1.940117848597822103e-07
1.992139488926625290e-07
2.028531822517720684e-07
2.049402400006172797e-07
2.053816854363788025e-07
2.041220071857807739e-07
2.012705077047982627e-07
1.967853157092136485e-07
1.908121295413067742e-07
1.833937963713339059e-07
1.747235237603561586e-07
1.649425768190937447e-07
1.540578900005584728e-07
1.423959266055874195e-07
1.300562983974629105e-07
1.173639099238954486e-07
1.043472099837572387e-07
9.126097599843063790e-08
7.847657568227361935e-08
6.602815982859056021e-08
5.419020066010915571e-08
4.310815060470929438e-08
3.301977469227779238e-08
2.398704812556218258e-08
1.625767931390242893e-08
9.951295343313404373e-09
5.136882141876242258e-09
1.892240364398389829e-09
2.448630187501521505e-10
2.232541929103604161e-10
1.850265829439479148e-09
5.127870350563057400e-09
9.963247116218099109e-09
1.633659985067481557e-08
2.405391330562167695e-08
3.302950990491382299e-08
4.313157742075190981e-08
5.415842874167964283e-08
6.605932334480257850e-08
7.850612393500711050e-08
9.133852563181221740e-08
1.043544927137318723e-07
1.173696321243866691e-07
1.301194443303899106e-07
1.424238184055681700e-07
1.540580284453696436e-07
1.649363211564391918e-07
1.747619839953529208e-07
1.834412164392063005e-07
1.909145173062398726e-07
1.968355052284209705e-07
2.012261418604666119e-07
2.040590344476456153e-07
2.053685349556744200e-07
2.049527713099408288e-07
2.029166774608626156e-07
1.992265569183970797e-07
1.939781455462252779e-07
1.873247510442155317e-07
1.791666615069686941e-07
1.699735138194213846e-07
1.596391652203266176e-07
1.482666099894558442e-07
1.362879362698521390e-07
1.237401466847032339e-07
1.108796030546699285e-07
9.776920839588143508e-08
8.481232849355535564e-08
7.217057651498492987e-08
6.001105390396332950e-08
4.852239365860100406e-08
3.791671843167421230e-08
2.833667833712638640e-08
1.991732856421180031e-08
1.290278606180805809e-08
7.331766638252190660e-09
3.299267525846971694e-09
8.465343981356454606e-10
3.330669073875469621e-16
