0.000000000000000000e+00
1.600198706874778054e-07
3.379840465278505235e-07
5.253912319647113804e-07
7.143730454961527698e-07
9.009555087535758844e-07
1.080814563403365014e-06
1.250880538483656323e-06
1.411030711384597680e-06
1.560488613772115229e-06
1.698521837734112694e-06
1.825425865131791170e-06
1.941958073681249175e-06
2.047699524276858085e-06
2.144393856706727775e-06
2.232433288673618677e-06
2.310940845573483671e-06
2.382047641358298051e-06
2.445616736013178638e-06
2.504384654322677761e-06
2.555767952161502876e-06
2.602489458158885327e-06
2.643967748738873524e-06
2.679332816724055988e-06
2.711292719892455239e-06
2.739150158692638115e-06
2.764718824543876963e-06
2.784968515578967185e-06
2.803888271341037353e-06
2.818201371934669908e-06
2.829764054856909183e-06
2.839532466492045160e-06
2.845868122713923754e-06
2.850636672491191348e-06
2.850935688192279827e-06
2.850558357581078894e-06
2.846125654487607903e-06
2.840086967825783404e-06
2.831252269408501832e-06
2.820093287891900502e-06
2.804686311752568884e-06
2.786864964243740417e-06
2.768483085224815454e-06
2.742454438431352060e-06
2.714516113444531697e-06
2.683957903593103822e-06
2.648479230815681262e-06
2.607628036166431684e-06
2.561927691879795077e-06
2.510378692477388540e-06
2.455185753924560288e-06
2.390259078111078850e-06
2.320721116055857181e-06
2.243077180219543720e-06
2.156763871163924762e-06
2.060299904016460459e-06
1.956803335145806955e-06
1.841714409644978900e-06
1.715339690955275387e-06
1.578645666411304660e-06
1.431293154219304142e-06
1.272543684982530010e-06
1.103300476534840868e-06
9.248886999602135006e-07
7.399867658630654432e-07
5.501941058305703791e-07
3.625242923632754355e-07
1.826195608067848752e-07
2.008177302226243910e-08
1.136019688319223064e-07
2.048646935426390314e-07
2.343664353698926561e-07
1.841586199091693743e-07
2.929915954297257485e-08
2.468950980327733191e-07
6.621723338540164150e-07
1.223582392406719066e-06
1.921632820867102964e-06
2.729601537132531064e-06
3.597952009659621808e-06
4.459554396429865619e-06
5.221551320877537705e-06
5.802128499654557459e-06
6.120040146440075546e-06
6.136638625031665129e-06
5.853435786962180032e-06
5.305409286671114444e-06
4.555293158792217412e-06
3.702910580605234259e-06
2.831722607510300804e-06
2.010486064407679407e-06
1.296730463895556795e-06
7.192331267225071656e-07
2.855223033559894930e-07
6.027070176273241486e-09
1.740606903055663679e-07
2.366149624011271158e-07
2.150960434210702488e-07
1.307705788100577138e-07
0.000000000000000000e+00
