0.000000000000000000e+00
2.985290903367854298e-10
1.310972663759457646e-09
3.063798437175080380e-09
5.514099066239452895e-09
8.540409379698132852e-09
1.208221644954932117e-08
1.614606637279081269e-08
2.074685778730156471e-08
2.572236124098736809e-08
3.092818778860362272e-08
3.632363820837980484e-08
4.188238944546895937e-08
4.745885984203113139e-08
5.302516192795536654e-08
5.836221816934994422e-08
6.354648396378337338e-08
6.834475763106695467e-08
7.292209669440552489e-08
7.686421255037600986e-08
8.018070685178457779e-08
8.307999088685846800e-08
8.536572115858120924e-08
8.701441855940572623e-08
8.783710991888682429e-08
8.806737794575525413e-08
8.765915560093873182e-08
8.627195768884377003e-08
8.432894660348466687e-08
8.189958211612946570e-08
7.878931773674935357e-08
7.492313358614666186e-08
7.062471329977171308e-08
6.602156199519981783e-08
6.118064255211663749e-08
5.585176821032433736e-08
5.028865257550307888e-08
4.474412862442989081e-08
3.919298630084000479e-08
3.361230171972096059e-08
2.827966316676366887e-08
2.322926673237191153e-08
1.853665410056493101e-08
1.421379447474890867e-08
1.033431307195797899e-08
7.078439279162296316e-09
4.353806426493633808e-09
2.299289092455580885e-09
9.078923168814867495e-10
1.679790750941378974e-10
1.205965327599756165e-10
8.027267739407761837e-10
2.168439650063191948e-09
4.269884446017613300e-09
7.033760907049213529e-09
1.032571050885167097e-08
1.410601468965211325e-08
1.844718300336722905e-08
2.323098580170324112e-08
2.833567647186896465e-08
3.364575362763133626e-08
3.914440871444213599e-08
4.468323133721696649e-08
5.017207560520375864e-08
5.569178285202980305e-08
6.102490879289490522e-08
6.599228918879873618e-08
7.062954920922237534e-08
7.497290543945211994e-08
7.863126394447306211e-08
8.171495902153935731e-08
8.423597797069248827e-08
8.632120396256937056e-08
8.751091384873177503e-08
8.802424089626725845e-08
8.778050297753026143e-08
8.697418008019042190e-08
8.536180839957552280e-08
8.314753774385508223e-08
8.035818388485438390e-08
7.680752445171634690e-08
7.281956226901087348e-08
6.830906573718209529e-08
6.351248027502975901e-08
5.848781581274664632e-08
5.310048190043659133e-08
4.743779880023168971e-08
4.185284441238223963e-08
3.631306055851268866e-08
3.095142753206658881e-08
2.573020962959304825e-08
2.079528338416736233e-08
1.623999046351798370e-08
1.212496858471467931e-08
8.527980321915151762e-09
5.510151335208490764e-09
3.105096291200482028e-09
1.423570816783126247e-09
3.899779388305546490e-10
0.000000000000000000e+00
