0.000000000000000000e+00
2.240718721679968439e-11
9.840905867974925059e-11
2.299822554618913273e-10
4.139095732824671359e-10
6.410795228006804791e-10
9.069440753961544033e-10
1.211995726002612628e-09
1.557347473202241872e-09
1.930829607310613483e-09
2.321604464228244069e-09
2.726612491343871625e-09
3.143874827138404271e-09
3.562467987272555092e-09
3.980300533612535219e-09
4.380922957736288481e-09
4.770077333127176189e-09
5.130255220642254699e-09
5.473849151726994933e-09
5.769761557417041331e-09
6.018712639388468233e-09
6.236343774723707156e-09
6.407921859796772424e-09
6.531681862043114961e-09
6.593435908364142506e-09
6.610717639965457693e-09
6.580076039597315685e-09
6.475947000872395165e-09
6.330098334395017901e-09
6.147734321615416775e-09
5.914266076878504919e-09
5.624052001884649599e-09
5.301394989665197954e-09
4.955863719402486822e-09
4.592479396769988398e-09
4.192471814157272547e-09
3.774881851548173017e-09
3.358684219634255896e-09
2.941992094385170731e-09
2.523081188421372190e-09
2.122790609959679387e-09
1.743686195432303521e-09
1.391438186892912654e-09
1.066942534322379288e-09
7.757314790524105774e-10
5.313318673927369673e-10
3.268096904207595799e-10
1.725860565571224470e-10
6.814382391695517072e-11
1.260469506547678975e-11
9.044986981621150335e-12
6.024769572121613237e-11
1.627634693690538370e-10
3.205076204437773413e-10
5.279777726130419069e-10
7.750872166312205991e-10
1.058853227320355472e-09
1.384719672259393519e-09
1.743811095522573851e-09
2.126994358420120079e-09
2.525593623126098919e-09
2.938346010949999254e-09
3.354112876330361814e-09
3.766128742199725821e-09
4.180463863967531779e-09
4.580790524677524900e-09
4.953665921902938862e-09
5.301756478282015905e-09
5.627791122009284663e-09
5.902402566704267883e-09
6.133878849290397284e-09
6.323118917350711854e-09
6.479642045142952611e-09
6.568947719109985428e-09
6.607481339848675361e-09
6.589187973027321732e-09
6.528658613724758197e-09
6.407628982962876307e-09
6.241416938834731809e-09
6.032034094438643024e-09
5.765506405630560494e-09
5.466151198341151485e-09
5.127576030439229271e-09
4.767521377679884154e-09
4.390350194505288073e-09
3.985953012097809278e-09
3.560886141507069169e-09
3.141654159044549033e-09
2.725816128368308000e-09
2.323348069488417877e-09
1.931420356982016528e-09
1.560982787474074485e-09
1.219042422562210959e-09
9.101543962941605059e-10
6.401456031923657974e-10
4.136141429356143817e-10
2.330818871243423018e-10
1.068569677187269917e-10
2.927391662410627760e-11
0.000000000000000000e+00
