0.000000000000000000e+00
9.279041091048156886e-09
1.627134038617583656e-08
2.153072009569712009e-08
2.561360368247278529e-08
2.882097860368304509e-08
3.137111947992821115e-08
3.338599419144827607e-08
3.506290724430982664e-08
3.645237023341962868e-08
3.759541888914696983e-08
3.853398933273410876e-08
3.937066717085713208e-08
4.005360021430703910e-08
4.066484249332091849e-08
4.117097762712518261e-08
4.162682520902905026e-08
4.202154990640138976e-08
4.237519912742016004e-08
4.267471775953879387e-08
4.293547650746631916e-08
4.318302426753461987e-08
4.340789372392350742e-08
4.358957261807461236e-08
4.376109663528637839e-08
4.392439578726481386e-08
4.406197784412313467e-08
4.417585419691505422e-08
4.428648825438585845e-08
4.439483369811370039e-08
4.448327362016613051e-08
4.454710555990004650e-08
4.463205849347673393e-08
4.468806813484604845e-08
4.474225123729524967e-08
4.478032444854562755e-08
4.482638993330567700e-08
4.486033000627998035e-08
4.488246407863272225e-08
4.491898297764862491e-08
4.493522332005284170e-08
4.494588745629357618e-08
4.495107241986318058e-08
4.494196392812455088e-08
4.493058136656458146e-08
4.493391592141904312e-08
4.491714067356156193e-08
4.488895510856849569e-08
4.485735960457759575e-08
4.483176185843262829e-08
4.479083726138810562e-08
4.474314718727612217e-08
4.467921965733978595e-08
4.461083136231280832e-08
4.453996493847256488e-08
4.446016610426539728e-08
4.437995482220458143e-08
4.427989030997281361e-08
4.415866494689169031e-08
4.403387487972310055e-08
4.390077046334539546e-08
4.375534123912672158e-08
4.357591321113574168e-08
4.337833614531660942e-08
4.317148327714903644e-08
4.291740762774054474e-08
4.264707664791700381e-08
4.234394945790143083e-08
4.199289571626962925e-08
4.159334510145384911e-08
4.112931084598869802e-08
4.061142355737956677e-08
3.999683895195005334e-08
3.927709513185106971e-08
3.845721618933595209e-08
3.748618249144186620e-08
3.633209477715837465e-08
3.492489553114097589e-08
3.322691222162887925e-08
3.113232527329756749e-08
2.855940450796623509e-08
2.527759512815919152e-08
2.111195340770422035e-08
1.565545926229816587e-08
8.485262270596649614e-09
9.913807552663911338e-10
1.388697334903099545e-08
3.110399005024078178e-08
5.392173374474396041e-08
8.232108839045793047e-08
1.131771831808237039e-07
1.388592727469273314e-07
1.486358923719066638e-07
1.370986091320247624e-07
1.103521612977331756e-07
7.931026302365751235e-08
5.149301396389915908e-08
2.923107500496513467e-08
1.246054759374004561e-08
5.551115123125782702e-16
