0.000000000000000000e+00
6.965286125648617599e-10
1.221396983552835991e-09
1.616193845421776132e-09
1.922671022391853057e-09
2.163430323776083242e-09
2.354854422570440420e-09
2.506104546107223996e-09
2.631980966505409469e-09
2.736278759130073013e-09
2.822080125142178986e-09
2.892533434994959407e-09
2.955337308208072500e-09
3.006598747745670153e-09
3.052484265353427872e-09
3.090475431122285954e-09
3.124695169276492379e-09
3.154322802956244232e-09
3.180870788987988362e-09
3.203355136704999495e-09
3.222927036361511455e-09
3.241511836726829188e-09
3.258389447147180817e-09
3.272028759049305791e-09
3.284903460354371418e-09
3.297162098903072547e-09
3.307490947790370228e-09
3.316035890321700208e-09
3.324340691612803766e-09
3.332472853223578113e-09
3.339114318379188262e-09
3.343903598462816262e-09
3.350284716319151812e-09
3.354485800244333404e-09
3.358555766830306766e-09
3.361411371471945131e-09
3.364869605171350031e-09
3.367414458388395815e-09
3.369076573278562137e-09
3.371819490283201048e-09
3.373037071874307458e-09
3.373839985165716371e-09
3.374231671848804126e-09
3.373543444595838992e-09
3.372691681491346571e-09
3.372942591894911857e-09
3.371681600583542604e-09
3.369567180833143993e-09
3.367195189341032346e-09
3.365272727151591425e-09
3.362201628220873317e-09
3.358620492832642412e-09
3.353823441187842036e-09
3.348688881743555612e-09
3.343369692210274025e-09
3.337379483880908992e-09
3.331356746016922443e-09
3.323847863612172659e-09
3.314745922189388239e-09
3.305380302798255343e-09
3.295387407398209234e-09
3.284471916664699620e-09
3.271001691729225058e-09
3.256172997900819155e-09
3.240644419477689553e-09
3.221571898137653989e-09
3.201280129871975078e-09
3.178528107383726820e-09
3.152173300158267466e-09
3.122183733772487813e-09
3.087347377750404576e-09
3.048475361033808895e-09
3.002343818003794240e-09
2.948314259398898685e-09
2.886771599541759770e-09
2.813881128105322205e-09
2.727248094025469527e-09
2.621619366038885346e-09
2.494162654187448425e-09
2.336933535573848530e-09
2.143796695719402123e-09
1.897451751275980314e-09
1.584755771055768037e-09
1.175168518052771560e-09
6.369422766994148333e-10
7.441713911759961775e-11
1.042412378637891379e-09
2.334798243630586967e-09
4.047597257361701395e-09
6.179367018077641660e-09
8.495547154652172139e-09
1.042334329959260231e-08
1.115721781630441001e-08
1.029118767981174187e-08
8.283490227078971202e-09
5.953359583088513318e-09
3.865282760528998551e-09
2.194209036687766456e-09
9.353422480984363574e-10
6.661338147750939243e-16
