0.000000000000000000e+00
1.322653859769928886e-07
2.530773958175913663e-07
3.631997586017732260e-07
4.634395367464350102e-07
5.530845068602019410e-07
6.374833723121753337e-07
7.128143497681094232e-07
7.796508587620820663e-07
8.435479441626370090e-07
9.001669437624926218e-07
9.501511055720612831e-07
9.970498875411237805e-07
1.041191311612621462e-06
1.077349035427666024e-06
1.114126130685733074e-06
1.147466843542943593e-06
1.176679082171006030e-06
1.202051822968286388e-06
1.227273606185796950e-06
1.247925199843180621e-06
1.268731334658212972e-06
1.285329160549686378e-06
1.302318560103543632e-06
1.314112022532398782e-06
1.329020013818293933e-06
1.340032232510779409e-06
1.349590268984179886e-06
1.356686379017091326e-06
1.363355094596840900e-06
1.369071078727301938e-06
1.374427434086555877e-06
1.377492770515686971e-06
1.379352495112229349e-06
1.378791684381042160e-06
1.379495335851466109e-06
1.376718018475386884e-06
1.373796669756899291e-06
1.369483998203691044e-06
1.365325388080762536e-06
1.358648660354511151e-06
1.350643003772411532e-06
1.340001460237161268e-06
1.328072459561013829e-06
1.318067033739822591e-06
1.303004510733174470e-06
1.288441509705862131e-06
1.269837380135641070e-06
1.251528030654647239e-06
1.228861846280793202e-06
1.206225133776328562e-06
1.180000926526147964e-06
1.149738393824151217e-06
1.119353623457719493e-06
1.082997626689063964e-06
1.046046285257951070e-06
1.003873751237449596e-06
9.575347456047822448e-07
9.066097212961921059e-07
8.476841490967501613e-07
7.890800441945344801e-07
7.197017957150109169e-07
6.469101904160723393e-07
5.649769059257181425e-07
4.729940260572718103e-07
3.738169190858897650e-07
2.648480088573990088e-07
1.473576427546419154e-07
1.433323137955966331e-08
1.282965780280420631e-07
2.818315484320876863e-07
4.521256001810414205e-07
6.308042860281304343e-07
8.233403249180426542e-07
1.028963888316525299e-06
1.236384730374240348e-06
1.450543046899177568e-06
1.666234641151120854e-06
1.868717265263164506e-06
2.058803395654784651e-06
2.225472516936832790e-06
2.360447308280555490e-06
2.456273659023899825e-06
2.511191593779216191e-06
2.510159234470066281e-06
2.464849362171506186e-06
2.374149736916741915e-06
2.247271470023903817e-06
2.080212324506724997e-06
1.892494026600743950e-06
1.694802236329451262e-06
1.476280076628810889e-06
1.261976573463385876e-06
1.050968359006532182e-06
8.471769714635257742e-07
6.555215129600000523e-07
4.735938252675708782e-07
3.037411927531152855e-07
1.485790506183803927e-07
4.017034482828307773e-09
