0.000000000000000000e+00
7.546917835110633632e-08
1.396075004489460980e-07
1.910591029830044363e-07
2.314153854099387786e-07
2.625843218417855951e-07
2.866346068275404946e-07
3.052368853229125989e-07
3.196535065530525799e-07
3.308743595775709423e-07
3.396651163667385731e-07
3.466440533506087718e-07
3.521126170635824337e-07
3.564703636715904622e-07
3.599184067448746305e-07
3.626647895327295146e-07
3.648919472132305941e-07
3.666438261884508165e-07
3.681321388837588415e-07
3.692900895080342138e-07
3.702154881546348975e-07
3.709686002828505025e-07
3.716103161854888981e-07
3.720327135248169270e-07
3.724464860965781554e-07
3.727284827448329452e-07
3.729486501846679403e-07
3.731847122434572839e-07
3.733262898819589282e-07
3.735005067451169225e-07
3.735533589122042031e-07
3.735966549456293251e-07
3.736910161311612910e-07
3.736579647917182001e-07
3.737049557583915771e-07
3.737175673368398066e-07
3.737194365083240655e-07
3.737685984050997945e-07
3.737201373921195113e-07
3.737242015855457566e-07
3.737471356846100434e-07
3.737541276471745277e-07
3.737226684785710518e-07
3.737525848812595086e-07
3.737495654076994356e-07
3.737927722902156802e-07
3.737269022030531573e-07
3.737405551706984852e-07
3.737041095464022078e-07
3.737157865391083078e-07
3.737197314945817084e-07
3.737092575395450922e-07
3.736551712485436383e-07
3.736446474444932164e-07
3.736078166838296966e-07
3.735726714637621626e-07
3.734287310486195111e-07
3.733090538915462275e-07
3.731541409202066006e-07
3.729171502708794605e-07
3.727081979709723214e-07
3.723560304536022159e-07
3.719917149869189643e-07
3.715188536812519260e-07
3.708897907683805784e-07
3.701066336736502649e-07
3.691662158189501497e-07
3.679729161376599222e-07
3.665811492137294181e-07
3.646614128438585567e-07
3.624633576615465813e-07
3.596297499797174169e-07
3.561102510651892317e-07
3.516472962816763470e-07
3.460649686815031600e-07
3.389230601724690928e-07
3.299332169692803518e-07
3.184752541685043070e-07
3.036622366892061109e-07
2.846089615093916336e-07
2.599666715230597447e-07
2.280213253769147741e-07
1.868267529570033503e-07
1.341093114337610359e-07
6.876371438924167023e-08
7.527001022467061375e-09
8.500985948511896595e-08
1.344185325269364739e-07
9.225948960356333828e-08
1.426584536057262653e-07
6.404457750797121207e-07
1.247947627347478772e-06
1.519816146156038883e-06
1.195599849790340841e-06
5.831939899891835921e-07
1.090335669529096663e-07
1.028208795883500670e-07
1.324828186044513245e-07
7.823513203941701022e-08
1.110223024625156540e-16
