0.000000000000000000e+00
1.408266581126582651e-08
2.605099547192679665e-08
3.565196338151110922e-08
4.318252500024044593e-08
4.899870942320916356e-08
5.348654463777080537e-08
5.695776628122928287e-08
5.964794003165962977e-08
6.174176936379893732e-08
6.338214264545172227e-08
6.468442892426651269e-08
6.570487209867081901e-08
6.651803463597616428e-08
6.716144762553000191e-08
6.767392657369697417e-08
6.808951968917398290e-08
6.841642263832881099e-08
6.869414836963017024e-08
6.891022097388344037e-08
6.908290373086600766e-08
6.922343642745687475e-08
6.934318397266991951e-08
6.942200059256720124e-08
6.949920861032410357e-08
6.955183440293666308e-08
6.959291609653917021e-08
6.963696519424189546e-08
6.966338284009054860e-08
6.969589538829978892e-08
6.970575794351674404e-08
6.971383847975687331e-08
6.973144206501302733e-08
6.972527788473570354e-08
6.973404165222518714e-08
6.973639621321581217e-08
6.973674748778080357e-08
6.974592037245486154e-08
6.973687860512001180e-08
6.973763699846813324e-08
6.974191546493813121e-08
6.974322031005897315e-08
6.973734856252633563e-08
6.974293176309487308e-08
6.974236910206599305e-08
6.975042887713556183e-08
6.973813604371770225e-08
6.974068500475993915e-08
6.973388733122476424e-08
6.973606392346454186e-08
6.973679900212914617e-08
6.973484800720797239e-08
6.972475485866880263e-08
6.972279098516054319e-08
6.971591759441508884e-08
6.970936083927625759e-08
6.968249854910624208e-08
6.966016941056807354e-08
6.963126142345288372e-08
6.958703757664608247e-08
6.954804898651190115e-08
6.948233244319368396e-08
6.941434815832536742e-08
6.932611607002314713e-08
6.920873130145110963e-08
6.906258842587220670e-08
6.888710857300139878e-08
6.866443236219765822e-08
6.840472699387589728e-08
6.804650176661652949e-08
6.763634030626519689e-08
6.710758315708886812e-08
6.645083938661144884e-08
6.561804211102639783e-08
6.457636914092290681e-08
6.324367396448593581e-08
6.156614795749248970e-08
5.942807412839812287e-08
5.666393032566219290e-08
5.310855411000403592e-08
4.851024948404614179e-08
4.254918473112212496e-08
3.486219568582527017e-08
2.502502038925769057e-08
1.283141448649161021e-08
1.404553695572019478e-09
1.586292219801777037e-08
2.508246521593093803e-08
1.721505404894685398e-08
2.662184195312278234e-08
1.195104596396490138e-07
2.328709984844579139e-07
2.836016714802269689e-07
2.231029258004113558e-07
1.088271436300303208e-07
2.034733082023620909e-08
1.918586345350803413e-08
2.472126958696918564e-08
1.459874643394698523e-08
3.441691376337985275e-15
