0.000000000000000000e+00
1.344452771334658792e-09
5.361876720400005070e-09
1.200428156877819674e-08
2.118508390935858188e-08
3.276891669123926931e-08
4.657998953216946347e-08
6.228057858326252472e-08
7.968378190614799905e-08
9.851702498231418303e-08
1.185315046114965298e-07
1.392780386577641139e-07
1.605852173458544030e-07
1.821052393324862351e-07
2.033227475273235996e-07
2.237558669460071314e-07
2.435427712832449743e-07
2.620697175936825829e-07
2.791269826385445185e-07
2.943523239595791097e-07
3.076103018972986547e-07
3.185789534398963951e-07
3.272162951706292233e-07
3.332296041325122360e-07
3.365315043302175013e-07
3.373161246988942708e-07
3.352159704261836737e-07
3.306761451327133727e-07
3.232185629142847461e-07
3.134016014483265167e-07
3.012762948007008390e-07
2.869946704731063392e-07
2.708385750116448776e-07
2.530454172866569706e-07
2.338305924443062622e-07
2.136449770429038608e-07
1.928468085221624051e-07
1.714227055860106930e-07
1.499191972786917404e-07
1.289271183146922795e-07
1.084939149631480859e-07
8.904246251439928983e-08
7.089426756756722625e-08
5.431232452668410815e-08
3.951128724200003717e-08
2.677472032974748117e-08
1.640393376689530669e-08
8.458398537136702089e-09
3.161053863109941631e-09
4.809962428353742325e-10
4.376357054525215062e-10
3.132794468285737821e-09
8.536834794625747236e-09
1.646075964423232563e-08
2.690079725642391395e-08
3.952844607191252635e-08
5.429320937277992698e-08
7.087883668877026366e-08
8.903086301526030866e-08
1.085551296631237506e-07
1.290115787533352432e-07
1.500942021781526137e-07
1.714772630556637978e-07
1.927879883512062520e-07
2.137609119712280403e-07
2.340822704560707734e-07
2.531302544239721897e-07
2.710899219549034456e-07
2.871431415973901835e-07
3.013685059283233159e-07
3.136889054067282245e-07
3.234299701393439364e-07
3.305664532105012654e-07
3.353535351635628103e-07
3.374636191599833523e-07
3.368312916363080944e-07
3.333653799675317941e-07
3.273146076399058302e-07
3.188052387637085872e-07
3.078546563228812261e-07
2.944102431845507795e-07
2.792898254888598331e-07
2.622642303329314473e-07
2.436298938146563842e-07
2.239754763877499499e-07
2.032402093288254719e-07
1.820815744846271400e-07
1.606605357640233933e-07
1.394005690880106840e-07
1.185786169255464984e-07
9.855092841792867375e-08
7.967312409817850494e-08
6.224350401762279716e-08
4.653747309735223325e-08
3.278410865004133257e-08
2.125500442318184469e-08
1.205541855231473392e-08
5.402778557872522924e-09
1.351675105176752822e-09
0.000000000000000000e+00
