0.000000000000000000e+00
1.553492088302022012e-07
2.382234309816766427e-07
2.883258245489628280e-07
3.249853242071054638e-07
3.548111522366781401e-07
3.819112275316172145e-07
4.066482787168368418e-07
4.308066481328864938e-07
4.537171083285329587e-07
4.751916361511732134e-07
4.958746593342056030e-07
5.147947753636472612e-07
5.314921034393904620e-07
5.482623677277587149e-07
5.631114393667147056e-07
5.778392064836879172e-07
5.901760323778759698e-07
6.027336243441538954e-07
6.139376407254815149e-07
6.248011754639293258e-07
6.339729021753726101e-07
6.424405118998777198e-07
6.499504570101066747e-07
6.581324939469723745e-07
6.651029206272696115e-07
6.708461938176313311e-07
6.769994447264338078e-07
6.820824057784946604e-07
6.864729092947996492e-07
6.909636979246513988e-07
6.953120248454069952e-07
6.986651481799555086e-07
7.018764391908405287e-07
7.046369119301232331e-07
7.067258401827203329e-07
7.088323087378611831e-07
7.105541715013430348e-07
7.121185775504912385e-07
7.131174721841659903e-07
7.144305258499628053e-07
7.148554925784367242e-07
7.152986001290884133e-07
7.151302909846890543e-07
7.147519036632132838e-07
7.139419540003189013e-07
7.132902773987481737e-07
7.117011822099783558e-07
7.104191812601357015e-07
7.086255249255657418e-07
7.065732577915539991e-07
7.042248195698874724e-07
7.015824341483067883e-07
6.982641798103372821e-07
6.944998279800884688e-07
6.910897913936508985e-07
6.858124432795875691e-07
6.807855025270370675e-07
6.763631190676022698e-07
6.707162591990112332e-07
6.643399902417357339e-07
6.569555567326190726e-07
6.497778739511517188e-07
6.418033329236294549e-07
6.329075956656993185e-07
6.233945261113760239e-07
6.125496114783857138e-07
6.012545654687784236e-07
5.894590329180715571e-07
5.757262802053020323e-07
5.620577776532797998e-07
5.462551142532134918e-07
5.297623760780467705e-07
5.129252398372585731e-07
4.930222102794701300e-07
4.732367717696916998e-07
4.514560737467476770e-07
4.287460858565239619e-07
4.043642236606359575e-07
3.792245416578410300e-07
3.509975546878152386e-07
3.211115621182258906e-07
2.836838964848098499e-07
2.303228440192484072e-07
1.445527723076267534e-07
2.172505830788651338e-08
3.613815605651993224e-07
1.066524524695466880e-06
2.476548084051621856e-06
5.077700916178429225e-06
8.999698546618972728e-06
1.310991564262842246e-05
1.483828801063236114e-05
1.276595193600016387e-05
8.561434223230968144e-06
4.745603862987834987e-06
2.289441560887617300e-06
9.693555623746519245e-07
3.142954833057487463e-07
1.887379141862766119e-15
