0.000000000000000000e+00
2.900337325861812587e-08
4.447751889014028848e-08
5.383302370542963899e-08
6.067803370868318780e-08
6.624649140363203514e-08
7.130549672940134087e-08
7.592298378877870846e-08
8.043205190766400392e-08
8.470801615700906950e-08
8.871580392533218173e-08
9.257575717125376968e-08
9.610665885340097248e-08
9.922276056339995876e-08
1.023523429344308511e-07
1.051234223004016144e-07
1.078717920544036701e-07
1.101740191300493166e-07
1.125173836324933063e-07
1.146081628489170612e-07
1.166353666981478909e-07
1.183468945065158096e-07
1.199270582841194255e-07
1.213285005796649330e-07
1.228552662935200601e-07
1.241560007025910295e-07
1.252277564978143687e-07
1.263760106562372698e-07
1.273244888411184661e-07
1.281438081202068702e-07
1.289818131189335304e-07
1.297932140653657029e-07
1.304189886086604133e-07
1.310181969582657757e-07
1.315333598705947793e-07
1.319231424101729999e-07
1.323162467370408990e-07
1.326375316246242164e-07
1.329294624374810496e-07
1.331158823170142114e-07
1.333608630194049738e-07
1.334401866781576018e-07
1.335228511090136294e-07
1.334914659922858959e-07
1.334208580283657852e-07
1.332697416867034690e-07
1.331480888877578650e-07
1.328515780718575456e-07
1.326123301170767377e-07
1.322776057577357278e-07
1.318946611927884760e-07
1.314564075372004481e-07
1.309633680390831501e-07
1.303441626854251467e-07
1.296417161400498230e-07
1.290053383007361276e-07
1.280206001208483713e-07
1.270825483734583372e-07
1.262572558724528449e-07
1.252035134458040488e-07
1.240136600078045603e-07
1.226356931560701469e-07
1.212963083307982970e-07
1.198081533981820712e-07
1.181481996681554847e-07
1.163729589359618899e-07
1.143492208699470325e-07
1.122414395871018655e-07
1.100402390319388246e-07
1.074775946019457251e-07
1.049268161246175168e-07
1.019778643751578784e-07
9.890006869017753388e-08
9.575787940363511552e-08
9.204361750558831545e-08
8.835109721605505229e-08
8.428622688683162778e-08
8.004770590819276777e-08
7.549687630614698719e-08
7.080430630690415228e-08
6.553513698381863151e-08
5.995537866176903208e-08
5.296708860402787877e-08
4.300362854703365656e-08
2.698910139820043241e-08
4.053536395431933670e-09
6.745716085720943056e-08
1.990698489384712389e-07
4.622306163382106092e-07
9.476611034786586174e-07
1.679528143894160053e-06
2.446428767233221890e-06
2.768938021202593802e-06
2.382277984547265248e-06
1.597752738669022676e-06
8.856982504079624618e-07
4.273222632411588506e-07
1.809422891518863707e-07
5.867141339432890845e-08
1.443289932012703503e-15
