0.000000000000000000e+00
1.991593878281072705e-05
2.254595636219658417e-05
2.309417433710159173e-05
2.324273406006938103e-05
2.328561419473462735e-05
2.329500852904509145e-05
2.329308214710223979e-05
2.328770809056912583e-05
2.328131338003025519e-05
2.327502914978296644e-05
2.326916529049594118e-05
2.326398469942869696e-05
2.325945057912726099e-05
2.325542058323470940e-05
2.325188564744617992e-05
2.324874387427122713e-05
2.324609585824255475e-05
2.324351837412752531e-05
2.324140163856291963e-05
2.323942038218174133e-05
2.323772598211704121e-05
2.323618845467834149e-05
2.323475275867181722e-05
2.323355509725733015e-05
2.323248638202990435e-05
2.323142173221715012e-05
2.323047215235796159e-05
2.322966889134470136e-05
2.322881835048473675e-05
2.322816477340339247e-05
2.322753849381964386e-05
2.322697272072460351e-05
2.322640662932862199e-05
2.322592834413939045e-05
2.322556689793309204e-05
2.322515513719647373e-05
2.322487724515376328e-05
2.322452266800834053e-05
2.322424606426842786e-05
2.322400352117170996e-05
2.322386085507055498e-05
2.322354264738812901e-05
2.322354825912142928e-05
2.322342065352867024e-05
2.322330907966740909e-05
2.322322907777341072e-05
2.322311781322028423e-05
2.322310405888927676e-05
2.322315220959492166e-05
2.322311916735930737e-05
2.322310054314602468e-05
2.322323424852612561e-05
2.322333731674675050e-05
2.322344054084268805e-05
2.322360206641338465e-05
2.322376675290005466e-05
2.322396102460988487e-05
2.322425430434371663e-05
2.322440388158319990e-05
2.322471130744574452e-05
2.322511952035366534e-05
2.322548816580116693e-05
2.322595794446158379e-05
2.322636512930298380e-05
2.322685942490743116e-05
2.322745288119154594e-05
2.322807109034208395e-05
2.322871432169915096e-05
2.322946342425691313e-05
2.323039915841373926e-05
2.323132218629009316e-05
2.323233342682584635e-05
2.323339969967364027e-05
2.323455978792132726e-05
2.323600153841809401e-05
2.323753907707004629e-05
2.323925487823785829e-05
2.324116246921192896e-05
2.324317712121271029e-05
2.324572165357530196e-05
2.324833375921819822e-05
2.325133784375488233e-05
2.325487802767867151e-05
2.325883458098587653e-05
2.326334472257940433e-05
2.326830748067276744e-05
2.327411288793879152e-05
2.328031995135759757e-05
2.328678675178608160e-05
2.329246240739824003e-05
2.329525340616367401e-05
2.328823601116525310e-05
2.325335952857443544e-05
2.312983718955052836e-05
2.268336771038548250e-05
2.065238391779633531e-05
6.193608936388983466e-06
1.314194183474892696e-04
2.220446049250313081e-16
