0.000000000000000000e+00
1.081686480386423455e-07
2.092506584672193526e-07
2.992057870354614124e-07
3.803988277706338295e-07
4.535343883782516627e-07
5.232464705962058815e-07
5.828956181064270936e-07
6.400848774346101777e-07
6.915527954731714999e-07
7.360779232801206717e-07
7.798613723686287358e-07
8.181375592553052911e-07
8.509508208076610458e-07
8.847954841018079719e-07
9.130915535893180390e-07
9.378464310705325602e-07
9.631967170520283616e-07
9.848662939626606772e-07
1.003097720442269747e-06
1.022833009733936649e-06
1.037509884116438741e-06
1.052844657012386165e-06
1.064453863053316240e-06
1.077882889388703802e-06
1.086788141924088791e-06
1.095287576857728595e-06
1.104919414740557215e-06
1.111589098212739657e-06
1.116685617974511047e-06
1.121708834261880838e-06
1.124717976530575925e-06
1.127715193227629698e-06
1.127445967696871776e-06
1.129777559949474153e-06
1.128056022592360819e-06
1.126653442429237373e-06
1.125070968277519512e-06
1.120881121141614756e-06
1.117284118556938211e-06
1.112315631934812643e-06
1.105778979604288281e-06
1.096788504684198529e-06
1.088764084111737418e-06
1.079180385610278847e-06
1.067781640884390981e-06
1.054990614979267605e-06
1.040715002620373753e-06
1.024329719712113729e-06
1.007275776343519169e-06
9.873286835881955881e-07
9.649821098856037338e-07
9.428642178122004225e-07
9.154079492201816493e-07
8.884034287115483153e-07
8.549205379182467368e-07
8.224942019685599348e-07
7.846488263574258326e-07
7.430574060496297761e-07
6.973379438335314262e-07
6.470663095337059190e-07
5.911418963222558887e-07
5.283612083406552529e-07
4.640233426389528404e-07
3.904030446699735535e-07
3.087419258029910907e-07
2.204969621333319196e-07
1.221345706792220653e-07
1.349800771155429402e-08
1.012248271869964356e-07
2.328407847640434625e-07
3.696231738459232474e-07
5.143086678760511177e-07
6.707230899571925420e-07
8.409306155865436949e-07
1.008749278774700997e-06
1.183816613625765513e-06
1.363847365487558250e-06
1.530745369016095481e-06
1.681118696916783506e-06
1.818804239883675677e-06
1.929201985828576937e-06
2.011681475289073262e-06
2.048545097221854405e-06
2.050933595842963086e-06
2.015216540307562809e-06
1.940409599332504342e-06
1.837726583020504734e-06
1.698744627187664946e-06
1.546341040992160742e-06
1.383316625913622033e-06
1.209458554196629620e-06
1.029669256635834529e-06
8.613173825278153117e-07
6.902026310484643545e-07
5.327102631236257935e-07
3.877313904387946764e-07
2.450284624089249519e-07
1.159223316227198097e-07
2.510240015851650242e-09
