0.000000000000000000e+00
4.158331299741746534e-06
7.292914872447653352e-06
9.687682032355482420e-06
1.152450812547112236e-05
1.297020702994977626e-05
1.411261271344610435e-05
1.503237956834713174e-05
1.577565068811015436e-05
1.639237489448053253e-05
1.691266564274318540e-05
1.733432132267065384e-05
1.770635013598198526e-05
1.802373099357712505e-05
1.828857418595397633e-05
1.852094006282722916e-05
1.872844726180655783e-05
1.890583733121786736e-05
1.906175680777000281e-05
1.919565143604362589e-05
1.932124462455941938e-05
1.942540644905843550e-05
1.952248418146673714e-05
1.960867164807478247e-05
1.968576114963482837e-05
1.975819742561224501e-05
1.982004389589064886e-05
1.987216134269331747e-05
1.992139838213891068e-05
1.996639321821813695e-05
2.000942528324056724e-05
2.004485522022481092e-05
2.007630690004091889e-05
2.009721917395346225e-05
2.012842496623701294e-05
2.014956353146857282e-05
2.016767789803086686e-05
2.017931778586223857e-05
2.019542259446005517e-05
2.020528220736395042e-05
2.020899684829213783e-05
2.021423885167905610e-05
2.021970553611751598e-05
2.021601017754282026e-05
2.021702460841545701e-05
2.021199248958271966e-05
2.019771946570880772e-05
2.019119502028043911e-05
2.017798176201512916e-05
2.016607466293063311e-05
2.014087418289456366e-05
2.012305437526507035e-05
2.010157872245343924e-05
2.007024986017125201e-05
2.003794720750740055e-05
2.000582247940752012e-05
1.996187796049486707e-05
1.991688393976343008e-05
1.986330131997782189e-05
1.981056608102438332e-05
1.975193167080835366e-05
1.968220243686591431e-05
1.960433647318904349e-05
1.950966818686783455e-05
1.941614641609579195e-05
1.930601276745047556e-05
1.918322308047670788e-05
1.904770690186463611e-05
1.888599622834608027e-05
1.870626394173680040e-05
1.850007703252387614e-05
1.826878247201957350e-05
1.799149097325702940e-05
1.767842764210936224e-05
1.730651574649577640e-05
1.686742445439204374e-05
1.633824976032816068e-05
1.571031489444596474e-05
1.495269086748685083e-05
1.401419879254461875e-05
1.283965760046079652e-05
1.136827466929890562e-05
9.496036437739441283e-06
7.052863027490197112e-06
3.802015409726244854e-06
4.894523052412225184e-07
6.250775871907698900e-06
1.404158688511625286e-05
2.431041084383078754e-05
3.717272351977385370e-05
5.101994911094198670e-05
6.274031418673775562e-05
6.708802103416733331e-05
6.185792502910736346e-05
4.974182923711545357e-05
3.581247163053635774e-05
2.316758843590172035e-05
1.316934840311922983e-05
5.620567643971341454e-06
3.330669073875469621e-16
