0.000000000000000000e+00
7.758794553502923463e-07
1.360863177479743058e-06
1.807811666476588641e-06
2.150580023618786640e-06
2.420375673883867762e-06
2.633554765596457514e-06
2.805188016541393381e-06
2.943875108796234485e-06
3.058955949208908009e-06
3.156057055919703203e-06
3.234721664080453252e-06
3.304154536531989095e-06
3.363385825849718458e-06
3.412800449686947957e-06
3.456159052395157971e-06
3.494888189292666425e-06
3.527989730245373323e-06
3.557084781169450594e-06
3.582065222551555905e-06
3.605505989989765681e-06
3.624937062074451433e-06
3.643053604673873735e-06
3.659136542100149825e-06
3.673521757785458419e-06
3.687042643529814256e-06
3.698583364020180397e-06
3.708304789240557398e-06
3.717491443788745187e-06
3.725888828021162169e-06
3.733922452564542027e-06
3.740533772611520646e-06
3.746402743920462797e-06
3.750296814986064931e-06
3.756128114873469315e-06
3.760072628589128385e-06
3.763452816718526606e-06
3.765620329443386538e-06
3.768630051803611991e-06
3.770469879871285457e-06
3.771158568977028835e-06
3.772137776913986329e-06
3.773161311615425006e-06
3.772467287888048304e-06
3.772661044454395096e-06
3.771722035139646323e-06
3.769050716195820883e-06
3.767837713053445725e-06
3.765371019093244342e-06
3.763153649027906056e-06
3.758443080092987998e-06
3.755122406468025531e-06
3.751118534345287969e-06
3.745268884025598766e-06
3.739239969657859319e-06
3.733250158233225591e-06
3.725045114588709794e-06
3.716649025320428734e-06
3.706646433565552456e-06
3.696809638409348509e-06
3.685873435022024580e-06
3.672861759507206614e-06
3.658331748757071011e-06
3.640656423664623276e-06
3.623210532044396359e-06
3.602657625223493199e-06
3.579746038595565949e-06
3.554463028909715661e-06
3.524282193079208980e-06
3.490743331169277042e-06
3.452265897596618061e-06
3.409113252361706259e-06
3.357363265288348941e-06
3.298951029129248980e-06
3.229550942562831040e-06
3.147614880294469231e-06
3.048855833687191819e-06
2.931683046325517239e-06
2.790317752410231833e-06
2.615190253907329065e-06
2.395997691140294705e-06
2.121425522139119835e-06
1.772075054584654197e-06
1.316141645446577968e-06
7.093820961756591714e-07
9.143776491526978134e-08
1.166492346937886282e-06
2.620576949330377658e-06
4.537088536427091867e-06
6.938106914544661663e-06
9.522728639632660474e-06
1.171079585127188238e-05
1.252242334470743401e-05
1.154638608258373722e-05
9.284242926232977311e-06
6.683966181419975783e-06
4.323606615286301746e-06
2.457639812769585319e-06
1.048885549526090699e-06
2.220446049250313081e-16
