0.000000000000000000e+00
1.138037725312290860e-05
1.287522898629767099e-05
1.477864773313797286e-05
1.666661651522627352e-05
1.851773391525757262e-05
2.030398269925459687e-05
2.197724613717255693e-05
2.356275403059271412e-05
2.502883098820518626e-05
2.638572702506891687e-05
2.761362693737279272e-05
2.875597429274900918e-05
2.979333181407639586e-05
3.072739245402189567e-05
3.158534949210256570e-05
3.236235166570455846e-05
3.307104567007446150e-05
3.369909562345174692e-05
3.425091630304688550e-05
3.476586334616449392e-05
3.522036165692910004e-05
3.562232291443034882e-05
3.598204513199920740e-05
3.631170107631920274e-05
3.658892108804323584e-05
3.682916980818351504e-05
3.702940122274345214e-05
3.720424003572642135e-05
3.735370841828622446e-05
3.747505370477188791e-05
3.756464803228443117e-05
3.763149214963679157e-05
3.766842617025645268e-05
3.768479396659696334e-05
3.768146657801008104e-05
3.763675797296972547e-05
3.758055344216248983e-05
3.749102059169562295e-05
3.736620807337498462e-05
3.722583541854174172e-05
3.705747969451334001e-05
3.685399512254328158e-05
3.662028556317142858e-05
3.633953250747889996e-05
3.602256363455236254e-05
3.566579544478365449e-05
3.526844006263019082e-05
3.482081799477398931e-05
3.432320970275792860e-05
3.377158490303067140e-05
3.315331301689816712e-05
3.244990454687179948e-05
3.168420562160711995e-05
3.084247855722477283e-05
2.990943343239571561e-05
2.888640374798523425e-05
2.776256051029157845e-05
2.653647839845341139e-05
2.519809051404475753e-05
2.375179084601608537e-05
2.219048633711473428e-05
2.051367140953885837e-05
1.873242380834305720e-05
1.689237839153090448e-05
1.500348409566587549e-05
1.310152124589514244e-05
1.444433861119698292e-05
2.438835657313231930e-05
1.670848083523690519e-05
6.939032572428338597e-06
6.343684432197349565e-06
6.452163727299620177e-06
7.482323526430967320e-06
9.584091846259745751e-06
1.291499780542437747e-05
1.756193945134931766e-05
2.344535822340620967e-05
3.036957160629238928e-05
3.781678997882842452e-05
4.526123067416509826e-05
5.191523609238135606e-05
5.694223375318774316e-05
5.976389860840036761e-05
5.993653731739545520e-05
5.742652747231513644e-05
5.261745574858256447e-05
4.610385115588755411e-05
3.871663671939362672e-05
3.123451866515747355e-05
2.420413125414633271e-05
1.818522527041732673e-05
1.341038270430416901e-05
9.922271194895415647e-06
7.687413339896309594e-06
6.510165705853054874e-06
6.308387403675119742e-06
6.829694532584085209e-06
8.245188041766660092e-06
4.239619981038361685e-08
