0.000000000000000000e+00
2.049888295219126633e-06
2.403016024832282937e-06
2.758210945419392601e-06
3.110525293892330012e-06
3.455961523179951200e-06
3.789289499289694163e-06
4.101528077171678888e-06
4.397390712895798970e-06
4.670964048325565443e-06
4.924162305020018948e-06
5.153285858594536251e-06
5.366444491672339723e-06
5.560007876437289553e-06
5.734300945414716466e-06
5.894389518479314916e-06
6.039376897026826896e-06
6.171604638338656912e-06
6.288792035569201744e-06
6.391758195944952092e-06
6.487843526969960806e-06
6.572641373159271438e-06
6.647641925594527379e-06
6.714766489612777889e-06
6.776273251407616272e-06
6.827998194069984095e-06
6.872821470826906420e-06
6.910184596642388044e-06
6.942806519250055430e-06
6.970697033814587940e-06
6.993335642246911732e-06
7.010048268418778150e-06
7.022527116373744605e-06
7.029410610703834550e-06
7.032464106604408016e-06
7.031839646343129857e-06
7.023508341585937842e-06
7.013013360257502882e-06
6.996307475581886592e-06
6.973031113632899292e-06
6.946834126941858756e-06
6.915421610798055951e-06
6.877454474807365159e-06
6.833844964027058211e-06
6.781463393612519042e-06
6.722321429952771155e-06
6.655753295836674965e-06
6.581609164113544352e-06
6.498094584861391354e-06
6.405243546891981055e-06
6.302316577722066882e-06
6.186953226183788956e-06
6.055704964480490560e-06
5.912828439980089001e-06
5.755768626714008462e-06
5.581665747378394826e-06
5.390771663948967785e-06
5.181067247672643816e-06
4.952279126113623420e-06
4.702535455369805106e-06
4.432652296992856122e-06
4.141304923876987232e-06
3.828398388083797954e-06
3.496003266656444453e-06
3.152631743552625210e-06
2.800141923553489676e-06
2.445215464996763899e-06
2.636584177317935485e-06
4.231931315309966912e-06
2.836837802777658624e-06
1.295294667746915707e-06
1.184252880426228671e-06
1.204637402274499891e-06
1.396990406687947939e-06
1.789387407136189267e-06
2.411174731653531467e-06
3.278655435590138723e-06
4.376723112375913161e-06
5.668898353849982641e-06
7.058510629098790901e-06
8.447432475522376194e-06
9.688964466403326981e-06
1.062634646098459257e-05
1.115270906604237666e-05
1.118515509435091815e-05
1.071693604715040493e-05
9.819792504472957262e-06
8.604605732820402864e-06
7.226396691262237937e-06
5.830322643562979579e-06
4.518393466268477709e-06
3.395065667932684050e-06
2.503825671240633710e-06
1.852657719458861152e-06
1.435392706805593832e-06
1.215538883769795575e-06
1.177766067228525060e-06
1.274962074693242187e-06
1.389913310778645439e-06
6.952590530097217669e-09
