0.000000000000000000e+00
7.016315269892103856e-07
8.477024960873436044e-07
9.729716868855931011e-07
1.097221469792408755e-06
1.219043081812642981e-06
1.336592872158703926e-06
1.446704862129166713e-06
1.551041026504051956e-06
1.647516798541914795e-06
1.736807136776263860e-06
1.817607786391839397e-06
1.892778196399547141e-06
1.961038424203032093e-06
2.022503187149027326e-06
2.078958645457262833e-06
2.130088730734058799e-06
2.176718968183166680e-06
2.218045484392305866e-06
2.254357067688061989e-06
2.288241899739418272e-06
2.318146147373134625e-06
2.344595439240926282e-06
2.368267323582529116e-06
2.389957811654852549e-06
2.408198883530054957e-06
2.424006050549820657e-06
2.437182462289300133e-06
2.448686772238417575e-06
2.458522514237060363e-06
2.466506023646175549e-06
2.472399739827935150e-06
2.476800429085379562e-06
2.479227780516346513e-06
2.480304487573192773e-06
2.480084034806040449e-06
2.477145974344452384e-06
2.473444566164495484e-06
2.467552969509512195e-06
2.459344433991539347e-06
2.450105552886938654e-06
2.439027423029038744e-06
2.425637789293944024e-06
2.410258221230421327e-06
2.391785353106357093e-06
2.370928292583229791e-06
2.347452311979303374e-06
2.321304503505317030e-06
2.291852283398121415e-06
2.259107297453155638e-06
2.222808968221912096e-06
2.182124929639428501e-06
2.135839247130455476e-06
2.085452583511226976e-06
2.030064062630287935e-06
1.968665236828925913e-06
1.901344858445952468e-06
1.827390869069134283e-06
1.746706715710644175e-06
1.658632365342249670e-06
1.563455352404652388e-06
1.460708377587494056e-06
1.350357704321680785e-06
1.233133059219682082e-06
1.112035113548515142e-06
9.877182911566251278e-07
8.625378294935259760e-07
9.128635388711003884e-07
1.400303005633096731e-06
9.191762623261823251e-07
4.568648648284323599e-07
4.176287431434388964e-07
4.247185507733064469e-07
4.924270281536635707e-07
6.306578992365530212e-07
8.497646173388773150e-07
1.155508134065286185e-06
1.542573485058262861e-06
1.998115804591193978e-06
2.488061148664399980e-06
2.977812743054641942e-06
3.415634511227949588e-06
3.746222396405762822e-06
3.931877498253300018e-06
3.943346021828553205e-06
3.778240508012231658e-06
3.461873346544130925e-06
3.033367512506046637e-06
2.547408082920199490e-06
2.055189025962356197e-06
1.592679414352815570e-06
1.196699108474419404e-06
8.825688921909602414e-07
6.530902127988014172e-07
5.060783210275587862e-07
4.286607127035324538e-07
4.154289736657545973e-07
4.497722206897591946e-07
4.471494468027970015e-07
2.173493514508184621e-09
