0.000000000000000000e+00
7.897549170188256085e-09
1.499383084357930329e-08
2.146225941412893690e-08
2.735022375244255954e-08
3.270526116594396626e-08
3.757342292853849131e-08
4.199833114615358909e-08
4.592409086345838887e-08
4.967759670293503405e-08
5.300340188973962086e-08
5.593931517999806147e-08
5.878182884888616400e-08
6.120130280340418949e-08
6.356742765500911219e-08
6.548844322384894667e-08
6.745994884926886925e-08
6.917685724250333124e-08
7.080434960560211266e-08
7.221785391919866015e-08
7.342001218102467419e-08
7.451042727257828346e-08
7.569343263291727908e-08
7.662608580982777085e-08
7.739338447887433858e-08
7.819456282476267006e-08
7.877776309062056725e-08
7.932946566313603398e-08
7.974654014919480005e-08
8.021133013347281349e-08
8.060981693258639780e-08
8.072689405835831167e-08
8.104192528168852050e-08
8.107894500231083157e-08
8.119029393238719194e-08
8.115955740795044449e-08
8.099632231584052988e-08
8.075231561210927111e-08
8.057135103545221000e-08
8.032719100992125050e-08
7.993499095970690860e-08
7.939134649692647372e-08
7.883950037257392296e-08
7.827686343553352799e-08
7.755116970820097322e-08
7.673112634165590862e-08
7.581092953401480372e-08
7.470732887870923378e-08
7.364258858277850095e-08
7.237832166939739409e-08
7.090221887384728916e-08
6.944100883199411101e-08
6.759334836292651971e-08
6.580762945684881515e-08
6.382696449147573503e-08
6.141336927889540220e-08
5.909517719615564602e-08
5.620765097802404853e-08
5.338185460335154175e-08
4.999998759469548304e-08
4.638196837714048115e-08
4.250164176156090434e-08
3.812714688411489306e-08
3.322525399251929912e-08
2.802024234860311935e-08
2.219873829201191029e-08
1.568493424031203176e-08
8.784037164311087054e-09
9.701262015937572869e-10
7.407509827750402565e-09
1.642547797775506524e-08
2.642828311749667591e-08
3.692291739021413832e-08
4.839432199421622727e-08
6.013852515973638901e-08
7.282110880968417632e-08
8.522689509682379594e-08
9.757525576414849411e-08
1.096310285886303859e-07
1.207952754489483027e-07
1.307670218775314197e-07
1.386989133544958008e-07
1.441394268386630984e-07
1.471326731561362067e-07
1.473041912891659422e-07
1.448745212684343642e-07
1.395437760898232682e-07
1.316432682862966885e-07
1.220526717471415168e-07
1.111991106972354260e-07
9.905427711398573365e-08
8.673939821957077356e-08
7.399495915993981043e-08
6.177358435888180566e-08
4.963173150240862697e-08
3.840080575745474789e-08
2.754137962135416728e-08
1.771277979845109485e-08
8.464704270849665591e-09
0.000000000000000000e+00
