0.000000000000000000e+00
9.010429180555945550e-09
1.710633878992950940e-08
2.448595393111929752e-08
3.120334579609362891e-08
3.731273567897375187e-08
4.286667187880510710e-08
4.791491858835428275e-08
5.239347977692432323e-08
5.667597358094411675e-08
6.047029021960526052e-08
6.381959216650301414e-08
6.706273392165229552e-08
6.982286915313551390e-08
7.252249456524140214e-08
7.471384277923931450e-08
7.696325032835460433e-08
7.892203379711304478e-08
8.077891322511021599e-08
8.239154480893517984e-08
8.376290538958386378e-08
8.500683434942146732e-08
8.635674442203367107e-08
8.742078472234737774e-08
8.829607467397693199e-08
8.921022442986981105e-08
8.987548383299071020e-08
9.050487459472122964e-08
9.098060560486231907e-08
9.151097446480349618e-08
9.196572414715831201e-08
9.209907225748992232e-08
9.245870769003516898e-08
9.250081667300236177e-08
9.262798095210911242e-08
9.259291255947488253e-08
9.240658405129664743e-08
9.212807261516076096e-08
9.192171368521684371e-08
9.164329128896753218e-08
9.119583688210752825e-08
9.057547256663411872e-08
8.994588263089298152e-08
8.930411443675012606e-08
8.847619403784534597e-08
8.754062663651751564e-08
8.649079430433914695e-08
8.523157979389850425e-08
8.401698614601826876e-08
8.257461914240593615e-08
8.089041581005318449e-08
7.922351019651330262e-08
7.711528116072230432e-08
7.507815902307868328e-08
7.281859881747010377e-08
7.006468083492478627e-08
6.742022440331396638e-08
6.412558983814875546e-08
6.090205539877047158e-08
5.704356675906296914e-08
5.291585858380187801e-08
4.848913315314007377e-08
4.349840343476074622e-08
3.790578950724210472e-08
3.196774633895671514e-08
2.532617460193620218e-08
1.789446557598495247e-08
1.002179517151091659e-08
1.106789548899200781e-09
8.450868671516786890e-09
1.873883526126718380e-08
3.015100569214723691e-08
4.212355553256941221e-08
5.521141854814004546e-08
6.860925749752055935e-08
8.307952004127372447e-08
9.723200011801935716e-08
1.113190764012728096e-07
1.250729001478489977e-07
1.378096089466041008e-07
1.491866109537554053e-07
1.582357188611993593e-07
1.644416830481887359e-07
1.678565135776466377e-07
1.680521889424468895e-07
1.652815376784744217e-07
1.591999529981791284e-07
1.501855060315193668e-07
1.392441087988416371e-07
1.268625252626165434e-07
1.130064181120715716e-07
9.895755403999118016e-08
8.441743715170701989e-08
7.047531402903928210e-08
5.662251267857243420e-08
4.381018714472162401e-08
3.142053417448664732e-08
2.020793465895565078e-08
9.656986321715521626e-09
0.000000000000000000e+00
