0.000000000000000000e+00
2.142689359274640992e-09
3.166823248079708719e-09
3.198309950214195396e-09
2.511330476906437070e-09
1.472116206713280917e-09
2.218473182935554178e-10
1.224267909272214183e-09
2.749303340543463037e-09
4.204085302106363997e-09
5.639420153080720866e-09
6.937943330953544319e-09
8.152940100814021207e-09
9.284708557544263385e-09
1.023969442570660249e-08
1.122114168250476496e-08
1.205818334071295794e-08
1.281762496141425345e-08
1.343244182550051846e-08
1.399512672417557724e-08
1.448815634130795615e-08
1.489277523525345259e-08
1.530863735776932799e-08
1.562513318731362233e-08
1.597482301995967191e-08
1.609484900910729266e-08
1.634514856796442928e-08
1.643867364453655000e-08
1.661158699484133194e-08
1.670951799148667760e-08
1.685012374075256503e-08
1.692429785205007420e-08
1.690524031872087107e-08
1.696025619946084362e-08
1.696062956746402506e-08
1.697926033106256227e-08
1.692443596379433757e-08
1.696763352043717532e-08
1.683453509926380320e-08
1.670314253576776764e-08
1.656852854914347972e-08
1.642953528779855787e-08
1.632672175233551570e-08
1.626905887786023186e-08
1.597454057922220727e-08
1.571097685282296652e-08
1.535097138294361230e-08
1.492435675043424226e-08
1.452849940353218017e-08
1.403712579506333213e-08
1.350599820870712620e-08
1.286968798197563046e-08
1.221387802008422341e-08
1.136384553124258900e-08
1.037376262669198468e-08
9.525423561029811026e-09
8.293362774303147944e-09
7.104442367733554420e-09
5.780625311757603413e-09
4.397660013921722566e-09
2.935027443307092199e-09
1.507424518543132308e-09
2.855915504085260181e-11
1.280307748707798510e-09
2.354541228655193663e-09
3.010185878338234033e-09
3.106462753699190671e-09
2.254947339963564445e-09
3.091321643111655249e-10
3.329441056187931736e-09
9.321357130609442265e-09
1.794751236516844983e-08
3.001390891377297976e-08
4.633433348111282157e-08
6.724981460592971416e-08
9.345574325525518589e-08
1.246184120340387835e-07
1.605040578223082548e-07
1.995490306327951657e-07
2.399670413488763643e-07
2.787093940082030485e-07
3.121169197539686024e-07
3.370850691908344743e-07
3.510033773634901877e-07
3.516980254802959394e-07
3.393564066422882775e-07
3.159422463649974588e-07
2.829190449693541609e-07
2.448062526028138564e-07
2.045625244750937100e-07
1.650213741211103979e-07
1.286478072959340579e-07
9.689322644224063197e-08
7.011465619211065814e-08
4.836927169904470247e-08
3.167917383972707057e-08
1.907720248439659372e-08
1.001384641874381032e-08
3.910757495617644963e-09
0.000000000000000000e+00
