0.000000000000000000e+00
8.616107827208452363e-10
1.273301464266296534e-09
1.285716533239167347e-09
1.009142991392764088e-09
5.909072120502401049e-10
8.778677784704314035e-11
4.940881037640565410e-10
1.107702263247745122e-09
1.693031825844570903e-09
2.270531762604832693e-09
2.792975295484723119e-09
3.281810712074673120e-09
3.737158915662064373e-09
4.121389562961041975e-09
4.516245932784102024e-09
4.853016322137193583e-09
5.158564464480264178e-09
5.405928482637989418e-09
5.632307731318064725e-09
5.830670279927119282e-09
5.993466056786189711e-09
6.160779664199367289e-09
6.288119136499403794e-09
6.428802823421619905e-09
6.477103853264054578e-09
6.577802968976698139e-09
6.615447190050360859e-09
6.685003772766151542e-09
6.724411916181338711e-09
6.780984773691045575e-09
6.810823349745476207e-09
6.803168250968383290e-09
6.825296106072187285e-09
6.825445764135906757e-09
6.832936327860750225e-09
6.810886854502484766e-09
6.828250742607622215e-09
6.774703464884623827e-09
6.721839196366374836e-09
6.667687291184165588e-09
6.611762914943142277e-09
6.570392230287325219e-09
6.547172470838802383e-09
6.428680365822003751e-09
6.322636747491117148e-09
6.177790390360371475e-09
6.006154240623118312e-09
5.846885420268677080e-09
5.649191781031959181e-09
5.435497607564343525e-09
5.179486950446232640e-09
4.915617801692917510e-09
4.573626033455013840e-09
4.175292223074222875e-09
3.833954154153218497e-09
3.338270326835868218e-09
2.859916192754496933e-09
2.327281145575454957e-09
1.770854685112510651e-09
1.182352438178213561e-09
6.079315939544471803e-10
1.010003192192243660e-11
5.138230951828859361e-10
9.461573746705198573e-10
1.210146316488192042e-09
1.249140124670589103e-09
9.069029971442432725e-10
1.245060721188906427e-10
1.338796185024193619e-09
3.748719334950578741e-09
7.218264430619569794e-09
1.207166944183768464e-08
1.863627463460915124e-08
2.704928392383010305e-08
3.759047784157587557e-08
5.012557335870582165e-08
6.456054679748746139e-08
8.026651132642115272e-08
9.652483823341384550e-08
1.121091864897394430e-07
1.255476137496103206e-07
1.355912856437768710e-07
1.411900837355872795e-07
1.414695675050481327e-07
1.365050709134507656e-07
1.270866437641515745e-07
1.138028842273541841e-07
9.847179727184851572e-08
8.228360248718757930e-08
6.637807736797896041e-08
5.174679185149244631e-08
3.897357936377687793e-08
2.820203315323510651e-08
1.945514693790784122e-08
1.274179628474314541e-08
7.672925073087810688e-09
4.027477795709444308e-09
1.572807772909357027e-09
0.000000000000000000e+00
