0.000000000000000000e+00
3.299525146627235728e-05
4.152813254010290223e-05
4.723501959924547577e-05
5.171455024977067438e-05
5.517392955045608005e-05
5.785972912852876959e-05
5.994038550150015965e-05
6.156845691462908832e-05
6.284709476633842939e-05
6.386222445575739926e-05
6.466446816566495670e-05
6.530683142014215292e-05
6.582792189790964699e-05
6.624768642948808406e-05
6.659348632032102699e-05
6.687289938744900297e-05
6.709467914378652864e-05
6.728252677346002741e-05
6.743909865247754709e-05
6.756953920150632342e-05
6.767308211652611760e-05
6.776566007349327236e-05
6.783834722390302829e-05
6.790125157163373615e-05
6.795539851067733395e-05
6.799618419695008242e-05
6.804060043541504399e-05
6.807186092927519638e-05
6.809433517451779494e-05
6.811317259458604667e-05
6.812786993992681062e-05
6.814166355351147786e-05
6.815393742154451928e-05
6.816642674523087919e-05
6.817471794318130662e-05
6.818369034100602022e-05
6.818868925662080471e-05
6.819386910061897566e-05
6.819709423311337559e-05
6.820177172017771738e-05
6.820106150340343731e-05
6.820435667131974355e-05
6.820442623545197591e-05
6.819982817474201653e-05
6.819844101391137059e-05
6.820063396362208152e-05
6.819573466754214053e-05
6.819128048995981572e-05
6.818088177074077549e-05
6.817809772319272099e-05
6.816712545576475435e-05
6.815480778321614252e-05
6.813914631076389838e-05
6.813091924251502007e-05
6.811355137004149185e-05
6.809334480351036945e-05
6.806675845671961156e-05
6.803289082735197724e-05
6.799756339581630726e-05
6.795437897921807746e-05
6.790171116932697259e-05
6.783562311607482798e-05
6.775770170697192896e-05
6.766876554831213753e-05
6.756390978135407011e-05
6.743161634570338236e-05
6.727440300591247535e-05
6.707927077220787737e-05
6.685491010027799774e-05
6.657218781813689645e-05
6.622163817171511369e-05
6.578982859450910325e-05
6.526716260335518882e-05
6.461060382589867146e-05
6.378560044839609589e-05
6.275477560147013634e-05
6.145151999126241549e-05
5.978730239397656021e-05
5.765043377703449323e-05
5.490937388885619441e-05
5.134712631282845052e-05
4.675841310464168288e-05
4.092889606943650449e-05
3.353392492910778344e-05
6.221605453129996910e-05
1.376134703556797234e-05
8.317534528901049384e-06
9.146445486996057639e-06
2.762408395784454740e-05
7.129287669049855225e-05
1.263980431898126255e-04
1.514696645295021682e-04
1.217884017330472801e-04
6.647257937386630289e-05
2.508141299151223080e-05
8.539686769726273496e-06
8.855495524318079958e-06
1.432261327061201683e-05
0.000000000000000000e+00
