0.000000000000000000e+00
1.684424713355170411e-05
1.907951210344815962e-05
1.954753464872283075e-05
1.967416760573215129e-05
1.971021048352561422e-05
1.971839869352454144e-05
1.971670218170462618e-05
1.971208829387727235e-05
1.970654808025606997e-05
1.970132276229996648e-05
1.969628440401383074e-05
1.969183604455526648e-05
1.968794679541030490e-05
1.968455203715802071e-05
1.968154184839310261e-05
1.967888483866975236e-05
1.967656822876584499e-05
1.967443532369106407e-05
1.967259336255189339e-05
1.967097729216327195e-05
1.966952829834944794e-05
1.966813894405117225e-05
1.966700738564863826e-05
1.966599429747972749e-05
1.966493347216324850e-05
1.966410144960129003e-05
1.966327735913875330e-05
1.966258700591971831e-05
1.966193728553111697e-05
1.966134617681358776e-05
1.966083151738740042e-05
1.966033443567827277e-05
1.965989491115038845e-05
1.965950015159201314e-05
1.965914453150308105e-05
1.965881447330009024e-05
1.965851973861898472e-05
1.965828749006526266e-05
1.965805409398502235e-05
1.965785497337613208e-05
1.965763698574818363e-05
1.965741543163979088e-05
1.965735885167685382e-05
1.965725451502642329e-05
1.965716849139376166e-05
1.965714503437965277e-05
1.965700770834022393e-05
1.965702931350232774e-05
1.965699225792150173e-05
1.965704123607636689e-05
1.965707926443460707e-05
1.965709568985118949e-05
1.965729482444888987e-05
1.965731837449968822e-05
1.965744228771271196e-05
1.965758718236454428e-05
1.965771574385932752e-05
1.965801677084044741e-05
1.965815059135067600e-05
1.965841259465861413e-05
1.965875088705271168e-05
1.965911995394087342e-05
1.965946859550093961e-05
1.965979636064929537e-05
1.966024431587776178e-05
1.966074198489486946e-05
1.966129440633679337e-05
1.966184405410853486e-05
1.966248918250368405e-05
1.966320179891400954e-05
1.966397215169557455e-05
1.966490727323133569e-05
1.966585525148278890e-05
1.966686819920848706e-05
1.966807327269393113e-05
1.966934545727383465e-05
1.967072423658677849e-05
1.967232565824872381e-05
1.967413935199946451e-05
1.967622024312554174e-05
1.967848644923719803e-05
1.968115124595382071e-05
1.968411606256825763e-05
1.968748830949440531e-05
1.969133473567197257e-05
1.969556031433672416e-05
1.970045786059415605e-05
1.970580611099226331e-05
1.971123033617239173e-05
1.971617243734513636e-05
1.971838102909906354e-05
1.971266314559905197e-05
1.968306031940869616e-05
1.957819418030304348e-05
1.919845333753222860e-05
1.747536502383351120e-05
5.234507321816295189e-06
1.160756375796490047e-04
2.220446049250313081e-16
