0.000000000000000000e+00
1.086833479657656198e-06
2.081435937495434985e-06
2.985813984945906441e-06
3.810730329401046390e-06
4.559885436017374616e-06
5.239857053251917307e-06
5.862114615617919355e-06
6.418787704132178362e-06
6.944340978698448907e-06
7.386992616820187152e-06
7.828957745537046264e-06
8.215911554532162597e-06
8.565645641889219064e-06
8.863658906399507487e-06
9.183276359459036087e-06
9.426145225366333591e-06
9.662408978816650063e-06
9.904340125377331105e-06
1.005978151102926432e-05
1.027844785062015376e-05
1.041801118661922487e-05
1.056326052906175761e-05
1.069707700684929819e-05
1.079295430106430587e-05
1.093332669199753582e-05
1.098630249085630339e-05
1.108183512876781407e-05
1.115163358023085749e-05
1.120764649364947019e-05
1.126998242484411605e-05
1.128825635265950922e-05
1.133020930232930823e-05
1.134543535519227930e-05
1.135088882120438569e-05
1.134660481283411571e-05
1.133255575991309883e-05
1.128901582336805376e-05
1.125784690114706166e-05
1.121084722977006010e-05
1.115610547086642867e-05
1.107339805850315884e-05
1.103350770381705814e-05
1.092754877207724462e-05
1.084364011794125560e-05
1.072922284450772423e-05
1.058332199110889604e-05
1.045778642694283889e-05
1.028070962638683028e-05
1.012241878983743959e-05
9.929029467059535818e-06
9.714267431459866486e-06
9.476716052780886912e-06
9.216208180395923932e-06
8.899929363703762419e-06
8.603131893769599969e-06
8.259654312392505915e-06
7.879652832998296219e-06
7.461999866009705329e-06
7.002451953508348481e-06
6.485936063227448756e-06
5.929091171363864987e-06
5.320935112629321395e-06
4.645098095723554366e-06
3.904472230087385753e-06
3.093263977516080843e-06
2.189885904391175586e-06
1.216129047132419316e-06
1.357776936439236692e-07
1.039931657120796160e-06
2.320783117681912699e-06
3.695150592619711460e-06
5.183886125803560674e-06
6.779956607361192766e-06
8.435636666415113893e-06
1.018562273336076629e-05
1.191704122704972946e-05
1.365535120811944836e-05
1.535380036321587482e-05
1.691302095052638066e-05
1.830931544877234529e-05
1.942411977684521673e-05
2.021903681592718272e-05
2.064152705838484536e-05
2.066564818525851166e-05
2.031634698773654435e-05
1.953725116965454589e-05
1.845816989132220698e-05
1.709662246163201615e-05
1.555873006786612223e-05
1.387905091210228647e-05
1.212366284220056656e-05
1.037703202366735411e-05
8.640853662256198220e-06
6.976331724306561455e-06
5.375375264016213350e-06
3.868382603244846507e-06
2.479764203200396366e-06
1.189298399761895553e-06
0.000000000000000000e+00
