0.000000000000000000e+00
4.347155108108680110e-07
8.326808313974254361e-07
1.194592894271373495e-06
1.524829128518589982e-06
1.824771565184235556e-06
2.097031848502517448e-06
2.346434935684982293e-06
2.569094939341987072e-06
2.780482072362033819e-06
2.957233727785002486e-06
3.134691298756209221e-06
3.289929649485934249e-06
3.430084882016792847e-06
3.549048634199358787e-06
3.678281155106155609e-06
3.774963681424381434e-06
3.869644719878273520e-06
3.967206992583349745e-06
4.028470519723548193e-06
4.117158343031057655e-06
4.172579902594897305e-06
4.230819864781132367e-06
4.284536038401398628e-06
4.322483350693850923e-06
4.379791132991250890e-06
4.400027584394727853e-06
4.438769391046371027e-06
4.466896416643884038e-06
4.489358516823749312e-06
4.514775216013511283e-06
4.521684986102947335e-06
4.538924864960769412e-06
4.545030234726077367e-06
4.547216985284485702e-06
4.545499167618594072e-06
4.539865745778470796e-06
4.521856819983405273e-06
4.509489990867088238e-06
4.490507677257227215e-06
4.468554135828028961e-06
4.434959376409253196e-06
4.419957974954868973e-06
4.377038087644002928e-06
4.343832903819233593e-06
4.297872570391270131e-06
4.238924160238077832e-06
4.189051903691343171e-06
4.117593669694663561e-06
4.054612042336813715e-06
3.977103212426946754e-06
3.891022485991157964e-06
3.795979055531972790e-06
3.691478314360452373e-06
3.563587807398072016e-06
3.444926665818748290e-06
3.307458767864979166e-06
3.155186747538785141e-06
2.987844731294764244e-06
2.803761403047388967e-06
2.596176810198969065e-06
2.373081327333714796e-06
2.129682153406697864e-06
1.858892171746617805e-06
1.562357824558269215e-06
1.237767552897395262e-06
8.759171420402722674e-07
4.865949749799369783e-07
5.430439486975302543e-08
4.158583195579268477e-07
9.279088027946968964e-07
1.476992639859453504e-06
2.071571240658265367e-06
2.708894161318475824e-06
3.368524764790770121e-06
4.068213594554670465e-06
4.756205981837346997e-06
5.448484325820679430e-06
6.125458111738701916e-06
6.745035839639257347e-06
7.301699827655383501e-06
7.745251250468321302e-06
8.061594674146910222e-06
8.229492634681534469e-06
8.239084072214630794e-06
8.102304940083016049e-06
7.790249788364178585e-06
7.360924515587008443e-06
6.818651397844099904e-06
6.207082783205031262e-06
5.538042549546595694e-06
4.838383696581516347e-06
4.142966111619905689e-06
3.450396193649396537e-06
2.787291692896154416e-06
2.148128737666787913e-06
1.546209748459759226e-06
9.914479317529867330e-07
4.755865801175929164e-07
0.000000000000000000e+00
