0.000000000000000000e+00
5.097927902042442838e-08
7.306947269469787898e-08
9.483617180450210071e-08
1.165007672554452256e-07
1.376723788304445861e-07
1.581274505779717288e-07
1.773826043827142485e-07
1.954115904645448154e-07
2.121419716560879465e-07
2.275744422908232423e-07
2.418009380500407701e-07
2.547599345925632974e-07
2.666617425761685922e-07
2.774068080801939118e-07
2.871796396242132232e-07
2.960295736320617266e-07
3.041479947896164049e-07
3.112534756599671937e-07
3.176553584616215176e-07
3.234897223425292623e-07
3.287021679287960296e-07
3.333413932660178602e-07
3.374852036719389048e-07
3.410310669416105611e-07
3.442128688746493026e-07
3.471011901234888342e-07
3.494999644138019335e-07
3.513778993324834232e-07
3.531049148630671652e-07
3.545215087052966396e-07
3.555842486013816028e-07
3.562999935091681891e-07
3.567958802852544409e-07
3.569542194048480610e-07
3.567635955548098536e-07
3.563764001679459170e-07
3.556954391026323492e-07
3.546769616891154442e-07
3.532619209378751179e-07
3.516256866786804380e-07
3.497860106005390435e-07
3.473819000232580834e-07
3.445934981805010011e-07
3.415185927391206633e-07
3.379024721139600729e-07
3.338686096476806142e-07
3.292934204202069282e-07
3.241933079767278514e-07
3.184145469514731985e-07
3.121298071118161488e-07
3.049773035224134787e-07
2.971066195289751022e-07
2.882993674901968006e-07
2.786389563524949153e-07
2.680208321947930017e-07
2.562834517938483714e-07
2.433262080714371223e-07
2.292799745617912777e-07
2.140827917163079519e-07
1.975070798021505425e-07
1.796508722895495680e-07
1.605338774135489643e-07
1.402257283622532213e-07
1.190877589873906572e-07
9.750948470887976782e-08
7.572987348325455059e-08
5.449330209295055738e-08
1.116705840575882291e-07
1.389832071652108425e-08
5.157310023484740213e-09
1.648195024905874106e-09
3.662565806195061668e-10
1.146335371071671716e-08
3.552133887030350934e-08
7.374193111697735503e-08
1.266320958093203330e-07
1.940102192232728839e-07
2.729232275733295410e-07
3.583972764120701981e-07
4.434265610253618206e-07
5.192026439893027145e-07
5.766657960037946395e-07
6.088217947564089627e-07
6.105535033107400977e-07
5.819697160847070450e-07
5.275318957220775928e-07
4.532740642826382782e-07
3.688367953280646816e-07
2.830340386505980632e-07
2.029813425119542103e-07
1.339499784425157713e-07
7.922241818114628131e-08
3.945077142741837406e-08
1.363224477746172170e-08
2.890833128432745980e-10
2.033978763193999839e-09
3.946773463603392429e-09
1.504518709616320393e-08
7.491837011874835639e-16
