0.000000000000000000e+00
1.437074143018080008e-07
2.069023821160698162e-07
2.686330405898829099e-07
3.300744148004852718e-07
3.901178715626230087e-07
4.481293618407988788e-07
5.027378535693571848e-07
5.538689311634925616e-07
6.013171166552311320e-07
6.450843708094566864e-07
6.854314174020714745e-07
7.221837661219865367e-07
7.559378869537169976e-07
7.864113987787746396e-07
8.141276273132547203e-07
8.392264534418103494e-07
8.622506835198606723e-07
8.824021456854680423e-07
9.005581629306647073e-07
9.171046779776759195e-07
9.318874122365983226e-07
9.450444420355808006e-07
9.567964696088893106e-07
9.668526792516729529e-07
9.758764074607739758e-07
9.840678136807667897e-07
9.908708334949167806e-07
9.961967164517915307e-07
1.001094622865572603e-06
1.005112134411234592e-06
1.008126111146090409e-06
1.010155993408368147e-06
1.011562358765871750e-06
1.012011406009705183e-06
1.011470787126711457e-06
1.010372696286232497e-06
1.008441462779785525e-06
1.005553021626859334e-06
1.001539900347125922e-06
9.968994877374015573e-07
9.916821015476529055e-07
9.848639366261124906e-07
9.769559318195675246e-07
9.682353790951836459e-07
9.579799054026949534e-07
9.465397203811676263e-07
9.335642803254273758e-07
9.191001500985507278e-07
9.027113374582285132e-07
8.848875493461250130e-07
8.646027385150745204e-07
8.422811331731949736e-07
8.173033543279473179e-07
7.899059810689834649e-07
7.597925012481354656e-07
7.265047342608355052e-07
6.897573746611485035e-07
6.499215764455001931e-07
6.068216594767861238e-07
5.598121607386374876e-07
5.091711440252666421e-07
4.549545100651641860e-07
3.973597589856936452e-07
3.374117408805332730e-07
2.762152397917105873e-07
2.144480145682692296e-07
1.542213503569200839e-07
3.682885033884364390e-07
3.155022287870679065e-08
1.431084784009328814e-08
4.984377910410842105e-09
1.341445732272461555e-09
3.221720612511802528e-08
1.004580798547038967e-07
2.088664265986750479e-07
3.588792192310563678e-07
5.499802968600420172e-07
7.737930873830123346e-07
1.016210297688502351e-06
1.257362451934085357e-06
1.472268706392831916e-06
1.635236411279272772e-06
1.726431327009336769e-06
1.731342144983827325e-06
1.650277531073385262e-06
1.495889340730194306e-06
1.285288809160789469e-06
1.045815820166495769e-06
8.024666375838762633e-07
5.754218834752578005e-07
3.796323481131125277e-07
2.244087007330364258e-07
1.116015593272123851e-07
3.836766637732580421e-08
5.164479954800071937e-10
6.079197145680836911e-09
1.087699474933145893e-08
4.125416208644594462e-08
9.158255750985055954e-16
