0.000000000000000000e+00
6.016519504825623699e-09
1.273243444011029624e-08
1.974985419650465701e-08
2.688034750342183088e-08
3.385433833269502202e-08
4.062021363715473399e-08
4.702753575447360390e-08
5.305196204563600304e-08
5.867123620273417828e-08
6.387003659291679014e-08
6.863568557946564397e-08
7.299016624440213263e-08
7.698833870417587377e-08
8.062359713179034770e-08
8.393345152235553996e-08
8.688292574277056701e-08
8.956516595048924501e-08
9.194804628798181056e-08
9.413838841787480760e-08
9.608908069225208237e-08
9.785862387090560333e-08
9.936009059963168966e-08
1.007099468264271991e-07
1.019357518394770068e-07
1.030024099346604771e-07
1.039351460452309084e-07
1.047306358303856655e-07
1.053700424691328408e-07
1.059689120896933900e-07
1.063909491616499281e-07
1.067646939745259260e-07
1.069596422542673508e-07
1.071531054996910370e-07
1.072107105315467379e-07
1.071267640151418732e-07
1.070045704265609743e-07
1.067756905115402333e-07
1.064408576834097175e-07
1.060259283702791322e-07
1.055002921690473272e-07
1.048385787072447783e-07
1.040081855085972506e-07
1.031352385716388653e-07
1.020600342016564355e-07
1.009082007952244453e-07
9.959204549936373496e-08
9.803867584423642256e-08
9.632065445241977386e-08
9.443268655928704902e-08
9.230781961022671567e-08
8.985946831074898000e-08
8.726065425790352492e-08
8.433575693356232250e-08
8.108875593215714161e-08
7.750995945077221450e-08
7.351639341734994559e-08
6.921617967670101734e-08
6.451846046306997096e-08
5.935398861289797878e-08
5.381451950725590905e-08
4.784087148657079069e-08
4.148050636310074424e-08
3.474627607857883049e-08
2.777083840665994785e-08
2.068690652112792350e-08
1.362911961066970434e-08
6.856541445721120454e-09
7.555490677546572442e-10
4.270075848467058677e-09
7.692646408763437194e-09
8.810532303726859027e-09
6.910921168667982784e-09
1.100200597292655402e-09
9.289462532535708306e-09
2.489142714168224302e-08
4.592387858881608054e-08
7.224740206090984884e-08
1.026221644329083915e-07
1.353398709769138009e-07
1.676516543369643841e-07
1.962930163967868680e-07
2.181256657518559905e-07
2.300629085016936415e-07
2.306866317969280544e-07
2.200066578916803905e-07
1.994415448347552910e-07
1.712743488146983850e-07
1.392063568861345857e-07
1.064316799137543512e-07
7.557807113478531846e-08
4.875146619731651754e-08
2.703168677786749186e-08
1.076025979429573454e-08
2.264128884377214490e-10
6.544029318433786102e-09
8.909411541857537031e-09
8.087222447272779391e-09
4.902793060423960014e-09
0.000000000000000000e+00
