0.000000000000000000e+00
7.940093522673663529e-07
9.845413596609731144e-07
1.070095751676269913e-06
1.115139504404005777e-06
1.141680098126762744e-06
1.158720480565200717e-06
1.170209891765416899e-06
1.178363524756420588e-06
1.184379760821308025e-06
1.188916542216311711e-06
1.192440701958119575e-06
1.195253720331912461e-06
1.197559657328817195e-06
1.199415299746320329e-06
1.200970592529770897e-06
1.202251621923444702e-06
1.203375641356529968e-06
1.204310678404318935e-06
1.205144179117212389e-06
1.205860206354714137e-06
1.206461336944464335e-06
1.207008091363981350e-06
1.207491127530602171e-06
1.207931075497548079e-06
1.208308592182127938e-06
1.208644935579705759e-06
1.208945257014093499e-06
1.209215423236820186e-06
1.209460947948493015e-06
1.209680464686613277e-06
1.209876046792679460e-06
1.210048049093970235e-06
1.210209550794871802e-06
1.210355026093345998e-06
1.210484093960850771e-06
1.210606346502274278e-06
1.210717626265456204e-06
1.210807574758554495e-06
1.210896710457376457e-06
1.210961534714449783e-06
1.211035758896805703e-06
1.211085040364601184e-06
1.211127294231673091e-06
1.211165888026499715e-06
1.211205131745884955e-06
1.211223869312938461e-06
1.211240116982814641e-06
1.211245592935838999e-06
1.211248885968352340e-06
1.211238302767370101e-06
1.211226735575721136e-06
1.211203586426456980e-06
1.211169969761449750e-06
1.211136933965129003e-06
1.211086343877454397e-06
1.211030791425926623e-06
1.210976112053785414e-06
1.210891243608180901e-06
1.210812948682082890e-06
1.210717185284870823e-06
1.210627480707771042e-06
1.210501451631706971e-06
1.210378708593751185e-06
1.210237678184178378e-06
1.210080231905941162e-06
1.209905507115749401e-06
1.209711248506550874e-06
1.209495355536382988e-06
1.209253794987041886e-06
1.208986329159777995e-06
1.208691762011326887e-06
1.208359077131682113e-06
1.207992138652080882e-06
1.207571453609723733e-06
1.207099758038232551e-06
1.206546707543942887e-06
1.205934350156923074e-06
1.205235982904007130e-06
1.204461608117490812e-06
1.203499557900222783e-06
1.202423980717348684e-06
1.201179862464485382e-06
1.199651798677869863e-06
1.197830477472905386e-06
1.195619852012441697e-06
1.192907358782413496e-06
1.189512283672478077e-06
1.185136273562648057e-06
1.179393720351917807e-06
1.171629334106860654e-06
1.160671322608664013e-06
1.144692359233978607e-06
1.119964291529385036e-06
1.078565896150962544e-06
1.001450758542077324e-06
8.347959608023813871e-07
2.792892347391884300e-07
3.031950160392593574e-05
0.000000000000000000e+00
