0.000000000000000000e+00
1.320906567015001087e-06
1.675174789328437441e-06
1.765136609654938127e-06
1.859786177726974188e-06
1.980053042083262937e-06
2.124620195886883778e-06
2.288980240683358147e-06
2.470911130481034945e-06
2.667704976810902906e-06
2.874276076925141865e-06
3.090237349234747910e-06
3.312437553915081878e-06
3.535259255671441281e-06
3.756033884028120440e-06
3.971786900591744995e-06
4.176475081107966503e-06
4.371124768587364429e-06
4.548335534537706337e-06
4.707790569380421175e-06
4.845912500717197702e-06
4.960970220513338802e-06
5.050436065578978173e-06
5.113489799923875978e-06
5.149088664890832945e-06
5.156275462270265564e-06
5.134330677503129436e-06
5.084941171573653662e-06
5.006715411703943630e-06
4.906005879656838431e-06
4.779539760080275812e-06
4.631701165602741810e-06
4.461151653756267876e-06
4.274829674799640600e-06
4.074817298027610946e-06
3.865110188017162329e-06
3.645150061792890028e-06
3.422944433117969254e-06
3.200534337111093919e-06
2.981316344796702822e-06
2.768150094478727397e-06
2.565839000046032936e-06
2.376188810715440525e-06
2.202522446093091446e-06
2.047989207998313077e-06
1.915175615763153871e-06
1.807474567461220261e-06
1.725619724890492535e-06
1.948361665227160699e-06
3.243083044501826606e-06
3.112178084407890566e-06
1.883754306430951431e-06
1.726201916629754862e-06
1.807503826056766627e-06
1.915942587027430477e-06
2.048492241057964236e-06
2.203626720320706056e-06
2.377040990708678692e-06
2.566904814593762296e-06
2.769310544215031200e-06
2.980471036528875572e-06
3.200179214402076866e-06
3.423197204366346114e-06
3.645399794915960001e-06
3.864817839427381330e-06
4.074552922062046889e-06
4.275615581694758305e-06
4.460646460202610797e-06
4.631014105971331674e-06
4.778320367271327029e-06
4.906264971404894482e-06
5.008486486435259621e-06
5.084844507341479414e-06
5.135583530990750489e-06
5.156948535645078380e-06
5.149574840546122800e-06
5.112710700916345274e-06
5.049340803031654445e-06
4.959273438798206257e-06
4.847462204415897702e-06
4.709218090037659010e-06
4.548945063742593220e-06
4.370999676206466233e-06
4.176219817186854755e-06
3.972358633475003842e-06
3.756335775317865000e-06
3.535023108125479041e-06
3.312542206979074422e-06
3.090932270910506929e-06
2.874408948860818214e-06
2.666395768291529578e-06
2.470128491194323317e-06
2.287923949184644812e-06
2.123594214475943431e-06
1.980025359005210817e-06
1.858633172480139706e-06
1.765008300735892988e-06
1.678692019058125595e-06
1.315947628033331540e-06
0.000000000000000000e+00
