0.000000000000000000e+00
5.224443635487574511e-07
6.479749893317787723e-07
7.043437321163636966e-07
7.339917628135239624e-07
7.514900636218513341e-07
7.626454721076925125e-07
7.701943096627417162e-07
7.755882068805064478e-07
7.795292820134136491e-07
7.825143575335147261e-07
7.848562690870863889e-07
7.866851259308305089e-07
7.881915897733904330e-07
7.894256457419146500e-07
7.904515144652179970e-07
7.913100443790455074e-07
7.920389402116256861e-07
7.926622225262747179e-07
7.931850385389793701e-07
7.936669840225007988e-07
7.940736432843209514e-07
7.944310937979537357e-07
7.947410121111886383e-07
7.950291069924730891e-07
7.952768188435044294e-07
7.954994528658332342e-07
7.956973311351589473e-07
7.958779857375475331e-07
7.960350437707930382e-07
7.961782644283488253e-07
7.963061260385373430e-07
7.964234398638581069e-07
7.965312719404593622e-07
7.966257303815282853e-07
7.967145145837406517e-07
7.967873065783948050e-07
7.968561812621288709e-07
7.969270351404489361e-07
7.969786161021730209e-07
7.970275205382293393e-07
7.970707101012663998e-07
7.971036430909350656e-07
7.971365564296561956e-07
7.971615676449772536e-07
7.971817631569066975e-07
7.971974160803085852e-07
7.972113396093050142e-07
7.972131854661057559e-07
7.972118956089957464e-07
7.972113176268891266e-07
7.971980426901836836e-07
7.971859559141591944e-07
7.971642732584882651e-07
7.971392579353420160e-07
7.971133929585150213e-07
7.970779243304804140e-07
7.970264006562643999e-07
7.969796161910736032e-07
7.969253543738119561e-07
7.968632198540603895e-07
7.967959495536192094e-07
7.967233787153915614e-07
7.966385411339871325e-07
7.965478117100133204e-07
7.964444193042652387e-07
7.963290833412628444e-07
7.962021929541762688e-07
7.960571554166406827e-07
7.959010943636712909e-07
7.957269823055668212e-07
7.955318650498810484e-07
7.953145179095955086e-07
7.950703528880609383e-07
7.947848965628168116e-07
7.944713472651798725e-07
7.941327377913864893e-07
7.937307645589086746e-07
7.932550634137669476e-07
7.927461858070472545e-07
7.921118074794009090e-07
7.914026942668073161e-07
7.905654131334927115e-07
7.895785915090769436e-07
7.883824296728292325e-07
7.869295161055944732e-07
7.851439915995683805e-07
7.829044903484572160e-07
7.800282305625572121e-07
7.762477135520029492e-07
7.711075394878363909e-07
7.639179366858428466e-07
7.534076515991472434e-07
7.372014939610593842e-07
7.098721530596208140e-07
6.591145180756541322e-07
5.492900909676023957e-07
1.834966373293056563e-07
1.993274479616946593e-05
2.220446049250313081e-16
