0.000000000000000000e+00
3.436259887745762853e-08
4.262137065502713540e-08
4.633006789322990926e-08
4.828073707496827183e-08
4.943202980278726955e-08
5.016599580187630636e-08
5.066266628439564101e-08
5.101755728986745453e-08
5.127685998029818393e-08
5.147326098686733076e-08
5.162734662000900698e-08
5.174767681026537502e-08
5.184679596759167453e-08
5.192798802067244424e-08
5.199548569478906757e-08
5.205197306512587829e-08
5.209992981480837670e-08
5.214094134231572752e-08
5.217533793899775674e-08
5.220704779596019307e-08
5.223380195040761009e-08
5.225732191416199157e-08
5.227771249227686212e-08
5.229666510953023817e-08
5.231296418273245763e-08
5.232761546292152843e-08
5.234063160663993131e-08
5.235251987478761748e-08
5.236285338661161859e-08
5.237227540533240244e-08
5.238068645496696263e-08
5.238840738996941582e-08
5.239550204816367796e-08
5.240171829790085667e-08
5.240756084656794656e-08
5.241234823927243269e-08
5.241687817125750826e-08
5.242153955364869944e-08
5.242493528179181794e-08
5.242815437345171858e-08
5.243099199248035802e-08
5.243316292258271005e-08
5.243532652521309956e-08
5.243697209778019896e-08
5.243830036860686050e-08
5.243933287601976190e-08
5.244024803285896041e-08
5.244036871410173717e-08
5.244028389306265581e-08
5.244024792183665795e-08
5.243937550858390750e-08
5.243857692516229463e-08
5.243715106573176854e-08
5.243550205147329279e-08
5.243379996855423997e-08
5.243146783406871236e-08
5.242808098770979086e-08
5.242500189517329545e-08
5.242143297223833542e-08
5.241734224448180157e-08
5.241291611834952846e-08
5.240814304752205999e-08
5.240255940286431269e-08
5.239659117695083523e-08
5.238978850741204951e-08
5.238219924486031687e-08
5.237385247713888248e-08
5.236430866695229724e-08
5.235403699455076776e-08
5.234258615427478389e-08
5.232974709112880873e-08
5.231544686346012440e-08
5.229938193629379839e-08
5.228059829498477029e-08
5.225996790869658071e-08
5.223768817508300799e-08
5.221124488308248601e-08
5.217994369921541420e-08
5.214646447981863275e-08
5.210472275862798597e-08
5.205806608010732361e-08
5.200297858998226275e-08
5.193805185932376389e-08
5.185934937035341363e-08
5.176375461601878669e-08
5.164627991938175455e-08
5.149893023137508408e-08
5.130969138456009659e-08
5.106095080087413862e-08
5.072275255368907665e-08
5.024971361233809830e-08
4.955819865593014129e-08
4.849191970190958045e-08
4.669380737620798527e-08
4.335427772339528474e-08
3.612878107794870175e-08
1.206863431413296439e-08
1.310897555617529520e-06
4.440892098500626162e-16
