0.000000000000000000e+00
3.920552948954991734e-08
4.862791647131103900e-08
5.285912851871188423e-08
5.508462153080984081e-08
5.639811651025894434e-08
5.723549201253064211e-08
5.780213763184605114e-08
5.820702897452179059e-08
5.850286510789004524e-08
5.872693520370120268e-08
5.890272991582179429e-08
5.904001365575339833e-08
5.915309431170356902e-08
5.924572854532073052e-08
5.932273716702241018e-08
5.938718194986591925e-08
5.944189307438563219e-08
5.948868497807069389e-08
5.952792614394297743e-08
5.956410298324499308e-08
5.959462734406173468e-08
5.962146054638850501e-08
5.964472438169110546e-08
5.966635108212159366e-08
5.968494343200347885e-08
5.970165639634927857e-08
5.971650984815113361e-08
5.973007077830772005e-08
5.974185912638318996e-08
5.975260786161840088e-08
5.976220884829075430e-08
5.977101513732208105e-08
5.977911032850613537e-08
5.978620076785290394e-08
5.979286477053591398e-08
5.979832751190627960e-08
5.980349715439814418e-08
5.980881656597603069e-08
5.981268891286362077e-08
5.981636208574059310e-08
5.981960005119191237e-08
5.982207307297926491e-08
5.982454487352129036e-08
5.982642348190125858e-08
5.982793771508454483e-08
5.982911199797769086e-08
5.983015594068774590e-08
5.983029682798957083e-08
5.983020112676484814e-08
5.983015693988846806e-08
5.982916129187998422e-08
5.982825379557965562e-08
5.982662731884857976e-08
5.982475081989235832e-08
5.982280726346544952e-08
5.982014339434016392e-08
5.981627637652309204e-08
5.981276540723001744e-08
5.980869333122029730e-08
5.980402906224924209e-08
5.979897543806345084e-08
5.979352912799384967e-08
5.978716421939367365e-08
5.978034811615628996e-08
5.977259098788323399e-08
5.976393346873720702e-08
5.975440497962836162e-08
5.974352002002802919e-08
5.973180583485060424e-08
5.971873695553853167e-08
5.970408889499623228e-08
5.968777505582778531e-08
5.966944882640490277e-08
5.964801796931595845e-08
5.962448013097088051e-08
5.959906412833504419e-08
5.956889193026171370e-08
5.953318460427681202e-08
5.949498227408867024e-08
5.944736491958479974e-08
5.939413660893677616e-08
5.933128532920051157e-08
5.925720858446226202e-08
5.916741929734570249e-08
5.905835942510151426e-08
5.892432730636443239e-08
5.875622299811311677e-08
5.854031948082649706e-08
5.825653237589989430e-08
5.787069257134902500e-08
5.733100694182979851e-08
5.654205859073613283e-08
5.532556013321254795e-08
5.327411434219442299e-08
4.946408238559740767e-08
4.122059049649351437e-08
1.377011871195321646e-08
1.495511066318400140e-06
1.110223024625156540e-16
