0.000000000000000000e+00
2.607242396424069852e-07
3.974151595587116503e-07
4.828202588846863819e-07
5.435765534356207240e-07
5.940243651414434112e-07
6.402629991741903837e-07
6.818968379951328984e-07
7.226482888755825229e-07
7.612464352213521579e-07
7.977837808148535714e-07
8.313378204727328580e-07
8.627070836597638959e-07
8.922994726434652080e-07
9.198050108238930989e-07
9.456284933984093755e-07
9.702740718653402041e-07
9.920950191366628701e-07
1.012249510434770627e-06
1.032051999749761251e-06
1.049438473454955556e-06
1.064749167833944909e-06
1.079371085177527334e-06
1.092846039552064497e-06
1.105612372431785673e-06
1.116479957263827316e-06
1.127236336384562776e-06
1.137418883634389033e-06
1.145653258260992402e-06
1.154451018448021671e-06
1.161698307883263226e-06
1.168130279061152521e-06
1.174042705942568432e-06
1.179222267944091129e-06
1.183699442797170320e-06
1.187550658254821201e-06
1.191310637360665226e-06
1.193918855113551558e-06
1.196679694559499296e-06
1.199101742233033008e-06
1.200247358057460190e-06
1.201196510369761938e-06
1.201709776910142580e-06
1.201457033528363638e-06
1.200837769776974540e-06
1.199688458131120683e-06
1.198645663946784623e-06
1.196529155977898995e-06
1.193511942054747976e-06
1.190817821794531994e-06
1.187470126562395478e-06
1.183403262050575222e-06
1.178872779505901747e-06
1.173193172054887157e-06
1.166813969000202178e-06
1.159847996423657435e-06
1.153632864903109123e-06
1.145340070229927676e-06
1.136284287883704280e-06
1.126435481779708425e-06
1.114789906941915376e-06
1.103748773045865050e-06
1.091448106449455224e-06
1.077882786693074024e-06
1.063101819354095312e-06
1.046653010150500052e-06
1.029929885043578963e-06
1.010368810283601704e-06
9.882312836939632916e-07
9.677967500731909922e-07
9.441711744662129036e-07
9.183641224153049620e-07
8.896207881470274970e-07
8.591409778047065515e-07
8.265421566067132630e-07
7.929500835945901827e-07
7.573024815021867084e-07
7.182678941619613511e-07
6.779413936897071835e-07
6.352646100271641671e-07
5.896661305904160599e-07
5.366432408449028912e-07
4.740405358250043832e-07
3.824185058620699351e-07
2.350428552899685997e-07
4.359548921861744475e-08
6.148180499154776157e-07
1.803036546177416710e-06
4.185807390144624662e-06
8.547452150398093806e-06
1.515567098819836644e-05
2.213222568614447994e-05
2.505085261184092360e-05
2.155145472515496152e-05
1.447646069663299784e-05
8.012069383500630693e-06
3.855752686798830098e-06
1.634082736901021349e-06
5.313766592296431668e-07
2.775557561562891351e-15
