0.000000000000000000e+00
1.713245623147230390e-08
2.611254090734149713e-08
3.172298257414496447e-08
3.571464834983828496e-08
3.902988177095778610e-08
4.206937442852165532e-08
4.480663784445226838e-08
4.748636117657412115e-08
5.002478409288357852e-08
5.242786327297466187e-08
5.463486840717735049e-08
5.669827007892536130e-08
5.864485308482159098e-08
6.045421474532020056e-08
6.215296810552217721e-08
6.377425887382770497e-08
6.520971940204844941e-08
6.653563844327692323e-08
6.783835082568856478e-08
6.898215887396474955e-08
6.998944734881717977e-08
7.095135345913661240e-08
7.183785821762711521e-08
7.267773072250349742e-08
7.339273644380028827e-08
7.410036351185311787e-08
7.477030172786669482e-08
7.531204415656134188e-08
7.589083983461364369e-08
7.636763865725981759e-08
7.679075253452793959e-08
7.717973526943922025e-08
7.752049802078886387e-08
7.781509780979689594e-08
7.806842217128462380e-08
7.831581039230428587e-08
7.848743799332424942e-08
7.866904183639888970e-08
7.882838282124993157e-08
7.890379616348752734e-08
7.896624421022124807e-08
7.900001497418429608e-08
7.898339926537545352e-08
7.894264841823428469e-08
7.886703445869613915e-08
7.879838159752239335e-08
7.865914031235377024e-08
7.846068228456459792e-08
7.828344306126666652e-08
7.806319479719547871e-08
7.779560484699743483e-08
7.749759534103617398e-08
7.712392247061217176e-08
7.670423540773185778e-08
7.624594799970907388e-08
7.583702810176617959e-08
7.529144951945454523e-08
7.469567675499888537e-08
7.404773738617365098e-08
7.328163298403467252e-08
7.255524681060165904e-08
7.174597294046236584e-08
7.085358144642839306e-08
6.988118539386078965e-08
6.879907821222275288e-08
6.769887372914951129e-08
6.641203587065547254e-08
6.495574544906901338e-08
6.361144977429233904e-08
6.205729952135641270e-08
6.035966848561002962e-08
5.846897455086264017e-08
5.646408107740086280e-08
5.431988991944081135e-08
5.211050968512154213e-08
4.976612022478121844e-08
4.719913127004815578e-08
4.454774915618742170e-08
4.174221235331287971e-08
3.874551635085765611e-08
3.526195913039487095e-08
3.115023317068477127e-08
2.513445940266478829e-08
1.545609840114536837e-08
2.847285962559453765e-09
4.038064316258527242e-08
1.184779195861906942e-07
2.751046277449376021e-07
5.619219803909558664e-07
9.964283500529802495e-07
1.455177455422784760e-06
1.647123927472904370e-06
1.417083190125012493e-06
9.518707468902931623e-07
5.267751950199794919e-07
2.534842988843877265e-07
1.074165888459432949e-07
3.492568267926543513e-08
6.661338147750939243e-16
