0.000000000000000000e+00
1.955040784817896338e-08
2.979859081708724489e-08
3.620132671411369074e-08
4.075665371860992536e-08
4.453984092656071425e-08
4.800819042305448647e-08
5.113153345170928787e-08
5.418909787557879554e-08
5.708537742510344515e-08
5.982717887764721354e-08
6.234526261916784051e-08
6.469947610998616483e-08
6.692038490019314168e-08
6.898471638372427606e-08
7.092284981524699106e-08
7.277258462501379199e-08
7.441028315735565002e-08
7.592305606429761156e-08
7.740929075517044566e-08
7.871425911076812554e-08
7.986350547550813417e-08
8.096091208553701790e-08
8.197233292150940542e-08
8.293052833341363339e-08
8.374631110807939649e-08
8.455361089065860369e-08
8.531796258370860642e-08
8.593604516882180633e-08
8.659637484864646240e-08
8.714035226731198236e-08
8.762304526399589122e-08
8.806682638695662035e-08
8.845560439674216013e-08
8.879174961951008527e-08
8.908072890445595249e-08
8.936297779538193709e-08
8.955881647398911127e-08
8.976597831722443743e-08
8.994775413384559215e-08
9.003383871775128000e-08
9.010508739137890188e-08
9.014361601611398100e-08
9.012467372393473397e-08
9.007816681450009355e-08
8.999190426184355829e-08
8.991354139009644086e-08
8.975468201999348139e-08
8.952830676811629473e-08
8.932609152356718596e-08
8.907481996445199002e-08
8.876949941782896758e-08
8.842954646315348555e-08
8.800321549262690723e-08
8.752440361359248300e-08
8.700154852103736403e-08
8.653498839716888824e-08
8.591254585521568288e-08
8.523283845374152179e-08
8.449361155182799621e-08
8.361961501002213026e-08
8.279087959639497285e-08
8.186756084160862201e-08
8.084946656605751514e-08
7.974006555055979106e-08
7.850550898247377063e-08
7.725024131488567036e-08
7.578211280723223808e-08
7.412067171141956123e-08
7.258692413802947385e-08
7.081380737350428944e-08
6.887696024637790515e-08
6.671990693263296635e-08
6.443251521215387356e-08
6.198617752417590054e-08
5.946544123780483915e-08
5.679065706587493878e-08
5.386180568223153386e-08
5.083675935768638965e-08
4.763560068621330856e-08
4.421632704421085691e-08
4.024154509618682596e-08
3.554965777308183306e-08
2.868636450603645471e-08
1.764337265175441871e-08
3.240045676200509206e-09
4.606194525802465023e-08
1.351635591229083388e-07
3.138435111793569376e-07
6.410966785219684994e-07
1.136765925058291771e-06
1.660054272711875001e-06
1.879001493509946386e-06
1.616637434254108996e-06
1.085966189418030581e-06
6.010016267987694505e-07
2.892152782818513401e-07
1.225639967294966937e-07
3.985237817527575999e-08
8.881784197001252323e-16
