0.000000000000000000e+00
3.048035934760662258e-08
4.276743204023603084e-08
5.545829939723745383e-08
6.804324514941839652e-08
8.037486864953535814e-08
9.225004649060508655e-08
1.034296048807448187e-07
1.139653845738664018e-07
1.237421487498835404e-07
1.326602825368894401e-07
1.409618890502173372e-07
1.485310993087907150e-07
1.554356056088224136e-07
1.617398294184724250e-07
1.674006445684383948e-07
1.725514946482320511e-07
1.772116372533716344e-07
1.814453168824670115e-07
1.851380470041519288e-07
1.884875596713797563e-07
1.915672237506882425e-07
1.942218516015614682e-07
1.966787914753354016e-07
1.987473405851147845e-07
2.005796168047524475e-07
2.022751333097261295e-07
2.036440056585320235e-07
2.048068326043761544e-07
2.057247040498921820e-07
2.065737575440707019e-07
2.071913767220934233e-07
2.076532691352994675e-07
2.078696420548808987e-07
2.079897118978379922e-07
2.079528003129382796e-07
2.076671060668999758e-07
2.072979390366214147e-07
2.066838902248235854e-07
2.058816805927676796e-07
2.049111043067597393e-07
2.038123202430242031e-07
2.024659995214506125e-07
2.008013161303168204e-07
1.989807192348536091e-07
1.969164916681975797e-07
1.945370354805575630e-07
1.919113873372069179e-07
1.888727709786763853e-07
1.855674363060444421e-07
1.819221931986803042e-07
1.777447062867310024e-07
1.731731279486226072e-07
1.680832161232714839e-07
1.624685963541594447e-07
1.562649957209671925e-07
1.493899411952881451e-07
1.419256757673181824e-07
1.336999264633931261e-07
1.248804232245603885e-07
1.152454913722067431e-07
1.048501981903982028e-07
9.366327013982100880e-08
8.181766908421650442e-08
6.956246478839744896e-08
5.698509297769049908e-08
4.431680478145239022e-08
3.195444930881308210e-08
5.883747752899459726e-08
1.061699050897146890e-08
3.236345635926340947e-09
7.179429273307391668e-10
2.875455429318662937e-11
6.994266832371920373e-09
2.092568240907866084e-08
4.314744772582201904e-08
7.396966406059135579e-08
1.132191661534776017e-07
1.591214231488891073e-07
2.088989369264382390e-07
2.583835952973956296e-07
3.024483001823341510e-07
3.358298573674645127e-07
3.545545781413750319e-07
3.556159442474893240e-07
3.389863011404870008e-07
3.072452493535493545e-07
2.640864436020962103e-07
2.149392496209046044e-07
1.650827264887411161e-07
1.183668135729121218e-07
7.824262671096704480e-08
4.636689854287112666e-08
2.310105584601984674e-08
8.176134769222187515e-09
5.393957502874968668e-10
9.102157916274222771e-10
2.513927177538732849e-09
9.514152243816909049e-09
0.000000000000000000e+00
