0.000000000000000000e+00
1.589584608385763431e-08
2.173815560890801635e-08
2.232234685983769396e-08
1.826805151594612653e-08
1.032271557122044214e-08
1.163123597436310774e-09
8.880091884044816197e-09
1.847963837509070117e-08
2.919109542975917293e-08
3.926820546507059362e-08
4.815329357477082795e-08
5.680648673678234672e-08
6.487468640070659376e-08
7.210965491388776627e-08
7.861456119417908894e-08
8.499231685110686385e-08
8.997401457211395837e-08
9.455695615390169451e-08
9.839771331066060611e-08
1.012361716679066603e-07
1.040445295474867748e-07
1.071211767067481446e-07
1.090406035464397405e-07
1.112764754784834054e-07
1.131428196687878085e-07
1.140186934867060131e-07
1.155534676833269714e-07
1.159814094764399783e-07
1.175446999734930387e-07
1.178261684886550142e-07
1.183826492390238627e-07
1.201376530479691951e-07
1.204612937177884646e-07
1.206421342825336751e-07
1.186482380122200198e-07
1.184820500599315096e-07
1.183340229138352129e-07
1.192156104945496509e-07
1.180022702884642172e-07
1.160989570037074259e-07
1.160105246311715632e-07
1.152853447150548050e-07
1.133570723954591131e-07
1.118849883852135463e-07
1.100892101923989230e-07
1.075636893999032395e-07
1.052077727159428377e-07
1.026360393341363419e-07
9.923314048254638919e-08
9.546607926402828070e-08
9.145441060010028878e-08
8.601716305900453108e-08
8.051095112815431776e-08
7.466691354096610667e-08
6.695789378508010259e-08
6.043710198966323333e-08
5.158975591168513120e-08
4.169076206483879332e-08
3.214656518757408321e-08
2.112079677818456958e-08
1.115948855545667584e-08
1.208416700038128511e-09
8.199997347801968317e-09
1.547593597717167313e-08
2.042685809389155338e-08
2.113939168157941140e-08
1.615097133811360663e-08
1.625971579599649885e-09
2.429440493223467001e-08
6.486614700929038690e-08
1.258727622133193336e-07
2.110239110120204487e-07
3.252375977425003839e-07
4.711796611767127274e-07
6.557768245096795567e-07
8.724178480745692355e-07
1.124725005241522524e-06
1.400066510837127964e-06
1.682638742450670577e-06
1.951437091252117284e-06
2.184524034665180636e-06
2.361818646434699076e-06
2.457536492084244628e-06
2.468623070961406540e-06
2.379507031191607780e-06
2.212431296277905801e-06
1.984372673291545652e-06
1.715508921695807487e-06
1.434960472224133810e-06
1.158352281316332721e-06
9.030686584088343238e-07
6.788622294306989602e-07
4.898480141513061881e-07
3.396456796922464605e-07
2.221507061639371727e-07
1.332982905166701926e-07
7.068380314390054764e-08
2.721034331187865973e-08
0.000000000000000000e+00
