0.000000000000000000e+00
8.964890518381452011e-06
1.741027818158435991e-05
2.503483039650866715e-05
3.204124561717591746e-05
3.827048395133036962e-05
4.407417240859246022e-05
4.935796646454715386e-05
5.404767986794123402e-05
5.834228080325853938e-05
6.224346645344880358e-05
6.594240066637446773e-05
6.919657505688459054e-05
7.215569732865745323e-05
7.481202513337503746e-05
7.730080680234951984e-05
7.949583048039166044e-05
8.155679966670437153e-05
8.339715895377963761e-05
8.505650024859257030e-05
8.648796342636266843e-05
8.782984645538949309e-05
8.915954140320536681e-05
9.023884204784060614e-05
9.116361789207605426e-05
9.203346546249324689e-05
9.283807990734249671e-05
9.345507499036731502e-05
9.406708070014424550e-05
9.452328827730394067e-05
9.487983909217678757e-05
9.522264772221511464e-05
9.543514677778919264e-05
9.554717880733143431e-05
9.561024300330789316e-05
9.557396979198440334e-05
9.545501453656068946e-05
9.525260967224724595e-05
9.496544435561027342e-05
9.459164851044477018e-05
9.406540361611703815e-05
9.357374391361084065e-05
9.292285566953051301e-05
9.220752888972061356e-05
9.127382938889372355e-05
9.036290570874072614e-05
8.927606014930145051e-05
8.806309694386893483e-05
8.673856077179298296e-05
8.524595865089246161e-05
8.357457281171765118e-05
8.178723234275597775e-05
7.978387855889224056e-05
7.754398692982888974e-05
7.515627150078696417e-05
7.240719968182318667e-05
6.956693612114595027e-05
6.634944993044733508e-05
6.281290264864569650e-05
5.892487902647847164e-05
5.468650223572346647e-05
4.995325134116157528e-05
4.469054123901194941e-05
3.909749831798592368e-05
3.267839821763374175e-05
2.583668488576051914e-05
1.833114399563129382e-05
1.001594565641639178e-05
1.148593360311700451e-06
9.030577807989104144e-06
2.014041911779784755e-05
3.165044654462878526e-05
4.425341028024831758e-05
5.764257264995187313e-05
7.205844778690462249e-05
8.658505036929220466e-05
1.018371594385669709e-04
1.164462202430938120e-04
1.309042549678673950e-04
1.443107316010383556e-04
1.558569868967962790e-04
1.653598369616426922e-04
1.722485600011980367e-04
1.755927758725350785e-04
1.758189799663245623e-04
1.726342638292965859e-04
1.663414404843299721e-04
1.571307656829112886e-04
1.458126748856702903e-04
1.328649705727436015e-04
1.183487587514964190e-04
1.036404520359246462e-04
8.823100504695702284e-05
7.364393829356608023e-05
5.930803409714968666e-05
4.582579218492810469e-05
3.310128160805003716e-05
2.125669909336380670e-05
1.056800360155207841e-05
0.000000000000000000e+00
