0.000000000000000000e+00
2.045565161701290435e-09
2.853259406521146957e-09
2.840355617372836150e-09
2.259502918100508850e-09
1.301053376145944185e-09
1.766293777905048046e-10
1.122378634477172454e-09
2.494339401692968750e-09
3.808200088606383815e-09
5.112842149657126356e-09
6.273022989944365690e-09
7.377382704731871854e-09
8.356954794841442435e-09
9.373038456494953152e-09
1.014602080129378692e-08
1.089606016524413690e-08
1.153847262180818234e-08
1.212605915679176860e-08
1.265148674711724652e-08
1.313552611126311831e-08
1.343043298795976170e-08
1.385359971184385586e-08
1.409846106525947107e-08
1.432560925440640176e-08
1.454798392863665413e-08
1.482104616812307540e-08
1.484160727649452838e-08
1.498629720320110437e-08
1.508939750927140722e-08
1.522982506774184230e-08
1.529720572435167014e-08
1.531180737757154020e-08
1.533000215658830712e-08
1.533019633459531406e-08
1.536597493689839666e-08
1.537585692101828272e-08
1.532417492899895706e-08
1.521396364445593008e-08
1.511444303048392612e-08
1.502451096868639979e-08
1.496006540868677348e-08
1.486612477563653556e-08
1.469818555754898171e-08
1.443876840312441345e-08
1.417037931439324439e-08
1.387572112765411703e-08
1.352561196377166652e-08
1.318742048894705476e-08
1.268858862424337985e-08
1.230609025792972488e-08
1.163360252576239873e-08
1.096758195373581657e-08
1.027422558141921627e-08
9.452405969057053881e-09
8.613793789358226149e-09
7.558226711168458678e-09
6.440473043767269701e-09
5.228210975261049498e-09
3.989080399335875882e-09
2.683473887543641467e-09
1.370545898993213996e-09
9.349632179578293290e-12
1.169738750306237307e-09
2.068104132391113126e-09
2.713820390631838109e-09
2.909760321578858111e-09
2.057056525117673118e-09
2.691741274318815158e-10
3.086835009824540066e-09
8.233031034698967687e-09
1.619691125664957099e-08
2.707870505602727462e-08
4.167336165039614571e-08
6.068818270144049620e-08
8.424942454787753832e-08
1.124866516599709598e-07
1.447697208778464528e-07
1.801831935877018509e-07
2.166195741670762231e-07
2.515110539835774262e-07
2.817543067745731378e-07
3.040746267002347736e-07
3.178782369550603448e-07
3.183653520810736381e-07
3.062361191297213736e-07
2.849033150509328038e-07
2.551349245205614125e-07
2.208154115113103444e-07
1.846632613489163077e-07
1.488792098491842353e-07
1.160877808326077343e-07
8.743095669672129588e-08
6.328401536137562289e-08
4.377652695897182866e-08
2.857014869128704504e-08
1.724988107909553037e-08
9.036466908085571959e-09
3.456843034044254637e-09
0.000000000000000000e+00
