0.000000000000000000e+00
1.047897213446447040e-09
2.209212701664853284e-09
3.432322426277778504e-09
4.669436393101022986e-09
5.882590525807529502e-09
7.061898732452220884e-09
8.175571553081795173e-09
9.222897889848979958e-09
1.019978868033177832e-08
1.110351355304572962e-08
1.193195842130734263e-08
1.269445215612563516e-08
1.338371558023965235e-08
1.401585136839855750e-08
1.458933762688019442e-08
1.510779445990095837e-08
1.556894646537188009e-08
1.598436771832467684e-08
1.636307123131786057e-08
1.670228155781217083e-08
1.700945928551078623e-08
1.727780563065550723e-08
1.751423106544081065e-08
1.771793001204002849e-08
1.790360271147761750e-08
1.806949312399552809e-08
1.820471107194521210e-08
1.832029317139216573e-08
1.841898789045615104e-08
1.849418629351617938e-08
1.855186149146703656e-08
1.859365872380891460e-08
1.862726450863050331e-08
1.863726017958811099e-08
1.862603993263434177e-08
1.860489440286272611e-08
1.856468523353527189e-08
1.850545172654705084e-08
1.842701091714360473e-08
1.833065232936803568e-08
1.821426764969658052e-08
1.809185123935463935e-08
1.792891290985920705e-08
1.774888336303348524e-08
1.754369527429133768e-08
1.731001919580421600e-08
1.704305674365969026e-08
1.674261684847522247e-08
1.641513081018786124e-08
1.604392962928358202e-08
1.562870433069463161e-08
1.516874548190827454e-08
1.465970567160468363e-08
1.409372840655009895e-08
1.346687739101071202e-08
1.279087891159491619e-08
1.203783306369388129e-08
1.121578574458936828e-08
1.032004592893542849e-08
9.355575869562926528e-09
8.318058242196002539e-09
7.211379382532356885e-09
6.042806255379673530e-09
4.828035971016220174e-09
3.596538067363042046e-09
2.367820939319642548e-09
1.199572441379359589e-09
1.312866482194863238e-10
7.401782520233268770e-10
1.340837774144176819e-09
1.531262561194068894e-09
1.202288713031407497e-09
1.900951618338808657e-10
1.619048339840389872e-09
4.329665070912369629e-09
7.986075578614304504e-09
1.256206383359881329e-08
1.784625736078737646e-08
2.353036843150135837e-08
2.914537466924826958e-08
3.411797966368368407e-08
3.789696345624093965e-08
3.999090514295033927e-08
4.012360255156721678e-08
3.824938732410743114e-08
3.466071285540550662e-08
2.977418944727361350e-08
2.420051570251047224e-08
1.850229425226501689e-08
1.314085007475540579e-08
8.471331747195165462e-09
4.699094335869347105e-09
1.867768828489602129e-09
3.404398984940826267e-11
1.129219384665702819e-09
1.546185957046475323e-09
1.398986038125826781e-09
8.546447993751371541e-10
0.000000000000000000e+00
