0.000000000000000000e+00
1.690950712784911047e-10
6.675694441682367142e-10
1.493311585498702243e-09
2.634295781511752921e-09
4.073828385742217506e-09
5.791094381812911251e-09
7.744484165073117765e-09
9.907598297331787762e-09
1.224813217515219321e-08
1.473443878019509157e-08
1.731283494343927032e-08
1.996048415442430723e-08
2.263666754043214269e-08
2.527140718910914075e-08
2.780991725792603120e-08
3.026765826863453412e-08
3.257078950991143529e-08
3.468955755980829281e-08
3.657912051036049661e-08
3.822597471891953091e-08
3.958718397534255473e-08
4.066224035259580205e-08
4.140939402486054632e-08
4.181854340590263064e-08
4.191538416353779439e-08
4.165265610200918900e-08
4.108889173348728718e-08
4.016415711127763188e-08
3.894710831620074032e-08
3.743855081506097804e-08
3.566410822219978627e-08
3.365553635781282082e-08
3.144526272702563574e-08
2.905776108619306797e-08
2.655206554624811588e-08
2.396514242608560608e-08
2.130101672825901460e-08
1.863028942228339702e-08
1.602012700274713097e-08
1.348074085694150881e-08
1.106092240021894213e-08
8.805549955859248712e-09
6.744383829193623114e-09
4.904445960463021947e-09
3.320709374143859804e-09
2.029517220947241185e-09
1.042934072437162740e-09
3.833074968540017835e-10
5.033684580268982245e-11
4.544176146481504475e-11
3.810758375522027563e-10
1.053108711346339987e-09
2.036635415869625376e-09
3.334546749833577906e-09
4.904462613808391325e-09
6.741124103371021192e-09
8.802436335386687460e-09
1.106076374934872319e-08
1.348735356732078117e-08
1.603024057938995384e-08
1.864968390830057388e-08
2.130757015272877197e-08
2.395741138805362880e-08
2.656395492461882668e-08
2.908867491324684806e-08
3.145622451405927222e-08
3.368816503535043694e-08
3.568161377476286589e-08
3.744820675777305041e-08
3.897901290628169590e-08
4.018946253570021554e-08
4.107666773389695436e-08
4.167284062273068912e-08
4.193439084865246969e-08
4.185630653186223071e-08
4.142415876984273382e-08
4.067514758343548920e-08
3.961728545220921660e-08
3.825709549154510114e-08
3.659021907687076691e-08
3.471040643798772862e-08
3.259287162382662473e-08
3.028178652275670402e-08
2.783801533734475697e-08
2.526281150938558540e-08
2.263284593073677797e-08
1.997285059562869947e-08
1.733070364995370483e-08
1.474236832610387182e-08
1.225215873201790373e-08
9.906389819569483279e-09
7.740021512603334486e-09
5.786637502502856023e-09
4.079106497023587963e-09
2.644987451283498103e-09
1.500301882728649616e-09
6.717594258631720550e-10
1.685116490790505850e-10
0.000000000000000000e+00
