0.000000000000000000e+00
1.009492489600916088e-10
1.941895533263959805e-10
2.796384235281834663e-10
3.569868844977008848e-10
4.289032462523323375e-10
4.918733198522318162e-10
5.499746213999401334e-10
6.042172318032612566e-10
6.523681594927666083e-10
6.951446085423640397e-10
7.359916009974654116e-10
7.722397166176619976e-10
8.031596498980775323e-10
8.343129520582692749e-10
8.605703927244690021e-10
8.863673128800542145e-10
9.091203345690246351e-10
9.295123559738271979e-10
9.482742369115726433e-10
9.649927523724954881e-10
9.803590161894248922e-10
9.939282730186960180e-10
1.007197880653620814e-09
1.016336237391612940e-09
1.027849250156975813e-09
1.035402985571920453e-09
1.043758746099854307e-09
1.048300002359781047e-09
1.055362464086329055e-09
1.058707566059524652e-09
1.061211785113869155e-09
1.064523802440930922e-09
1.066779664604666777e-09
1.066481458700252460e-09
1.066887578282660343e-09
1.064746624201973191e-09
1.063305776760614663e-09
1.060101006977731686e-09
1.055110554482041607e-09
1.049812570208530360e-09
1.043617192664214599e-09
1.036483787686393043e-09
1.028932716806707504e-09
1.019377915412178481e-09
1.006751570997721501e-09
9.964646885407546506e-10
9.829397296101660686e-10
9.670452216781200150e-10
9.512682863643817655e-10
9.309566451065620640e-10
9.116932764285934354e-10
8.902559800461062878e-10
8.656831917974727730e-10
8.386668026716392887e-10
8.080313085301327192e-10
7.763659715109838544e-10
7.405286384098985764e-10
7.001320634358876305e-10
6.578476652308040684e-10
6.102430782917167562e-10
5.578840722719746736e-10
5.002877001558658776e-10
4.357689764589167680e-10
3.660268754757112220e-10
2.878813853968154035e-10
2.063597071000344840e-10
1.139550676043654676e-10
9.738654327406948141e-12
9.918643684159178520e-11
2.194507908725995549e-10
3.514782909164182456e-10
4.894493699225677119e-10
6.387560480547449515e-10
7.952450920001297163e-10
9.560535696451211152e-10
1.121643333767963213e-09
1.288349427142065906e-09
1.447585940006490546e-09
1.591929477129383486e-09
1.723594489355662063e-09
1.828019624561250112e-09
1.899228219137683027e-09
1.941071303690478089e-09
1.940887228712995238e-09
1.908784241777539137e-09
1.835734342314765399e-09
1.734732024694096708e-09
1.610747646374477426e-09
1.463347110153279118e-09
1.305731855971714594e-09
1.141541861038319894e-09
9.777584297765429255e-10
8.126855854939663004e-10
6.568506849546906778e-10
5.052024354412765206e-10
3.661843051006030691e-10
2.330335924227711075e-10
1.131038596113853600e-10
1.110223024625156540e-16
