0.000000000000000000e+00
7.492004794329432116e-10
3.247212831958279367e-09
7.536077761827186805e-09
1.356317880230051287e-08
2.102790819247246645e-08
2.971685209018914975e-08
3.970002038222730789e-08
5.100842492833379538e-08
6.322736290087505040e-08
7.602912899251634826e-08
8.931436468184728028e-08
1.029783140982232226e-07
1.166240053418476919e-07
1.302719032647559061e-07
1.434611500705784692e-07
1.562264158039283757e-07
1.679981259661289528e-07
1.792133936806550309e-07
1.889701884971728418e-07
1.971931768984802602e-07
2.042076369113132728e-07
2.098746617607005760e-07
2.139356803931846684e-07
2.159914086474756800e-07
2.164188492859153712e-07
2.153557425721430718e-07
2.120956003048846128e-07
2.073159975912730602e-07
2.012700215381357793e-07
1.935823328302888058e-07
1.841714984962550261e-07
1.736543222552455745e-07
1.622108024568191809e-07
1.502815416554170724e-07
1.372934232968248125e-07
1.235812573385786095e-07
1.098692877787854627e-07
9.619521645909401286e-08
8.259200634519459072e-08
6.952378817093318730e-08
5.704878491830100984e-08
4.546232035274044847e-08
3.480022492396983580e-08
2.528262399437153363e-08
1.722419673555464215e-08
1.051553766284740732e-08
5.473719921766928564e-09
2.096341211732521970e-09
3.043284513282173975e-10
1.786425452010576009e-10
1.822736961365478692e-09
5.194470631408876216e-09
1.038839725353568610e-08
1.717516151522602286e-08
2.524521103275390033e-08
3.457139419182908568e-08
4.524821550777602397e-08
5.703014727131971995e-08
6.961134912941702169e-08
8.263500494987141565e-08
9.614725771101007012e-08
1.098121238385374454e-07
1.233939841416287209e-07
1.369113680205202854e-07
1.499705204466295072e-07
1.622405285672812170e-07
1.736539998464792234e-07
1.843824065650423449e-07
1.932522681880044502e-07
2.008575943346357917e-07
2.071304370243609583e-07
2.122204494359181126e-07
2.151498267322082825e-07
2.164078435340499595e-07
2.159569427728769142e-07
2.139217596397458010e-07
2.098584577225892644e-07
2.044825574420983116e-07
1.976759731459054592e-07
1.889217029482637145e-07
1.790138249857520236e-07
1.679777525964709639e-07
1.562518870956708383e-07
1.438279981780254957e-07
1.305202519397141714e-07
1.166763694548933472e-07
1.029950269515467198e-07
8.931483086449532038e-08
7.600834805998601951e-08
6.322088674792780694e-08
5.112455703226714832e-08
3.997178654735478176e-08
2.984375513381820610e-08
2.101540030885473698e-08
1.361981416536650613e-08
7.718172212456408943e-09
3.548981108991711153e-09
9.840391834714523611e-10
0.000000000000000000e+00
