0.000000000000000000e+00
9.716384713032155673e-06
1.133126034635889567e-05
1.184325274827813246e-05
1.206539448328491915e-05
1.218146224968297275e-05
1.224923146314615963e-05
1.229262970170452718e-05
1.232202000878146464e-05
1.234280205986149070e-05
1.235803332422236167e-05
1.236969101370277713e-05
1.237864790981646479e-05
1.238571316153347368e-05
1.239162065025389836e-05
1.239627227245243546e-05
1.240027526416831449e-05
1.240357131726543827e-05
1.240636619614932101e-05
1.240875684360709386e-05
1.241071088364797959e-05
1.241256547468427840e-05
1.241416740049849921e-05
1.241549879105185994e-05
1.241670812979212002e-05
1.241781750271897522e-05
1.241876905067051950e-05
1.241955909370151545e-05
1.242037583759625363e-05
1.242105525212089390e-05
1.242162808823277231e-05
1.242221269215360024e-05
1.242261288181278900e-05
1.242314796545684885e-05
1.242349079499938114e-05
1.242386730082589708e-05
1.242422341329874058e-05
1.242447377580724321e-05
1.242476411045245754e-05
1.242498952835902060e-05
1.242513384647203623e-05
1.242536021528461987e-05
1.242550853786106302e-05
1.242554508595894447e-05
1.242564843495497229e-05
1.242578380900027923e-05
1.242582702942751638e-05
1.242583301153121766e-05
1.242585424610087586e-05
1.242594408190633715e-05
1.242592582828550007e-05
1.242588771399599779e-05
1.242577614568585176e-05
1.242571540471804070e-05
1.242565062509193297e-05
1.242547513591318875e-05
1.242529484035692633e-05
1.242521504352112061e-05
1.242498530729108097e-05
1.242479959051578930e-05
1.242451376826103626e-05
1.242421367497748008e-05
1.242395336187307464e-05
1.242360182351909259e-05
1.242321015815228691e-05
1.242271854617893467e-05
1.242228962383684632e-05
1.242175052384997258e-05
1.242109345622743888e-05
1.242044479798920520e-05
1.241973616361580213e-05
1.241890200032180758e-05
1.241792848616363187e-05
1.241691513209630671e-05
1.241572830945614214e-05
1.241434377563521707e-05
1.241285263042790632e-05
1.241110076277696095e-05
1.240908408783880645e-05
1.240674698721466740e-05
1.240394701562674840e-05
1.240075897190884291e-05
1.239690544119209648e-05
1.239230609972885588e-05
1.238679009996079827e-05
1.237982064472564758e-05
1.237112337615364765e-05
1.236002979498884713e-05
1.234526276028269365e-05
1.232549748442224313e-05
1.229781147960018473e-05
1.225711476504631747e-05
1.219386930073618203e-05
1.208721397538692344e-05
1.188725519674083131e-05
1.144175106992939561e-05
1.012123911181550540e-05
3.165584246511699007e-06
7.062737985585876288e-05
7.771561172376095783e-16
