0.000000000000000000e+00
4.016700674291939777e-07
7.055469413153048208e-07
9.339446882528079641e-07
1.111405194320624901e-06
1.251255184131494502e-06
1.360971410790945413e-06
1.448912534174340294e-06
1.522492263372754451e-06
1.582087377882679391e-06
1.631713193117612093e-06
1.673424849024662819e-06
1.708782640164052680e-06
1.738649778593170936e-06
1.764964746575614640e-06
1.787452089341279304e-06
1.807027533051730472e-06
1.824155302476704321e-06
1.838916063201523343e-06
1.852025699911052925e-06
1.864265184114977103e-06
1.874721456629480087e-06
1.884036783028619766e-06
1.892354131505236126e-06
1.899524489035187003e-06
1.905764492438066782e-06
1.912428053030268416e-06
1.917781915494742861e-06
1.922580069257939783e-06
1.926875749069800747e-06
1.930714577214054373e-06
1.934135686720850344e-06
1.937172655508412333e-06
1.939854284871422863e-06
1.942205186677981033e-06
1.944246334484311944e-06
1.945995468877192991e-06
1.947217983411242415e-06
1.948674507201708650e-06
1.949626561970063676e-06
1.950331282474238037e-06
1.950546209883441406e-06
1.951019288348732061e-06
1.950760020630326608e-06
1.950372253922694199e-06
1.950026207619970364e-06
1.949546452162387311e-06
1.948570418575101826e-06
1.946947486453076692e-06
1.945840659822728469e-06
1.944064330960948439e-06
1.941742728939210849e-06
1.939612906842747009e-06
1.936898477383763861e-06
1.933423750988261247e-06
1.930110222092551453e-06
1.926486031145202560e-06
1.922144461374841740e-06
1.916879372121371716e-06
1.911885666339152579e-06
1.905425268566851571e-06
1.899118293735568841e-06
1.891599716641323425e-06
1.882916721651639591e-06
1.873495157789228927e-06
1.862917140105224689e-06
1.850825331106698002e-06
1.837853515707088548e-06
1.822118482541768003e-06
1.804962811990939997e-06
1.785439122992116268e-06
1.762645531089290785e-06
1.735960552418092107e-06
1.705646240468539077e-06
1.669111316271454371e-06
1.626681613187130893e-06
1.576865604091537421e-06
1.514999308449560544e-06
1.441669398083433862e-06
1.351467401544681479e-06
1.238370411105194080e-06
1.097444806918979054e-06
9.158148221999340421e-07
6.802069054678838711e-07
3.698301442867091282e-07
4.506303097340236263e-08
6.038482889270113674e-07
1.354552308541201455e-06
2.345604992237682040e-06
3.585151163276734110e-06
4.924456079469230474e-06
6.056151164890444250e-06
6.456988794201201642e-06
5.956432538534173204e-06
4.798494100843875287e-06
3.448979867259893695e-06
2.239965039785296597e-06
1.273095805665036551e-06
5.430378510196121056e-07
4.440892098500626162e-16
