0.000000000000000000e+00
3.350674987467883170e-07
3.437846765041996377e-07
3.581330139112992583e-07
3.774217576246741146e-07
4.015512174992963423e-07
4.311057286709996106e-07
4.645543267844942648e-07
5.013242070361911829e-07
5.411477614902793221e-07
5.832179613696197862e-07
6.269464345454167642e-07
6.720098392198892157e-07
7.172221099249753706e-07
7.619460588026427672e-07
8.056916003251757274e-07
8.471242616270302506e-07
8.863654799018405583e-07
9.222607243453140313e-07
9.547880706062272793e-07
9.827442257748231214e-07
1.006016201232640128e-06
1.023888194562339038e-06
1.036977993362775408e-06
1.044049950826853035e-06
1.045415432665564026e-06
1.041166894921730091e-06
1.031355431502234410e-06
1.015497115841590414e-06
9.952499380183610356e-07
9.691810327616678933e-07
9.392911124450620264e-07
9.050202341986945953e-07
8.670679217948062956e-07
8.268656643828364849e-07
7.841256017826481184e-07
7.398127485069849740e-07
6.947860742290146163e-07
6.497702352836753903e-07
6.050332364004873398e-07
5.619294738412605739e-07
5.210681994771704240e-07
4.826629174115026899e-07
4.474352062189268509e-07
4.164779126014650501e-07
3.893490271300592553e-07
3.674425556043914298e-07
3.506812484843635502e-07
3.392695446802207471e-07
4.657915516625976693e-07
4.470564316516600911e-07
3.390626523991357999e-07
3.507560354387706525e-07
3.675232416178175754e-07
3.892755240375578296e-07
4.161317478379444879e-07
4.478854485068239910e-07
4.829374267156794076e-07
5.212556744016438870e-07
5.624327568121145760e-07
6.053210024337118966e-07
6.496694205937458833e-07
6.950142573680651026e-07
7.399478865188768850e-07
7.844632119446970364e-07
8.270026724543910746e-07
8.674256799512392035e-07
9.047921341043263510e-07
9.392489078718924134e-07
9.693042929415085496e-07
9.953721337163656813e-07
1.015460963205150335e-06
1.031365556514174386e-06
1.041218151032197170e-06
1.045724490666977147e-06
1.043861728056150184e-06
1.037110412216435407e-06
1.023898410945633941e-06
1.005963145672694736e-06
9.826917657385081384e-07
9.545230068574994675e-07
9.224350853154206220e-07
8.862507883122816565e-07
8.470972103769014439e-07
8.055110711779889243e-07
7.618698616429497861e-07
7.170354978658366463e-07
6.719909325658690591e-07
6.269620267396192048e-07
5.828237483740394964e-07
5.408766964309918990e-07
5.011039394542393666e-07
4.641074093925112720e-07
4.310440350208111226e-07
4.018938702943231078e-07
3.773442101007162819e-07
3.581020682208446715e-07
3.437736932898616260e-07
3.352652244714704466e-07
0.000000000000000000e+00
