0.000000000000000000e+00
4.578189716220038008e-09
6.834041554881764569e-09
6.665218155177399240e-09
5.502247102384671962e-09
3.086335520485761208e-09
4.724578506198895411e-10
2.568188106621960287e-09
5.911471867570128325e-09
9.128501510247133410e-09
1.215863143499973376e-08
1.502774882311541660e-08
1.748329303552509373e-08
1.998125864766109316e-08
2.215258709803435977e-08
2.425694667351763201e-08
2.609532323560870282e-08
2.756590744557030348e-08
2.895035422501024414e-08
3.025723871452612457e-08
3.119716929234073177e-08
3.202832377091624494e-08
3.283089977657027703e-08
3.358564881761338938e-08
3.420389482755581412e-08
3.475068310887508005e-08
3.520115909871890381e-08
3.551763827491782877e-08
3.569860107521805048e-08
3.598524478398701376e-08
3.653966806904662690e-08
3.686531369062606700e-08
3.699742845419962123e-08
3.638289536311845040e-08
3.717454011287202320e-08
3.732895503816280325e-08
3.727179720414142139e-08
3.708324380902183748e-08
3.670539727718136191e-08
3.601129239250155933e-08
3.597422848500286818e-08
3.548937987929434712e-08
3.523145453154796769e-08
3.507483969933389290e-08
3.452297736572518261e-08
3.382968483123249825e-08
3.317845165273780594e-08
3.239230039753238088e-08
3.154072125699514118e-08
3.064816778142187559e-08
2.945774335572082236e-08
2.807890242539912151e-08
2.654696751314133962e-08
2.478991079080117288e-08
2.294806522584735831e-08
2.108241736742400008e-08
1.872862542828812593e-08
1.603116572823637398e-08
1.295908758081054657e-08
1.004067784471374125e-08
6.873430935527835572e-09
3.741608245455552151e-09
6.217133474706315610e-10
2.276821842173148980e-09
4.519979168726706575e-09
6.011788178383881132e-09
6.281040132449788871e-09
4.504102424363054524e-09
2.497065887396843209e-10
7.579985972228087121e-09
2.016428934936698170e-08
3.887376576194867539e-08
6.493284454567316288e-08
9.953783797200799199e-08
1.445309651959547637e-07
2.009275491543505154e-07
2.686710581789597541e-07
3.447007068668739294e-07
4.286263370900655900e-07
5.154440199106602449e-07
5.967552698660227861e-07
6.696678803708167038e-07
7.234122036958723356e-07
7.535023188731670984e-07
7.537447318517465078e-07
7.276774611764125211e-07
6.766283081605095617e-07
6.073135097039994434e-07
5.240567395592421462e-07
4.381192821867330167e-07
3.531418708568878628e-07
2.751099437148241122e-07
2.073315350514803868e-07
1.496197490347128678e-07
1.038372476891424867e-07
6.750658410048515634e-08
4.067116976536055972e-08
2.116917696692866002e-08
8.334323009506761082e-09
0.000000000000000000e+00
