0.000000000000000000e+00
7.920453182208575527e-11
3.456578356875183999e-10
8.050664579428712386e-10
1.449150910382002166e-09
2.245622354735132831e-09
3.174948304263125465e-09
4.242134310494805050e-09
5.451008644463684050e-09
6.757524095846179080e-09
8.125361494748517543e-09
9.544140811001966540e-09
1.100466229253527217e-08
1.246615888295110608e-08
1.392633430796763605e-08
1.533230054029388612e-08
1.669584659413914096e-08
1.795520132574779382e-08
1.915577940714285887e-08
2.019506861739017722e-08
2.107020347086319134e-08
2.182571223752205469e-08
2.242896290916007729e-08
2.286278411034459168e-08
2.308074753543110091e-08
2.313331393111184298e-08
2.302292223532731441e-08
2.266673071460445499e-08
2.215610206413032301e-08
2.151376876646793335e-08
2.069426141559915777e-08
1.968358775972234298e-08
1.855698483765877427e-08
1.734037624601114658e-08
1.606714683521914822e-08
1.467330679183476150e-08
1.320946441119019710e-08
1.174814889814967955e-08
1.028830132199232139e-08
8.828417552564360449e-09
7.429611037501615556e-09
6.099518223834365926e-09
4.863926039710975147e-09
3.726144393034758195e-09
2.707972845961137409e-09
1.849591035885111978e-09
1.133224181160130684e-09
5.939774228025385128e-10
2.308839786024918794e-10
3.793299008236772352e-11
2.485123218320950400e-11
2.021657286022104927e-10
5.617726284157242844e-10
1.115434855591956875e-09
1.841329311247363876e-09
2.704706569822690199e-09
3.699597295181433765e-09
4.840489453705743017e-09
6.098727078907018040e-09
7.441644522820922703e-09
8.835075560043037513e-09
1.027951435084162313e-08
1.173741803750516510e-08
1.318418352269645766e-08
1.463130072654195146e-08
1.602978749737360431e-08
1.733837984296826562e-08
1.855752396195953224e-08
1.970167873288630744e-08
2.065564908004802191e-08
2.146718924844748244e-08
2.213387495508811753e-08
2.267997933902421437e-08
2.299274382000504602e-08
2.312745317478714924e-08
2.307157598302467250e-08
2.285673805779708800e-08
2.242750229974888043e-08
2.184971736873819737e-08
2.111974584106945940e-08
2.018524491997908399e-08
1.913165681433071086e-08
1.794949233691056634e-08
1.669291505024261824e-08
1.536894722597992313e-08
1.394995285952660424e-08
1.246634051543793476e-08
1.100176838519928424e-08
9.542804657591830164e-09
8.127109318856184927e-09
6.758076764867837483e-09
5.463665075922108372e-09
4.269381737032063029e-09
3.187487274125544445e-09
2.243229269005553306e-09
1.451762376980525460e-09
8.205384149917449577e-10
3.768968470652112046e-10
1.039816011072502988e-10
0.000000000000000000e+00
