0.000000000000000000e+00
2.246322017285251604e-10
9.803137190900201858e-10
2.283229827426680458e-09
4.109918183559102545e-09
6.368790494981624306e-09
9.004448742189197219e-09
1.203108468406099973e-08
1.545957462045777220e-08
1.916496350506946555e-08
2.304428703414629354e-08
2.706807133989741487e-08
3.121023839369740926e-08
3.535518988684316355e-08
3.949637483735557453e-08
4.348381898999775785e-08
4.735096692520812667e-08
5.092261479155979487e-08
5.432756222667478596e-08
5.727507346175997327e-08
5.975703587512981585e-08
6.189971979431163618e-08
6.361059790016554416e-08
6.484095282921487069e-08
6.545911490629663376e-08
6.560819909573467612e-08
6.529512452946306666e-08
6.428493048993288994e-08
6.283673970042258361e-08
6.101504324007578361e-08
5.869084696019655212e-08
5.582449158492153174e-08
5.262935220962106087e-08
4.917893170475196030e-08
4.556794785948170556e-08
4.161489486342873079e-08
3.746330268228348359e-08
3.331888631663559863e-08
2.917862285123362653e-08
2.503825669020187661e-08
2.107111940485850710e-08
1.729884901990885737e-08
1.379459269035265834e-08
1.056773979435376987e-08
7.680110880592394551e-09
5.245670120501699785e-09
3.213983190697433656e-09
1.684620776210010717e-09
6.548540598672047963e-10
1.076325695237301261e-10
7.053180262062141992e-11
5.734075436691909999e-10
1.593283838197123714e-09
3.163524442406639992e-09
5.222232979384955343e-09
7.670849289098669033e-09
1.049245179629565428e-08
1.372812774569354133e-08
1.729660303873004068e-08
2.110523888987358987e-08
2.505714302714068253e-08
2.915369234912645879e-08
3.328844822014787042e-08
3.739160447935319098e-08
4.149575449918785353e-08
4.546199106059134465e-08
4.917326945630406954e-08
5.263087721196768598e-08
5.587579610111248485e-08
5.858133678149357593e-08
6.088293358352814266e-08
6.277371755736282921e-08
6.432251176136105641e-08
6.520954121125299707e-08
6.559157550434235873e-08
6.543310682172176485e-08
6.482380943140242380e-08
6.360645055103475443e-08
6.196780732992124285e-08
5.989754980895156677e-08
5.724721174882319019e-08
5.425914240131390898e-08
5.090640942118085377e-08
4.734265113270907932e-08
4.358776073409842411e-08
3.956335747901107425e-08
3.535570491930428716e-08
3.120203762030371308e-08
2.706428614551725786e-08
2.304924384688433747e-08
1.916653935563061850e-08
1.549546979617844045e-08
1.210836508835910763e-08
9.040015847006088734e-09
6.362009585814121237e-09
4.117338803233394628e-09
2.327114501099458721e-09
1.068906296808336265e-09
2.948945532210700549e-10
0.000000000000000000e+00
