0.000000000000000000e+00
9.036538184403752894e-11
3.943535498152073160e-10
9.184798477335220923e-10
1.653307379889668027e-09
2.561982070936608125e-09
3.622234068245688832e-09
4.839766254427502190e-09
6.218949244463090054e-09
7.709522686916159273e-09
9.270065826072482196e-09
1.088871914856071044e-08
1.255499526564562984e-08
1.422239326309693297e-08
1.588827436282969074e-08
1.749230871261886477e-08
1.904795388085744889e-08
2.048472724780481258e-08
2.185443814806120599e-08
2.304014112830543581e-08
2.403855925425801843e-08
2.490050377002006599e-08
2.558873746227874335e-08
2.608367366541131105e-08
2.633234386095750779e-08
2.639231444501177748e-08
2.626636974589757756e-08
2.585999814286310539e-08
2.527742748448247312e-08
2.454461112133543566e-08
2.360965234426970483e-08
2.245659147526168908e-08
2.117127795298046067e-08
1.978327146545666437e-08
1.833066842760189274e-08
1.674046434807507922e-08
1.507039570913804027e-08
1.340321365006502674e-08
1.173769814677427803e-08
1.007214678327983393e-08
8.476277124636055760e-09
6.958797205136590946e-09
5.549136150584388361e-09
4.251061391791211008e-09
3.089450695270556935e-09
2.110141616995520053e-09
1.292851270484618453e-09
6.776352812210006960e-10
2.633872009383253499e-10
4.325506619551333642e-11
2.833300261073645743e-11
2.306252966377542180e-10
6.408903407972843524e-10
1.272556060527563204e-09
2.100715490449545086e-09
3.085727895424383860e-09
4.220776839147788451e-09
5.522399537660760416e-09
6.957897702442039645e-09
8.490006808692385221e-09
1.007974681499490544e-08
1.172767283286191287e-08
1.339097466246386148e-08
1.504155755505109937e-08
1.669254556802002298e-08
1.828805173964553887e-08
1.978099606336769511e-08
2.117189445982603502e-08
2.247723385195854462e-08
2.356560047100941802e-08
2.449146896399412299e-08
2.525208275816481773e-08
2.587511560570021629e-08
2.623194528261763026e-08
2.638562590639992322e-08
2.632188300655258217e-08
2.607677984656220360e-08
2.558707168365259577e-08
2.492789408226059322e-08
2.409508648160141320e-08
2.302893353789414732e-08
2.182691993812824194e-08
2.047820657491428165e-08
1.904460822377274098e-08
1.753412570693058115e-08
1.591521781030280636e-08
1.422259876537879109e-08
1.255169623792795619e-08
1.088719858710618382e-08
9.272058010267869577e-09
7.710157734486244863e-09
6.233390470455901777e-09
4.870854830585358286e-09
3.636542955653965237e-09
2.559258471812597691e-09
1.656288217688484110e-09
9.361319497358522312e-10
4.299923750394896160e-10
1.186276632481053639e-10
0.000000000000000000e+00
