0.000000000000000000e+00
1.241379221639249408e-08
4.728326885583555850e-08
1.066378568781445324e-07
1.896007714163872038e-07
2.936481195980888970e-07
4.172526664181219758e-07
5.574703391131308194e-07
7.152742919069865479e-07
8.877939300377946097e-07
1.065427882807057358e-06
1.252684409980275859e-06
1.445305157998788559e-06
1.639996081936878625e-06
1.833648162641310364e-06
2.018289438465714625e-06
2.195581977670890694e-06
2.359810650109928076e-06
2.512411136357250996e-06
2.652646169276628996e-06
2.773308784065342536e-06
2.870754582162682311e-06
2.951967098097085795e-06
3.013718703259726794e-06
3.046106259785297254e-06
3.055061645107493007e-06
3.037226851687613305e-06
2.987662851117178775e-06
2.914366329487272367e-06
2.826712344750070827e-06
2.718921846889266192e-06
2.590403992752676743e-06
2.440824184546386277e-06
2.284250687156763604e-06
2.112515379515400582e-06
1.929023888402880971e-06
1.741142687694541280e-06
1.549948987600302530e-06
1.357037472948796619e-06
1.166010163311526071e-06
9.834942862330109392e-07
8.077856955557294327e-07
6.426284488991740318e-07
4.938017237332559262e-07
3.603793569117996753e-07
2.468964424018338377e-07
1.515597894963249814e-07
7.925895728622123215e-08
3.212520749418246169e-08
7.575414850968797964e-09
6.654544582040955447e-09
3.090347044931718301e-08
7.983287397816951625e-08
1.525642242539149152e-07
2.465836917986408139e-07
3.591253512347236665e-07
4.916369492624639292e-07
6.421997806871360126e-07
8.053559563681034206e-07
9.838924981409036263e-07
1.171382349895999653e-06
1.361960846657517266e-06
1.553055916647672063e-06
1.740307367215088163e-06
1.932071332033657995e-06
2.117725794947844520e-06
2.285150728753571059e-06
2.443995475109872473e-06
2.586531675397019114e-06
2.716387913159756806e-06
2.823717690558780191e-06
2.909616780399915115e-06
2.979557928828313607e-06
3.020161843392266121e-06
3.037255253968140778e-06
3.030331400921681961e-06
3.003590584915727391e-06
2.947680879383796082e-06
2.868254029286809725e-06
2.771371846121972737e-06
2.650470862008980077e-06
2.514221789096104942e-06
2.359503726512279798e-06
2.192562822744825723e-06
2.015135197930284505e-06
1.829743326409172255e-06
1.636097251567214528e-06
1.444390667404427120e-06
1.254452566268327018e-06
1.068531813586126589e-06
8.864169408484556811e-07
7.160175059528484098e-07
5.593353431532221975e-07
4.183732867923950494e-07
2.948948391034988958e-07
1.907433510028866408e-07
1.074371842602062088e-07
4.786985718929770428e-08
1.160180951309541797e-08
0.000000000000000000e+00
