0.000000000000000000e+00
8.682254915015619190e-11
3.766821299322486993e-10
8.743950008494039139e-10
1.573817187683346219e-09
2.440041835249928681e-09
3.448352714485736215e-09
4.606833692299971972e-09
5.918977974417316545e-09
7.336795171397625381e-09
8.822285013643238472e-09
1.036384023045400227e-08
1.194924548197917602e-08
1.353278900051435585e-08
1.511672598208946283e-08
1.664712723226102753e-08
1.812802818967895746e-08
1.949373651388697226e-08
2.079516392416991266e-08
2.192749948282113337e-08
2.288176415010667597e-08
2.369553697700865769e-08
2.435313795068339005e-08
2.482423977490100242e-08
2.506266949531266164e-08
2.511250396519670858e-08
2.498917262006017381e-08
2.461088122185373095e-08
2.405603838351311197e-08
2.335464766023420680e-08
2.246277652773187583e-08
2.137077770303363877e-08
2.015036726366048470e-08
1.882253441998216204e-08
1.743837307888185251e-08
1.593122134213587060e-08
1.434013086054619635e-08
1.274903937975579993e-08
1.116232695164143252e-08
9.584017579555847988e-09
8.067612244921917863e-09
6.619940373653321330e-09
5.275367365165095634e-09
4.038227752189982311e-09
2.933831955154175830e-09
1.998748611065082059e-09
1.220200607221499922e-09
6.351691395067859958e-10
2.433444556970698613e-10
3.539335491353767793e-11
2.075195570938603851e-11
2.114562969168787276e-10
6.027401910912999483e-10
1.205484156940883622e-09
1.993064935312816033e-09
2.929512743499174121e-09
4.011804888293113436e-09
5.250723744687491035e-09
6.617754233495531935e-09
8.077650548443671141e-09
9.588849159136714206e-09
1.115667569440148554e-08
1.274232530601437929e-08
1.431857576950079647e-08
1.588723763656929577e-08
1.740240840319984272e-08
1.882579447887167134e-08
2.015009659128708108e-08
2.139503074705118024e-08
2.242452734613209486e-08
2.330698645192086360e-08
2.403468501999128648e-08
2.462527737279174289e-08
2.496516637862100652e-08
2.511102126234732168e-08
2.505889817872031244e-08
2.482284988669647419e-08
2.435123125366089880e-08
2.372728225008557956e-08
2.293772138894922819e-08
2.192198989003912857e-08
2.077234828590235338e-08
1.949164951664528189e-08
1.813112149307016807e-08
1.668946947308569406e-08
1.514527081525329777e-08
1.353887368882311648e-08
1.195126064779117314e-08
1.036402741405595407e-08
8.820009722576571676e-09
7.336146912173546752e-09
5.932347169057550218e-09
4.638194717188071081e-09
3.463028419581348771e-09
2.438622082046038031e-09
1.580388597766102521e-09
8.955373109742481574e-10
4.117738372499957222e-10
1.142491656835886715e-10
0.000000000000000000e+00
