0.000000000000000000e+00
5.079852594125355836e-07
5.138228751366824554e-07
6.662251362810067690e-07
8.178031809524810569e-07
9.661239168679003342e-07
1.108832079932398074e-06
1.243970318420828391e-06
1.370504581266196453e-06
1.487827296253740883e-06
1.595893903694189930e-06
1.694867325485738263e-06
1.786404390746731963e-06
1.869390388153924221e-06
1.944666216724399987e-06
2.013214520535377972e-06
2.075152821023884542e-06
2.131796471349645117e-06
2.182204893230732523e-06
2.226664744586770439e-06
2.268024744789265412e-06
2.303832881245249098e-06
2.336486380261071361e-06
2.366111232166012712e-06
2.391940817969562261e-06
2.414143849160943489e-06
2.433145080971144125e-06
2.449291095385497385e-06
2.463180228451378184e-06
2.475268883750381121e-06
2.484411742331715800e-06
2.492125531050604081e-06
2.498018325192141731e-06
2.500769186064566441e-06
2.501723009751266602e-06
2.501656185316392111e-06
2.498570005005085193e-06
2.493212442056247369e-06
2.485970708732132550e-06
2.476054753008938292e-06
2.464887470465804142e-06
2.451436991401934051e-06
2.434997277589445730e-06
2.415622807561135232e-06
2.393914737219837718e-06
2.369371419397303669e-06
2.339880953883266557e-06
2.308097009851017845e-06
2.272203238451453444e-06
2.232141055213965330e-06
2.187987041879502215e-06
2.138804944151750931e-06
2.082841944139879331e-06
2.021346062863749182e-06
1.953042455649089959e-06
1.878912659125653306e-06
1.796853400848341664e-06
1.706821489144694226e-06
1.608819966136820767e-06
1.501391464264756337e-06
1.385321520608329138e-06
1.259817305920840624e-06
1.125827460368711286e-06
9.839128044530909278e-07
8.358429849364412689e-07
6.848716679330735246e-07
5.322095512072522183e-07
5.616839856559252553e-07
6.844927512988929763e-07
4.686120200214638487e-07
3.273900484046521342e-08
9.450099702768000043e-09
3.650268975974313435e-11
8.073369361927262844e-08
2.495882391873038841e-07
5.173342199071839786e-07
8.876871854246459748e-07
1.359260887068280965e-06
1.912886083865750209e-06
2.510363578456242806e-06
3.107012816139231859e-06
3.638618350620959063e-06
4.045271192465449417e-06
4.270825291974311710e-06
4.283664622573013503e-06
4.082372490832320011e-06
3.696346072890044354e-06
3.175386509846056526e-06
2.583345456774743809e-06
1.983970391528089294e-06
1.421258653655499415e-06
9.394141815555201447e-07
5.559128185561590385e-07
2.774297748198151226e-07
9.788664590004714228e-08
3.387363389784070478e-09
1.237522240238320137e-08
2.934081733130255998e-08
2.261984050067056273e-07
7.238133703513227601e-16
