0.000000000000000000e+00
2.945305158918998245e-05
3.235492430608832848e-05
3.302030686469503706e-05
3.322843631636818174e-05
3.330582902172363191e-05
3.333697748009178952e-05
3.334983298375338023e-05
3.335464920384278997e-05
3.335587862762778855e-05
3.335536039039688205e-05
3.335401023607520443e-05
3.335239236346154712e-05
3.335067235332722646e-05
3.334900920670680335e-05
3.334734923232662851e-05
3.334585446268523157e-05
3.334451440784036436e-05
3.334326673831711219e-05
3.334215438810517185e-05
3.334105927044195283e-05
3.334010991284941383e-05
3.333920474379858945e-05
3.333844388919704471e-05
3.333770522540024928e-05
3.333701794949739394e-05
3.333640718605757058e-05
3.333585598896959823e-05
3.333539251182404684e-05
3.333495351476312152e-05
3.333448414555295614e-05
3.333416658701793267e-05
3.333382076342594758e-05
3.333347441270007039e-05
3.333318941312057859e-05
3.333292958973554931e-05
3.333269145744388595e-05
3.333247375125747425e-05
3.333227814394934541e-05
3.333211029032945305e-05
3.333196272581329112e-05
3.333182924125654978e-05
3.333171138275581313e-05
3.333165810115445993e-05
3.333153554729850754e-05
3.333147957895743474e-05
3.333147035466943464e-05
3.333145587036678847e-05
3.333138093519760758e-05
3.333144386696851313e-05
3.333145883421817501e-05
3.333147506068279142e-05
3.333152079776358079e-05
3.333151595452665816e-05
3.333158251828116647e-05
3.333167637364908842e-05
3.333184283282886184e-05
3.333191566889937008e-05
3.333207894784528946e-05
3.333224220058994547e-05
3.333243441805411322e-05
3.333263022076149440e-05
3.333290652096643214e-05
3.333316278042453007e-05
3.333345055933634171e-05
3.333376174186053476e-05
3.333409993078184641e-05
3.333447335196471073e-05
3.333485195433638637e-05
3.333526594062607984e-05
3.333578325992458957e-05
3.333631471869047402e-05
3.333688616846686159e-05
3.333760675283681252e-05
3.333830355423117453e-05
3.333908204417035392e-05
3.333996505427982981e-05
3.334094693374645146e-05
3.334200944715703940e-05
3.334314205416522015e-05
3.334431082357980358e-05
3.334564980939092038e-05
3.334712406666273665e-05
3.334878910643546135e-05
3.335048779506966099e-05
3.335219186972882000e-05
3.335382383884422097e-05
3.335523158587427872e-05
3.335590823516643155e-05
3.335507395174630574e-05
3.335100418300207537e-05
3.333982042941219248e-05
3.331261848704691886e-05
3.324524967895925442e-05
3.306761867416518896e-05
3.251755778510556638e-05
3.024883783009357785e-05
2.318899162562226834e-05
1.041357694240296894e-04
3.634245682171410863e-16
