0.000000000000000000e+00
2.754194650123054089e-10
3.866761355553194335e-10
5.018857551775113279e-10
6.161318122366310490e-10
7.285995140549061944e-10
8.360722114630902979e-10
9.378279264282696204e-10
1.033522156745902976e-09
1.121590154085083668e-09
1.202692279100858741e-09
1.277624228634977044e-09
1.346754929798521516e-09
1.409475758329392647e-09
1.466315069365009549e-09
1.518307812808927793e-09
1.564963048039658133e-09
1.607199817676985276e-09
1.645461433774642046e-09
1.678970740215390833e-09
1.709785868442281753e-09
1.737148314084890899e-09
1.761836010416573117e-09
1.783337921779093449e-09
1.802466842448779971e-09
1.819465245134210818e-09
1.834264073963254305e-09
1.847289210488156641e-09
1.857269893434931873e-09
1.866023113805681533e-09
1.873875610236552802e-09
1.879492006473526544e-09
1.883276201652961390e-09
1.885670397605565540e-09
1.886506506565410746e-09
1.885501421661217591e-09
1.883456723916765441e-09
1.879856270647906058e-09
1.874235655563438741e-09
1.867000110067351670e-09
1.858368348095496003e-09
1.848424968642348176e-09
1.836208296523977879e-09
1.821361950149480435e-09
1.804998595034135178e-09
1.786205849896305153e-09
1.764624335542919198e-09
1.740212418610553868e-09
1.712985309154646529e-09
1.683097217153317615e-09
1.649790304369957994e-09
1.612013966756364880e-09
1.570118257632202585e-09
1.524201875824360286e-09
1.473246968863861639e-09
1.416801453935079280e-09
1.354615419835170087e-09
1.286349582407808612e-09
1.212774214387479788e-09
1.132213101051604554e-09
1.044627384594321029e-09
9.502629794155836862e-10
8.487202052265274688e-10
7.411831148829151061e-10
6.298571664231644718e-10
5.159376259555870092e-10
4.006370790676783145e-10
2.880529148541199902e-10
2.130560172730611157e-10
9.481415652601299371e-11
2.782607477769261095e-11
7.904898957633577083e-12
1.817435091311381257e-12
6.208200620250181601e-11
1.892082046595078282e-10
3.897112632600396864e-10
6.702794985713467213e-10
1.026536189385751641e-09
1.443161479208754372e-09
1.894590484496916361e-09
2.343697236284469909e-09
2.743609006650160609e-09
3.046109808835240074e-09
3.216558130958446782e-09
3.225554046082379500e-09
3.074796528501622106e-09
2.787124864234158395e-09
2.395116993625379109e-09
1.949628902764288796e-09
1.496616164331499022e-09
1.073668154383256024e-09
7.088913900332727280e-10
4.196105685139173147e-10
2.083736516667045180e-10
7.359779452542625222e-11
2.890243600006670022e-12
9.788059252002767607e-12
2.154565414969056292e-11
8.479705826403005631e-11
0.000000000000000000e+00
