0.000000000000000000e+00
6.143947295367269135e-08
1.297720733095530932e-07
2.016808737792530337e-07
2.742033758940110033e-07
3.457795628714066538e-07
4.148562059436144978e-07
4.802423148042578305e-07
5.416929509394208253e-07
5.989957515550869971e-07
6.521363646871947140e-07
7.007423584726168997e-07
7.456371272640538450e-07
7.859553231570615139e-07
8.232069409475073485e-07
8.569227331056694652e-07
8.871496529616607063e-07
9.142933600214675494e-07
9.394771175452731882e-07
9.611211644333650383e-07
9.808678534950487915e-07
9.991370309991864929e-07
1.014731208281993702e-06
1.028455540175166050e-06
1.040611045888262254e-06
1.051522766637447148e-06
1.061592810436273737e-06
1.069119269447860177e-06
1.076087953522097962e-06
1.081787416090662646e-06
1.086309842301957929e-06
1.089927784470035022e-06
1.092351443854333581e-06
1.093953922670642953e-06
1.094546415392194660e-06
1.094096987230841478e-06
1.092204413577491096e-06
1.090269843517788217e-06
1.086844343523019063e-06
1.082614769831735657e-06
1.076921046117007563e-06
1.070464104357959911e-06
1.062673520846324493e-06
1.052899626596826010e-06
1.041972918391920189e-06
1.030115781897045224e-06
1.016458457181457220e-06
1.001190718441513638e-06
9.833208293175133008e-07
9.638677666012895884e-07
9.416037370924001948e-07
9.176852335812668571e-07
8.907202090346899581e-07
8.607407787630805274e-07
8.275173609684216558e-07
7.906391091827558171e-07
7.502870832398755852e-07
7.065341766088195641e-07
6.582978232527736395e-07
6.057341209730893183e-07
5.489429674154777672e-07
4.879775173938227795e-07
4.229541982203599559e-07
3.545911332336615374e-07
2.833788462774933237e-07
2.104352608833792715e-07
1.383902702434269827e-07
6.929809970301903377e-08
6.996691670480004177e-09
4.432701494749835547e-08
7.936905088712364886e-08
9.094196773418161683e-08
7.101219701155514485e-08
1.215143186072964454e-08
9.460037031505663663e-08
2.539626571262942889e-07
4.696584687824412185e-07
7.371613756079753443e-07
1.047995693448378063e-06
1.383654402942191552e-06
1.712617276328209925e-06
2.004751862183518085e-06
2.226793316628672414e-06
2.347579919015352345e-06
2.356844242434874559e-06
2.246328865140867492e-06
2.035751253903761437e-06
1.749049606702968163e-06
1.421679197144420925e-06
1.086861252219684104e-06
7.715198967472858271e-07
4.975252477779079641e-07
2.755765363682272096e-07
1.094099898457656650e-07
2.614155447666632881e-09
6.621650816551749585e-08
9.051012639371691648e-08
8.216553426532158255e-08
4.988869706235021795e-08
3.219646771412953967e-15
