0.000000000000000000e+00
7.787856082241972899e-08
8.140994889327402007e-08
8.722368816105330325e-08
9.502759779067559975e-08
1.047972263412688676e-07
1.167664374079890877e-07
1.303120278350888839e-07
1.451982324374156974e-07
1.613219098306473143e-07
1.783518461806465893e-07
1.960532338696197030e-07
2.142993251741387439e-07
2.326044665768023378e-07
2.507120262507100961e-07
2.684255043794436801e-07
2.851951247384576504e-07
3.010830517125029360e-07
3.156149117611306565e-07
3.287862117007378515e-07
3.401050878704126035e-07
3.495273284137567771e-07
3.567599716758351747e-07
3.620607850196577715e-07
3.649248183634767884e-07
3.654738022218495530e-07
3.637481028606615041e-07
3.597711896174971002e-07
3.533472995309594467e-07
3.451478711724575987e-07
3.345846889546422176e-07
3.224816848002021175e-07
3.086009947583789881e-07
2.932249210108039961e-07
2.769480583753036740e-07
2.596402226551219883e-07
2.416941998761856780e-07
2.234605429585201364e-07
2.052333458735233762e-07
1.871141879217219639e-07
1.696606464207661702e-07
1.531176645475085252e-07
1.375664375746765700e-07
1.233003740219729139e-07
1.107660716481717600e-07
9.977970893970677935e-08
9.090886698981393010e-08
8.412222862741458584e-08
7.950118841026920791e-08
1.107142024725504825e-07
1.036693100253671673e-07
7.941477031536692266e-08
8.415162655595054275e-08
9.094222808148089143e-08
9.974465686735101144e-08
1.106218210367160282e-07
1.234845550257546165e-07
1.376778872019812638e-07
1.531943956134540485e-07
1.698670621941289482e-07
1.872300845473517938e-07
2.051859206986250683e-07
2.235510868642265336e-07
2.417450778446905701e-07
2.597760069278365336e-07
2.770003729724024311e-07
2.933672558214084347e-07
3.084997136637568360e-07
3.224554427916359600e-07
3.346295733841486708e-07
3.451910430829485676e-07
3.533252999066149869e-07
3.597705277025298187e-07
3.637649433896328333e-07
3.655939793123508252e-07
3.648388233745691878e-07
3.621063471292984559e-07
3.567570304729983377e-07
3.495004943232515870e-07
3.400770569594868675e-07
3.286708470939814219e-07
3.156838808138218155e-07
3.010297502381575896e-07
2.851782786583711982e-07
2.683428778071927923e-07
2.506745642172347743e-07
2.325208753317653532e-07
2.142869222065968415e-07
1.960547668655721054e-07
1.781832118519233177e-07
1.612028186492864279e-07
1.451040407829395917e-07
1.301235220685370564e-07
1.167377672306457725e-07
1.049361376681545721e-07
9.499619479935716981e-08
8.720688571273171874e-08
8.140613805274199422e-08
7.796065237819505001e-08
0.000000000000000000e+00
