0.000000000000000000e+00
6.266105501140373235e-08
7.306249105720752368e-08
7.636085586071317266e-08
7.779856403544727073e-08
7.854653594208116374e-08
7.898522014215814124e-08
7.926462641805187559e-08
7.945375901652340644e-08
7.958733228008441074e-08
7.968660642454494791e-08
7.976090410366509786e-08
7.981910354892818305e-08
7.986534245052467895e-08
7.990254524692375071e-08
7.993352002522158273e-08
7.995849971020874136e-08
7.997973205942088271e-08
7.999817563941746812e-08
8.001322571171698428e-08
8.002620766056622870e-08
8.003845508586238111e-08
8.004821383522653377e-08
8.005737794913869720e-08
8.006518348313562683e-08
8.007209262306247410e-08
8.007759511041712130e-08
8.008371243928280592e-08
8.008860374886239697e-08
8.009299090616650574e-08
8.009663710062397968e-08
8.010013452519615385e-08
8.010335528219059142e-08
8.010649821255100278e-08
8.010906538125084353e-08
8.011137508923127371e-08
8.011315943967645126e-08
8.011528618290242321e-08
8.011692975706807829e-08
8.011838481536415202e-08
8.011907581817467872e-08
8.012077579166998476e-08
8.012114915967316620e-08
8.012254149036834860e-08
8.012321250916443205e-08
8.012342889163193149e-08
8.012382468614021036e-08
8.012409180579993517e-08
8.012453756034432217e-08
8.012454499883858716e-08
8.012442709315337197e-08
8.012417995750809041e-08
8.012349628216952624e-08
8.012329733020351341e-08
8.012237695531609916e-08
8.012159136150387440e-08
8.012093077880422243e-08
8.011984142797246022e-08
8.011858398937476977e-08
8.011715990630108308e-08
8.011554342157722886e-08
8.011313368250227995e-08
8.011109919880965435e-08
8.010914598344243132e-08
8.010690055737512694e-08
8.010408591996309724e-08
8.010067242825158473e-08
8.009747964887736771e-08
8.009360530358833330e-08
8.008900009848218815e-08
8.008413776572353981e-08
8.007908924856366184e-08
8.007241270036047354e-08
8.006626484036161173e-08
8.005825158363677474e-08
8.004992513299669099e-08
8.003972529202485475e-08
8.002873608248251003e-08
8.001533891022205580e-08
8.000063711488536455e-08
7.998261608577195148e-08
7.996227902040686786e-08
7.993680029017014022e-08
7.990748840391859176e-08
7.987134031939291390e-08
7.982674765649733217e-08
7.977052263186124037e-08
7.969850135403078184e-08
7.960454251332294007e-08
7.947668678731645286e-08
7.929664680439429958e-08
7.903379117824016475e-08
7.862530804203515800e-08
7.793714551507235910e-08
7.664824108744028308e-08
7.377257427165773152e-08
6.526171913989742279e-08
2.041109437023180817e-08
4.538800151276944916e-07
4.463196479065345557e-11
