0.000000000000000000e+00
1.777200978603232784e-07
2.072200966374282416e-07
2.165747082782942812e-07
2.206522401460020433e-07
2.227735899085203641e-07
2.240177502388362996e-07
2.248101864665841276e-07
2.253465831714152046e-07
2.257254204662828556e-07
2.260069791315544308e-07
2.262176835854390333e-07
2.263827479920266228e-07
2.265138848711600872e-07
2.266193975808405980e-07
2.267072602979425255e-07
2.267780965237164992e-07
2.268383112458138839e-07
2.268906275082471780e-07
2.269333000404216705e-07
2.269701276924607214e-07
2.270048528041357372e-07
2.270325447639720551e-07
2.270585307551087340e-07
2.270806566118110936e-07
2.271002564890878261e-07
2.271158645594795189e-07
2.271332087966371205e-07
2.271470912473816384e-07
2.271595271885473721e-07
2.271698698042001752e-07
2.271797914232820403e-07
2.271889226745926749e-07
2.271978372103689026e-07
2.272051261575924741e-07
2.272116640389398867e-07
2.272167314298911833e-07
2.272227643818069964e-07
2.272274221004622063e-07
2.272315492435339479e-07
2.272335075659270842e-07
2.272383351487050618e-07
2.272393863078647769e-07
2.272433431427245409e-07
2.272452335194685702e-07
2.272458540231170332e-07
2.272469785680186760e-07
2.272477301890063472e-07
2.272489969534774445e-07
2.272490232657631282e-07
2.272486909760118579e-07
2.272479904252833194e-07
2.272460474239679229e-07
2.272454845408944379e-07
2.272428735183851245e-07
2.272406393055703688e-07
2.272387665813724311e-07
2.272356798282970658e-07
2.272321245611053087e-07
2.272280723580877293e-07
2.272234950195795022e-07
2.272166544914355768e-07
2.272108835521535752e-07
2.272053430951714859e-07
2.271989765212367729e-07
2.271910003459609584e-07
2.271813146492718261e-07
2.271722542301901626e-07
2.271612710158521509e-07
2.271482048010753374e-07
2.271344284876519737e-07
2.271201077208573338e-07
2.271011578791615193e-07
2.270837383688828481e-07
2.270610108823234441e-07
2.270373928858759882e-07
2.270084632494118182e-07
2.269772999552444048e-07
2.269392950227100414e-07
2.268975972663511698e-07
2.268464968091521428e-07
2.267888093987480147e-07
2.267165511993241012e-07
2.266334268030689714e-07
2.265309116955549484e-07
2.264044293154299226e-07
2.262449686485368261e-07
2.260407052645518888e-07
2.257742336420065499e-07
2.254116192590416290e-07
2.249009887211883552e-07
2.241555117077353998e-07
2.229969962019850982e-07
2.210452715312172245e-07
2.173897716284400872e-07
2.092339952408650561e-07
1.850959783222805299e-07
5.789098067587872265e-08
1.287511060987789335e-06
1.265758609036993221e-10
