0.000000000000000000e+00
7.148880165619431182e-08
8.335565526707000572e-08
8.711871368749513067e-08
8.875898360738432302e-08
8.961233166626669799e-08
9.011282098292383580e-08
9.043159654442689543e-08
9.064737427344482512e-08
9.079976470705020120e-08
9.091303121433469414e-08
9.099778985888207217e-08
9.106418874527122398e-08
9.111694054819707844e-08
9.115938670589684989e-08
9.119472954566276712e-08
9.122322786048187027e-08
9.124745115052235178e-08
9.126849209728504775e-08
9.128566114124936348e-08
9.130047284866549262e-08
9.131444411725198051e-08
9.132558387303646441e-08
9.133603728894712503e-08
9.134493506035568089e-08
9.135281942018735890e-08
9.135909884161463879e-08
9.136607503901217342e-08
9.137166046002676012e-08
9.137666501235486294e-08
9.138082257553747922e-08
9.138481815718080270e-08
9.138848733325488638e-08
9.139207624020428966e-08
9.139500756205620746e-08
9.139763790244614938e-08
9.139967593885245378e-08
9.140210344149579669e-08
9.140397649876064179e-08
9.140563705933857364e-08
9.140642498461915011e-08
9.140836632060000966e-08
9.140878898250548446e-08
9.141038082027819200e-08
9.141114132305006024e-08
9.141139178936441567e-08
9.141184242889011102e-08
9.141214607488734600e-08
9.141265377987650709e-08
9.141266799073122229e-08
9.141253165534379832e-08
9.141225310038691987e-08
9.141147139235528130e-08
9.141124335254602329e-08
9.141019252645321558e-08
9.140929357887017659e-08
9.140854084765948073e-08
9.140729850809492518e-08
9.140586776368309074e-08
9.140423851139445333e-08
9.140239531912897064e-08
9.139964740612072092e-08
9.139732237706255091e-08
9.139509382638522084e-08
9.139253365209043523e-08
9.138932666186150300e-08
9.138542922393355639e-08
9.138178491685522431e-08
9.137736933784168514e-08
9.137211254284238748e-08
9.136656586861136020e-08
9.136080758587183936e-08
9.135318357333943595e-08
9.134617717787563151e-08
9.133703582353547290e-08
9.132753453489073081e-08
9.131589440158904836e-08
9.130335809626188848e-08
9.128807321179266410e-08
9.127129529939992381e-08
9.125074218463424813e-08
9.122753252821524939e-08
9.119846755556437756e-08
9.116502963646411217e-08
9.112379051323671320e-08
9.107291032428577182e-08
9.100876618983733124e-08
9.092659991605245295e-08
9.081940199884286358e-08
9.067353523573018492e-08
9.046812288193706308e-08
9.016823943053253743e-08
8.970220521931082658e-08
8.891708713765211769e-08
8.744659008019795010e-08
8.416577934600155686e-08
7.445585881171723486e-08
2.328656134586992721e-08
5.178064552691097333e-07
5.096911781521384910e-11
