0.000000000000000000e+00
3.120532721112567742e-10
5.472983177767787311e-10
7.256301115532437507e-10
8.632328185598225900e-10
9.702589842675024556e-10
1.056604470583977218e-09
1.125181281480536200e-09
1.181696740459869943e-09
1.227687507210362128e-09
1.266548310674409095e-09
1.298956164852427264e-09
1.326428300529869375e-09
1.349896638913605784e-09
1.370079161233661580e-09
1.387151060683322612e-09
1.402761906632576938e-09
1.416071593318690702e-09
1.427400975195780575e-09
1.438094754391272545e-09
1.447234776463801609e-09
1.455361386959452830e-09
1.462258314433029227e-09
1.468855037600746982e-09
1.474310007409940226e-09
1.479696587480816561e-09
1.484664391426804286e-09
1.488506429225822103e-09
1.492550305570716773e-09
1.495688684016727166e-09
1.498872359562142265e-09
1.501332613784711612e-09
1.503697721894070582e-09
1.505978342031255579e-09
1.507499236552689581e-09
1.509390057385928685e-09
1.510445990504649671e-09
1.511592184755272683e-09
1.512832303873778983e-09
1.513567604582988224e-09
1.513628666849342608e-09
1.514475433950224215e-09
1.514653957812583940e-09
1.514151026782428744e-09
1.514256942058977984e-09
1.513777103667734991e-09
1.513505987205121528e-09
1.512749592258444409e-09
1.511794800457266774e-09
1.510326530507200005e-09
1.509248392927986515e-09
1.507639790787607126e-09
1.505788160827137290e-09
1.503482671694200690e-09
1.501290425309775856e-09
1.498601243099528801e-09
1.495586321453856726e-09
1.492013068649100660e-09
1.488446144115584957e-09
1.484244616101193515e-09
1.479550815197683278e-09
1.474322219863211103e-09
1.468268062687627662e-09
1.461605059205339785e-09
1.454625753183336201e-09
1.446411546091042055e-09
1.436939900401057457e-09
1.426712858965117903e-09
1.414872774496700458e-09
1.401008309365181503e-09
1.385984660373651423e-09
1.368276159041670326e-09
1.347544076324425077e-09
1.323990250767792531e-09
1.295617169105867106e-09
1.262361104537035317e-09
1.223631196367591656e-09
1.176227670818263960e-09
1.119549009054310318e-09
1.048551689919463570e-09
9.613574381006628755e-10
8.515279592558044897e-10
7.105679378227591769e-10
5.276237224904889445e-10
2.866511472632282675e-10
3.496425371452005493e-11
4.680151821645495147e-10
1.051851938882464310e-09
1.820261275042867055e-09
2.774356300250246932e-09
3.818893645757270860e-09
4.685119181502273022e-09
5.017635418269605907e-09
4.620423710299803588e-09
3.725877384397335845e-09
2.676595611816878773e-09
1.736858101786253883e-09
9.874713269297785700e-10
4.227154182245840275e-10
3.330669073875469621e-16
