0.000000000000000000e+00
1.838518448593617904e-09
2.732626791512871023e-09
2.653372521699282061e-09
2.121823161616021025e-09
1.243487979252222431e-09
1.385307424328630077e-10
9.877361151211516699e-10
2.294457734919319591e-09
3.547653948388074241e-09
4.754908689008630063e-09
5.853776130493315577e-09
6.910299887863402546e-09
7.855398109768430004e-09
8.703601284132389537e-09
9.489595997891342449e-09
1.017182005291772384e-08
1.081516587397857165e-08
1.134267413327449958e-08
1.188074438829289647e-08
1.223234913361181952e-08
1.256993398257577610e-08
1.290689044530779483e-08
1.325242526828418477e-08
1.344046418605415738e-08
1.368581359351139781e-08
1.377992964179952651e-08
1.394174597990627262e-08
1.399611826435886996e-08
1.411880057311520886e-08
1.420852446809561798e-08
1.428997331576198349e-08
1.428421536608937004e-08
1.434368401831420670e-08
1.430488150155895255e-08
1.435205754241053455e-08
1.435212748646108594e-08
1.428025120375764345e-08
1.425154727563437973e-08
1.411966288333843522e-08
1.400063676104679189e-08
1.387986592327195012e-08
1.385190195879459907e-08
1.363053991898510731e-08
1.341925170983415683e-08
1.320984188701856965e-08
1.295232021636394393e-08
1.262737159279936350e-08
1.231907353904659885e-08
1.187772014077381755e-08
1.148412620555205876e-08
1.096045609827456246e-08
1.032240859455413329e-08
9.510488618857948495e-09
8.811434470956669429e-09
8.029172771095716143e-09
7.009840707894454681e-09
5.977112471633461155e-09
4.878510040384753665e-09
3.691578598363776109e-09
2.457899883623326787e-09
1.248001701981138467e-09
1.748357014719204017e-11
1.128806048633634873e-09
2.029169832162835974e-09
2.645074603790931178e-09
2.626603157196427674e-09
1.934516213886183778e-09
2.844187108053120028e-10
2.859818715172934844e-09
7.838601545628876011e-09
1.503805646674294394e-08
2.535754495269770814e-08
3.910592660805178866e-08
5.675091296897250004e-08
7.898308052034508364e-08
1.053222371538709012e-07
1.354965818434195057e-07
1.688600079763347139e-07
2.029565078220940677e-07
2.356096806543916955e-07
2.637880338607345720e-07
2.849462632514843108e-07
2.969405532571300910e-07
2.972644101983945575e-07
2.868608736106281754e-07
2.666811391716095159e-07
2.394080335088588640e-07
2.068030277024845986e-07
1.727723581979034861e-07
1.394383941644150582e-07
1.087645102870737901e-07
8.187305644558051654e-08
5.917147027911795476e-08
4.089098348813990924e-08
2.679416488682306863e-08
1.611176447813278401e-08
8.455571576249099053e-09
3.246976243431731746e-09
0.000000000000000000e+00
