0.000000000000000000e+00
3.443578755479848041e-12
1.431266216656013057e-11
3.221645172857279249e-11
5.748190812226994240e-11
8.906919646278765867e-11
1.263761317815692564e-10
1.691397022440810360e-10
2.170047475047454100e-10
2.684554800680416520e-10
3.232859535629017955e-10
3.791943425923705036e-10
4.367859407494734114e-10
4.947572351809981228e-10
5.536010538875757447e-10
6.099208915699705358e-10
6.630077598046568710e-10
7.131095713930335478e-10
7.603648821685737857e-10
8.018891106686965031e-10
8.383962413205381381e-10
8.675208329478323321e-10
8.917028226917977918e-10
9.084296648254053252e-10
9.169492942717738515e-10
9.189202732073908919e-10
9.135828760165054518e-10
9.014290425213289382e-10
8.800530304498010992e-10
8.536299445083272985e-10
8.209414259496838895e-10
7.821343572800287802e-10
7.376367294753549686e-10
6.884275371987769176e-10
6.371064786847568939e-10
5.821055859556167889e-10
5.238588451916825761e-10
4.658520236233698597e-10
4.079881987806288635e-10
3.511557711277646376e-10
2.956284106403472833e-10
2.422837486193429868e-10
1.926554471509689392e-10
1.470855659491121514e-10
1.071448485490122948e-10
7.277878300016027424e-11
4.412270548925789626e-11
2.243494279241531331e-11
8.056333378192448436e-12
8.663070261150096485e-13
1.194710996799130953e-12
8.592904165993786592e-12
2.288058631449985114e-11
4.467304304256458636e-11
7.334655105495357930e-11
1.074870192852017681e-10
1.475964905850446485e-10
1.926651060912831781e-10
2.422956280057064760e-10
2.953858269094666866e-10
3.506851475876260338e-10
4.090224825503696593e-10
4.672843223474387742e-10
5.252195345306631680e-10
5.826407134534861143e-10
6.382739892174527085e-10
6.897200588440455249e-10
7.375989818925177133e-10
7.833507176258081017e-10
8.222004188596088170e-10
8.544565055501607276e-10
8.803454631944873654e-10
9.009050172537058643e-10
9.150412649816530575e-10
9.195538774875444687e-10
9.177933968373963580e-10
9.089464736433683356e-10
8.911668070155087662e-10
8.684287733373707852e-10
8.388676420167939796e-10
8.032635667731824469e-10
7.612487307184778729e-10
7.139827618019012334e-10
6.642923988664506396e-10
6.103999528050962908e-10
5.541703762546035250e-10
4.962291688670461554e-10
4.381157658883694239e-10
3.795668224171322436e-10
3.225218980773547628e-10
2.686602051937825308e-10
2.168237811517315095e-10
1.692851414603069315e-10
1.266220461815237286e-10
8.951617225250174670e-11
5.798417301861036321e-11
3.257372149789716786e-11
1.454825149238558879e-11
3.915423540945539571e-12
1.110223024625156540e-16
