0.000000000000000000e+00
1.896672546375377522e-05
2.082681716475409672e-05
2.125403465058628427e-05
2.138739893564611805e-05
2.143708487556406084e-05
2.145709073186896632e-05
2.146527859581137676e-05
2.146844229977684648e-05
2.146918888501492262e-05
2.146880694942066015e-05
2.146802989744234225e-05
2.146697732419156068e-05
2.146583502271592891e-05
2.146474210007465189e-05
2.146372307465505003e-05
2.146275492798110918e-05
2.146187941087784878e-05
2.146109425738007559e-05
2.146039526540466369e-05
2.145967762701150860e-05
2.145909634920784015e-05
2.145852426360672638e-05
2.145797548058769877e-05
2.145748500215205468e-05
2.145705393574726116e-05
2.145666367447951473e-05
2.145631390315649867e-05
2.145604128500622210e-05
2.145572144462981612e-05
2.145545834020268217e-05
2.145523693175555024e-05
2.145499364947234255e-05
2.145481039539376411e-05
2.145460728708581399e-05
2.145446017898233748e-05
2.145428992794684575e-05
2.145415137688733154e-05
2.145406732900756452e-05
2.145393507146931000e-05
2.145384039453634983e-05
2.145374118256437868e-05
2.145370716777339481e-05
2.145361056171690706e-05
2.145356626115368925e-05
2.145355462268572211e-05
2.145353254567883283e-05
2.145347788495843844e-05
2.145348701898530663e-05
2.145347962889676552e-05
2.145347200688263456e-05
2.145353545712769261e-05
2.145355679950000649e-05
2.145359905081356544e-05
2.145364475325539644e-05
2.145369761374915640e-05
2.145376346462946060e-05
2.145384145546547217e-05
2.145394677066647660e-05
2.145401040631877976e-05
2.145413197440770858e-05
2.145429894506722945e-05
2.145443140555425288e-05
2.145462367286743444e-05
2.145480687376633000e-05
2.145499479733192771e-05
2.145522328889093444e-05
2.145546406195908418e-05
2.145572416811791783e-05
2.145600288083748808e-05
2.145626920213583588e-05
2.145663306596379272e-05
2.145701584788106686e-05
2.145742344994427953e-05
2.145791211183301073e-05
2.145842490908211886e-05
2.145897544048036565e-05
2.145958779620205092e-05
2.146030033001178339e-05
2.146098706867771710e-05
2.146180481132908824e-05
2.146264057434343897e-05
2.146359956278764969e-05
2.146463811947274536e-05
2.146567538763299865e-05
2.146683848369690395e-05
2.146786653733911976e-05
2.146876508257733462e-05
2.146919161682969701e-05
2.146872142450018117e-05
2.146601641961343176e-05
2.145889178073456804e-05
2.144133555981309058e-05
2.139823033353582815e-05
2.128423111702471004e-05
2.093156575577737044e-05
1.947704582905274151e-05
1.374245181989808273e-05
6.756279634589912320e-05
4.008419765381965316e-09
