0.000000000000000000e+00
3.565512252112768010e-08
6.226466120473617138e-08
8.238493387491274689e-08
9.810232226570292369e-08
1.102791066243113960e-07
1.199161929754666289e-07
1.278536172488742295e-07
1.341223047068851315e-07
1.394411243138549139e-07
1.438490674354753196e-07
1.475247366489185197e-07
1.506405600260052324e-07
1.533021567468040303e-07
1.555631922167677317e-07
1.574998245157388510e-07
1.592715612730444263e-07
1.607646811230267758e-07
1.620925448309051831e-07
1.632803492412904234e-07
1.643427807174191457e-07
1.652247660910433069e-07
1.660464147290596770e-07
1.668183006175993910e-07
1.674739522616874865e-07
1.680611569909729042e-07
1.685506746396114863e-07
1.690363702344654939e-07
1.694461473356057013e-07
1.698381685288907761e-07
1.701766381145830564e-07
1.704782774947233293e-07
1.707110497406461036e-07
1.709824870577136835e-07
1.711897683609464593e-07
1.713697372895950366e-07
1.715239581479011122e-07
1.716537447737920274e-07
1.717820282687299027e-07
1.718318395349527350e-07
1.719280513512444486e-07
1.719688569323807315e-07
1.719886848494667220e-07
1.719659203924805979e-07
1.719318563075944439e-07
1.719230422470019448e-07
1.718370549186332141e-07
1.717386821642463701e-07
1.716423743136630264e-07
1.715322646145267527e-07
1.713191901675514828e-07
1.711586257169273040e-07
1.709833845620067905e-07
1.707441478204785312e-07
1.704733684215753442e-07
1.701329790382288820e-07
1.698264557870032831e-07
1.694077210734334926e-07
1.690164720402620446e-07
1.685165063047833200e-07
1.680078363097692318e-07
1.674144408658762018e-07
1.667135014482568067e-07
1.659866916137175963e-07
1.651167542693343648e-07
1.641837407140300797e-07
1.631999271278772312e-07
1.620151165449001951e-07
1.606721538038868857e-07
1.591436507020205227e-07
1.573222085937686643e-07
1.553394973763388975e-07
1.530156237272706221e-07
1.503336437558289163e-07
1.471453715540249618e-07
1.434641698772054497e-07
1.389194639322965941e-07
1.336034631815863349e-07
1.271357545906681707e-07
1.191993135307711782e-07
1.092790902212925630e-07
9.672216383371790016e-08
8.078530522315219287e-08
5.996509466754673667e-08
3.269736337241369029e-08
3.787381741560125192e-09
5.303093342234888041e-08
1.192999321553145364e-07
2.063855483180887518e-07
3.153260628163678803e-07
4.340877435282664010e-07
5.317128978221674629e-07
5.685133210864279363e-07
5.243682599243015829e-07
4.229985917092449199e-07
3.039950333683094641e-07
1.969133534007738717e-07
1.118495936980323791e-07
4.767778793990373742e-08
0.000000000000000000e+00
