0.000000000000000000e+00
3.072696318440204521e-05
3.320459695599353722e-05
3.377344120747416412e-05
3.395118697446797285e-05
3.401736904573571252e-05
3.404394620021289342e-05
3.405492626018524760e-05
3.405906728759511282e-05
3.406005694983615939e-05
3.405960650892936314e-05
3.405857865945716156e-05
3.405718032600812961e-05
3.405566312575381005e-05
3.405420964330829747e-05
3.405284722168833156e-05
3.405158571201383211e-05
3.405043930593265600e-05
3.404937136120000929e-05
3.404837789744430410e-05
3.404749963098474552e-05
3.404669067819110495e-05
3.404590104583160581e-05
3.404518469241057943e-05
3.404458770461804562e-05
3.404397663864244805e-05
3.404347227387027885e-05
3.404300997256193284e-05
3.404260469119790855e-05
3.404222717751093086e-05
3.404188128941498803e-05
3.404155570141398357e-05
3.404125868411433942e-05
3.404099141890437608e-05
3.404075001989248506e-05
3.404052722455475077e-05
3.404029870368585620e-05
3.404016167196655118e-05
3.403997155093652083e-05
3.403980575178433554e-05
3.403970081783391777e-05
3.403961311621017671e-05
3.403951509706182321e-05
3.403939647572684635e-05
3.403933381562751492e-05
3.403928859080362912e-05
3.403925531064722065e-05
3.403924059730556451e-05
3.403922898470579383e-05
3.403919769828789299e-05
3.403920636824153689e-05
3.403929177459019684e-05
3.403932197931780479e-05
3.403937352830510576e-05
3.403943422031208144e-05
3.403951576874675311e-05
3.403954866798564183e-05
3.403966973847261102e-05
3.403978555893694136e-05
3.403993500616930845e-05
3.404013181729226289e-05
3.404031251874606312e-05
3.404048354826993972e-05
3.404074052149042018e-05
3.404097373316261610e-05
3.404120584993286514e-05
3.404152893959899728e-05
3.404186050115498574e-05
3.404215369395835467e-05
3.404256759331758531e-05
3.404293787512280289e-05
3.404342362145484913e-05
3.404393305395103653e-05
3.404450108468459746e-05
3.404514504889988302e-05
3.404582051347304628e-05
3.404653934035994922e-05
3.404735405654335523e-05
3.404824567432296334e-05
3.404921619076795025e-05
3.405030508130124645e-05
3.405142254275794755e-05
3.405268618750234566e-05
3.405408249079755478e-05
3.405546014589866388e-05
3.405699240288662111e-05
3.405838507075653609e-05
3.405955621393896848e-05
3.406015954277030744e-05
3.405945317702663289e-05
3.405592588490158334e-05
3.404645791138527500e-05
3.402324204371254268e-05
3.396580518488789835e-05
3.381418636161370728e-05
3.334474918181840053e-05
3.140710824878212293e-05
2.576480394900215742e-05
9.427390933736123912e-05
1.459481382103111624e-09
