0.000000000000000000e+00
1.189637141019161959e-07
2.198372572870255226e-07
3.009199770476200797e-07
3.644998713969727078e-07
4.135622172496411508e-07
4.514484609474678223e-07
4.807475557644380615e-07
5.035189797331085515e-07
5.211773352886694965e-07
5.350667253711804960e-07
5.459419349929106602e-07
5.546230491537684770e-07
5.614850273616411869e-07
5.669371015981639061e-07
5.712819217684739215e-07
5.748060781796127117e-07
5.776245278754643664e-07
5.798093529740810936e-07
5.816688748438991752e-07
5.831488334440138033e-07
5.843880995781702836e-07
5.852872679845688708e-07
5.860112470834621945e-07
5.866412963184686191e-07
5.871002994872753789e-07
5.874785019566175492e-07
5.878076430043677192e-07
5.880347747622138854e-07
5.882991948036320196e-07
5.884202382011594068e-07
5.884224140162430672e-07
5.885663837412735688e-07
5.886097803609047219e-07
5.886691059053816844e-07
5.886350531447703816e-07
5.886973374336079701e-07
5.886426045487169745e-07
5.887428288220419859e-07
5.887480954980262027e-07
5.887307439333966386e-07
5.887341435473203433e-07
5.886754084194478764e-07
5.887332266141243053e-07
5.887412135585634587e-07
5.887750348376741272e-07
5.886940775967630657e-07
5.886915511732482287e-07
5.886850195091497540e-07
5.886750077399582892e-07
5.886901107698960800e-07
5.886898161167053445e-07
5.886803553512010012e-07
5.885887509604614820e-07
5.885064391364380754e-07
5.883186892097214127e-07
5.883181184440644529e-07
5.879712327017116991e-07
5.877932254261253320e-07
5.874239464853658887e-07
5.870179204947589824e-07
5.865293090101530993e-07
5.859392507856497900e-07
5.851482506313843146e-07
5.842113492970923971e-07
5.829987731464925105e-07
5.815468977488080782e-07
5.797135621543603179e-07
5.773414603060800232e-07
5.745141157253996766e-07
5.708863866082936056e-07
5.665075598626501119e-07
5.609666313688421724e-07
5.539626599659897010e-07
5.450872557766217597e-07
5.339065455300939789e-07
5.197792859457095460e-07
5.016812021363392660e-07
4.784274078017958232e-07
4.484679335670094247e-07
4.096554444554811880e-07
3.593350331732025893e-07
2.942968909680487855e-07
2.115456324558451229e-07
1.087902912200178207e-07
1.142634553641386219e-08
1.331522536673901413e-07
2.105082769210397942e-07
1.443851601612422542e-07
2.259729826592504764e-07
1.008397154333984247e-06
1.963468096333187418e-06
2.392871481404768019e-06
1.882289596966124634e-06
9.175757571533438295e-07
1.718191803279367491e-07
1.624705666669612469e-07
2.084526377066353575e-07
1.232753178426193585e-07
1.554312234475219157e-15
