0.000000000000000000e+00
2.031409702230035919e-06
2.456248591631293721e-06
2.793377365972737891e-06
3.057923512406190980e-06
3.262054845354356303e-06
3.420827067279752498e-06
3.543696605823321022e-06
3.639545883782346891e-06
3.715362957734669180e-06
3.775047270559994672e-06
3.822725450741693010e-06
3.860704120395297423e-06
3.891315143000895205e-06
3.916113658020137223e-06
3.936203677445959670e-06
3.952670085127785171e-06
3.966191478577130169e-06
3.977140689892522118e-06
3.986199099470510987e-06
3.993880740238431315e-06
4.000300760309549730e-06
4.005344020674428407e-06
4.010074913129990648e-06
4.013704755556624093e-06
4.016601897638416574e-06
4.019152819667581866e-06
4.021289145894613171e-06
4.023349934212383516e-06
4.024894328713557456e-06
4.026173520133013994e-06
4.026985546912165148e-06
4.027709497811393646e-06
4.028373851938660266e-06
4.029185100673515763e-06
4.029702599162021670e-06
4.030349101347141527e-06
4.030700523238728294e-06
4.030831530998923995e-06
4.031011143101892458e-06
4.031129912762665413e-06
4.031257349268457801e-06
4.031398262549501510e-06
4.031540563609326000e-06
4.031459030939821275e-06
4.031293855621953526e-06
4.030912175601031322e-06
4.030892940432018179e-06
4.030626372553136605e-06
4.030297934165538720e-06
4.029841553121471520e-06
4.029269065286555929e-06
4.028480833140335449e-06
4.027812309681522152e-06
4.027093660985414658e-06
4.026087098707442635e-06
4.024755693721182581e-06
4.023196917168903042e-06
4.021120173614001203e-06
4.018939374295094069e-06
4.016607252133042039e-06
4.013380506928676539e-06
4.009599194665369737e-06
4.005063194090219270e-06
3.999739371152166711e-06
3.993552846970338521e-06
3.985448625343224194e-06
3.976287206719497647e-06
3.965276618944635345e-06
3.951675778601781985e-06
3.934636720659412390e-06
3.914057514209368094e-06
3.889015861791023099e-06
3.857857051814406191e-06
3.818968228097574524e-06
3.770360234911507291e-06
3.709496785742061320e-06
3.632017856247671261e-06
3.534284255590769419e-06
3.408253978931519157e-06
3.245688800390666984e-06
3.036446491799793534e-06
2.765964116302477294e-06
2.422498945442441709e-06
1.989658106826830419e-06
3.511328399680158086e-06
9.280607683459507484e-07
5.020006117462116890e-07
5.531422357929471900e-07
1.647528443449175484e-06
4.218752356344168675e-06
7.462247958223144906e-06
8.931922710453399361e-06
7.183123025500393055e-06
3.918160720428609523e-06
1.477323194665203232e-06
5.060853365268513926e-07
5.220827781204917528e-07
9.734233863412100618e-07
3.070748905804540629e-09
