0.000000000000000000e+00
9.018020166173812413e-07
1.016796408070952396e-06
1.114119266065749514e-06
1.210715402488737880e-06
1.305244627936019697e-06
1.396468690018082270e-06
1.482261803298356995e-06
1.563275910276828995e-06
1.637902088402753975e-06
1.707054694710663512e-06
1.770195109274119716e-06
1.828336466003221972e-06
1.881560709904306350e-06
1.929616598395078597e-06
1.973364519680664841e-06
2.012775162318902744e-06
2.048954990341300686e-06
2.080783675140196465e-06
2.109496414770539729e-06
2.135139300696309306e-06
2.158454518896846253e-06
2.179488518994077140e-06
2.197647882562492327e-06
2.213851689081280938e-06
2.228067404907996263e-06
2.240880449533300123e-06
2.251667129415935165e-06
2.260064367876069014e-06
2.267433388158934804e-06
2.274083785280822667e-06
2.279024860274425635e-06
2.282024841315788422e-06
2.283934522173680648e-06
2.284954712106213037e-06
2.284054768431076354e-06
2.282433135381012335e-06
2.279240000957472034e-06
2.274656826006804522e-06
2.268577030672958017e-06
2.261272698644845036e-06
2.252979785177799954e-06
2.242530860230296241e-06
2.229892312133330279e-06
2.216163887180933045e-06
2.200033771049270115e-06
2.181724841010534988e-06
2.161299308411912534e-06
2.138285197572642460e-06
2.113129106584565875e-06
2.084957897885431066e-06
2.053414468017322747e-06
2.017836896017755066e-06
1.978793433110581645e-06
1.935706911093681981e-06
1.887907100317498532e-06
1.835392161475546402e-06
1.778197937563064102e-06
1.715021995751797590e-06
1.647423941042447382e-06
1.573085325112799637e-06
1.493531047946916601e-06
1.408285836945744052e-06
1.317100298159346039e-06
1.223039041819973249e-06
1.126588273225870296e-06
1.029470982460978234e-06
9.345210785216551130e-07
1.902920042345934704e-06
7.633930786399290014e-07
7.152155181433528242e-07
6.849735590952477082e-07
6.907338414574581975e-07
7.433713982152312383e-07
8.518796034140407869e-07
1.022562565289319991e-06
1.258120861935552171e-06
1.558263296730366676e-06
1.912078318122567566e-06
2.291736715842596084e-06
2.672603908182580312e-06
3.013669093387960629e-06
3.266278532421118541e-06
3.408978117902528027e-06
3.417247986692295569e-06
3.288058594730358664e-06
3.048605980882079791e-06
2.714231584710624645e-06
2.337275083030831979e-06
1.953790389808141015e-06
1.596393690128650178e-06
1.288103721797106971e-06
1.044372399450210764e-06
8.659588751624980318e-07
7.504390104884350876e-07
6.911425487476918761e-07
6.809731334378454903e-07
7.076484480617040163e-07
7.370943220230685711e-07
0.000000000000000000e+00
