0.000000000000000000e+00
8.757838743100876400e-07
1.620556714487797478e-06
2.215951215189804202e-06
2.682578555956993682e-06
3.042722849899703874e-06
3.322272281502947067e-06
3.537765252303870511e-06
3.705200461778801468e-06
3.835290934728341483e-06
3.937707204082485646e-06
4.018496259527992720e-06
4.082112531333947913e-06
4.132593767192105361e-06
4.172800402324483571e-06
4.204788965789241217e-06
4.230814988681608213e-06
4.251729047277663653e-06
4.268237635440819133e-06
4.281865076727342512e-06
4.291683438517601701e-06
4.300337116736052678e-06
4.308236422279065891e-06
4.313809628064824153e-06
4.317918843144141761e-06
4.321642512405965419e-06
4.324194125659985843e-06
4.326030438539518741e-06
4.328699912403699557e-06
4.329976382333455831e-06
4.331093299336785662e-06
4.331787010647403235e-06
4.331806129798110305e-06
4.332287300456982848e-06
4.332683554153504701e-06
4.332969363085581449e-06
4.333207324513921321e-06
4.333194115746508146e-06
4.333195471772910423e-06
4.333172472836821498e-06
4.333305773984719167e-06
4.333004904766291077e-06
4.333163228897873864e-06
4.333030575676133367e-06
4.333250352761552904e-06
4.333343388340793467e-06
4.333085541041725719e-06
4.333105122822367150e-06
4.333130623979108975e-06
4.333013720936307323e-06
4.332672590035002713e-06
4.332679511831472041e-06
4.332714545141058693e-06
4.332101094406404229e-06
4.331783997280069798e-06
4.331655314881999175e-06
4.329861702401238688e-06
4.328198550451745064e-06
4.326246011543410930e-06
4.323820163909530834e-06
4.321108419857999650e-06
4.316951775051869333e-06
4.312904039904807973e-06
4.306592918834617478e-06
4.299739763236054557e-06
4.290759750058548150e-06
4.280154875968555928e-06
4.266313131218169019e-06
4.249232937514335617e-06
4.227934419676060429e-06
4.202352099857975531e-06
4.169086751826256432e-06
4.128504385692011169e-06
4.076897437088611298e-06
4.011601464126712813e-06
3.929833415017291998e-06
3.825674923518818105e-06
3.691774485670151762e-06
3.520574072490845197e-06
3.299204867412974806e-06
3.013201048229774415e-06
2.642075387138120846e-06
2.163168627333789118e-06
1.551249374065477582e-06
7.912372722573834949e-07
9.590722704899690143e-08
1.001633769481813374e-06
1.578203927099508519e-06
1.105808718260270496e-06
1.619020054799413799e-06
7.400261699763710510e-06
1.446986077446865693e-05
1.766147880488677657e-05
1.391462136668408789e-05
6.796756268689918556e-06
1.273965876236182737e-06
1.190438853049258228e-06
1.531980547309075291e-06
9.029001371008149590e-07
0.000000000000000000e+00
