0.000000000000000000e+00
4.305688028338749973e-10
7.958260717089160607e-10
1.089788592700813297e-09
1.319100051411226104e-09
1.496921142596363552e-09
1.633990498461912466e-09
1.740110167069985891e-09
1.822320738753546721e-09
1.886344747070722860e-09
1.936414362191385408e-09
1.975984265101260462e-09
2.007397359449214491e-09
2.032230828064029993e-09
2.051979697270667202e-09
2.067546023276634060e-09
2.079976191282639775e-09
2.090198791826480829e-09
2.098392015703609559e-09
2.104981744466272175e-09
2.110596364346406517e-09
2.114467712033274438e-09
2.118185293831231775e-09
2.121129827337142615e-09
2.123116571439709332e-09
2.124704967521040544e-09
2.126253062506577862e-09
2.127489628911405362e-09
2.128330622852558918e-09
2.129015741481055102e-09
2.129577070242305581e-09
2.129671772266306107e-09
2.130186804727429717e-09
2.130350118534352077e-09
2.130603915517781388e-09
2.130454590520969305e-09
2.130689735757584913e-09
2.130729925831076343e-09
2.130723264492928593e-09
2.130413734313663099e-09
2.130754572782223022e-09
2.130510323716805487e-09
2.130945198075551161e-09
2.130576826075980534e-09
2.130516985054953238e-09
2.130766119101679124e-09
2.130430387659032476e-09
2.130624454643736954e-09
2.130638887543057081e-09
2.130687515311535662e-09
2.130582044124196273e-09
2.130532972266507841e-09
2.130305154501854759e-09
2.130249199261413651e-09
2.129768250647146033e-09
2.129639797843196902e-09
2.129176945864230674e-09
2.128514808852344231e-09
2.127371945270795095e-09
2.126003040281432277e-09
2.124832976235779824e-09
2.123040521162522509e-09
2.120569941865824148e-09
2.118062392142405770e-09
2.114189268098698449e-09
2.110008168187960109e-09
2.104650342893421566e-09
2.097743978524135855e-09
2.089723172282731412e-09
2.078959115969780669e-09
2.066432358560632565e-09
2.050306591172557091e-09
2.030227985727606210e-09
2.004942656341768270e-09
1.973051833026318036e-09
1.932654369873887390e-09
1.881073408149802617e-09
1.815791628168028637e-09
1.731358056922260857e-09
1.622796008682314550e-09
1.482419298426407295e-09
1.300255014768936235e-09
1.065553423273968292e-09
7.650723388152869120e-10
3.924868208216025778e-10
4.215428006659749371e-11
4.832287903155929598e-10
7.654202827112044361e-10
5.238302014376472471e-10
8.147099661570678109e-10
3.649738733457752460e-09
7.113472810793552981e-09
8.660886785527566190e-09
6.813673958383503759e-09
3.321976582704166958e-09
6.226605897552417446e-10
5.862804686174172275e-10
7.552848346747964570e-10
4.460825042684746222e-10
1.110223024625156540e-16
