0.000000000000000000e+00
1.378333243429175070e-06
1.560883050144568074e-06
1.598971678840044319e-06
1.609279977388133887e-06
1.612247766846763852e-06
1.612911344484047049e-06
1.612771906245313858e-06
1.612399288086763249e-06
1.611945440571638244e-06
1.611508757992652363e-06
1.611106515198024169e-06
1.610753251446439549e-06
1.610433102872121935e-06
1.610152174036372230e-06
1.609906935984284360e-06
1.609687723336250542e-06
1.609499917232248833e-06
1.609333135865753661e-06
1.609185933171275451e-06
1.609046489825516346e-06
1.608930259022756104e-06
1.608819420351181861e-06
1.608722925316996566e-06
1.608631234883972638e-06
1.608555815657553012e-06
1.608481996706601080e-06
1.608417632525949159e-06
1.608362181326761231e-06
1.608305802092147019e-06
1.608258177743238093e-06
1.608216763426817408e-06
1.608175600020800289e-06
1.608143184617105703e-06
1.608109970296922597e-06
1.608075500647565548e-06
1.608054140289638667e-06
1.608025909871635406e-06
1.608008547981931713e-06
1.607989393970221670e-06
1.607972753392417076e-06
1.607955205096267548e-06
1.607946173542984525e-06
1.607932703207026748e-06
1.607923896473906211e-06
1.607922488155999474e-06
1.607909379086613910e-06
1.607913501455726646e-06
1.607907433975874767e-06
1.607911600642886185e-06
1.607908336476171485e-06
1.607913813761463473e-06
1.607916378376650357e-06
1.607922875956901976e-06
1.607930812941305021e-06
1.607944811410355612e-06
1.607956030769130962e-06
1.607964251637561404e-06
1.607985281149026946e-06
1.608006743425427487e-06
1.608025030130910693e-06
1.608047932144529568e-06
1.608075423709109941e-06
1.608103384009851311e-06
1.608134170272279562e-06
1.608171646738654204e-06
1.608211404491299845e-06
1.608253537455084370e-06
1.608303863642746023e-06
1.608355315707576949e-06
1.608416037912618890e-06
1.608472555258977366e-06
1.608542399500478837e-06
1.608619457971194322e-06
1.608711314604605036e-06
1.608806533770490432e-06
1.608915218720419205e-06
1.609032632798879092e-06
1.609157503690283875e-06
1.609316220951839682e-06
1.609478398778563246e-06
1.609660890022901469e-06
1.609872067431794562e-06
1.610111969529981479e-06
1.610394542383986050e-06
1.610698960430312354e-06
1.611052279137936694e-06
1.611455585859289386e-06
1.611891218500360878e-06
1.612336761991350897e-06
1.612732196232258275e-06
1.612915926596514282e-06
1.612453329968843718e-06
1.610033201204785769e-06
1.601496374403765799e-06
1.570494202463024180e-06
1.429837693800450893e-06
4.332988888799960137e-07
9.365813978368109360e-06
2.220446049250313081e-16
