0.000000000000000000e+00
6.319343048843961697e-09
1.199945209862107731e-08
1.717704167791822556e-08
2.180386127204059221e-08
2.602259074890866941e-08
3.007325488635359534e-08
3.353691346852372135e-08
3.683492000305932379e-08
3.962484407260546959e-08
4.235207229363879833e-08
4.478584592071399584e-08
4.704999057025816001e-08
4.905552386524902886e-08
5.088080046178333760e-08
5.247617096415524429e-08
5.399729374744310917e-08
5.542636505317943829e-08
5.667391489438955432e-08
5.780542644551189824e-08
5.876837416707303419e-08
5.975486738751811799e-08
6.058763701854985584e-08
6.127449814208318912e-08
6.188961698683215218e-08
6.258981022355669666e-08
6.310763667194407844e-08
6.350678671829257382e-08
6.383312101121418891e-08
6.426254062219527441e-08
6.452324541328380292e-08
6.466754409739650100e-08
6.486915316017416444e-08
6.489929404995820050e-08
6.493063831047862777e-08
6.491377968487199723e-08
6.477569236551516951e-08
6.474533364997370199e-08
6.455054357701328627e-08
6.429700194487963927e-08
6.393297102835759915e-08
6.360658577619915377e-08
6.316513412318869314e-08
6.259684448561841918e-08
6.201553048867936013e-08
6.141831709882694668e-08
6.068169411399537694e-08
5.985957807208563963e-08
5.889312726381490393e-08
5.793388058172865840e-08
5.681567838422552086e-08
5.558256177540243925e-08
5.422465443327695311e-08
5.273081837842141795e-08
5.108855649638144314e-08
4.922576746224649469e-08
4.723168445242009739e-08
4.499103078980937198e-08
4.272741227495657768e-08
4.009529863679972550e-08
3.712527796295717053e-08
3.395177383680447747e-08
3.044825036546683350e-08
2.659378450786675785e-08
2.226788842207838570e-08
1.776655267349269707e-08
1.256878201516542504e-08
6.932742824261595160e-09
6.921120343506004247e-10
5.946240722032314352e-09
1.314928410600657571e-08
2.117221375996791721e-08
2.965640844010408728e-08
3.871273213107429001e-08
4.813678800008602821e-08
5.802399072329933460e-08
6.821327669381815895e-08
7.838070137378139179e-08
8.774835424940619077e-08
9.698728942186818358e-08
1.045177354663806568e-07
1.108621191514558291e-07
1.156930028445302128e-07
1.180914678267086515e-07
1.180796019850660628e-07
1.159175438969484162e-07
1.118281452994196457e-07
1.053654108407187096e-07
9.782804100133546399e-08
8.916025240335301305e-08
7.928334666562619759e-08
6.942377872576344089e-08
5.922703161242992564e-08
4.930768748856451111e-08
3.985506225046009376e-08
3.061379416635645612e-08
2.214336813910477986e-08
1.406679039916980400e-08
6.687119302739574778e-09
1.008316763417838047e-10
