0.000000000000000000e+00
4.743595516387699718e-10
9.007324885956791150e-10
1.289382711711084539e-09
1.636688673478658984e-09
1.953362249729195810e-09
2.257425357754527795e-09
2.517423158820975004e-09
2.764984685654781060e-09
2.974409496481200676e-09
3.179122742835716053e-09
3.361815381630606225e-09
3.531773318243836002e-09
3.682317006870050591e-09
3.819330074428251010e-09
3.939083836890233670e-09
4.053268054526881770e-09
4.160538247255374245e-09
4.254183560981061873e-09
4.339119841212379924e-09
4.411402687587440141e-09
4.485455007419147933e-09
4.547965670731457521e-09
4.599520986303673453e-09
4.645696272120858339e-09
4.698257005664174812e-09
4.737125025577881843e-09
4.767087724566465567e-09
4.791584684582517184e-09
4.823820676236323379e-09
4.843389134201459001e-09
4.854222024341936503e-09
4.869355363368299550e-09
4.871615444379528981e-09
4.873971892749295876e-09
4.872704906233593647e-09
4.862336644428921772e-09
4.860057800648576176e-09
4.845439049994126890e-09
4.826407939972909844e-09
4.799081465556298554e-09
4.774581063848870599e-09
4.741443015987556464e-09
4.698786471024618550e-09
4.655148821974819384e-09
4.610321568954134364e-09
4.555026689168073517e-09
4.493317495857240829e-09
4.420768084933968112e-09
4.348762128181249409e-09
4.264826047872816162e-09
4.172263312618440523e-09
4.070332182415370426e-09
3.958198324660600065e-09
3.834922268630691633e-09
3.695093786504344280e-09
3.545407856186955087e-09
3.377216062361299009e-09
3.207299315022282826e-09
3.009724802716107206e-09
2.786783359631783696e-09
2.548562250126451545e-09
2.285575839700015877e-09
1.996244947122249869e-09
1.671523808255415133e-09
1.333634203071198954e-09
9.434633074789644525e-10
5.204036090944441639e-10
5.195321950424158786e-11
4.463499569951068224e-10
9.870361195041255087e-10
1.589270381963103773e-09
2.226127615578832319e-09
2.905931939523043184e-09
3.613337962171669915e-09
4.355509286568803873e-09
5.120359247712258366e-09
5.883573517273532616e-09
6.586730161295406560e-09
7.280255842623262197e-09
7.845506577730532172e-09
8.321738631522634932e-09
8.684375440992653239e-09
8.864411760178825261e-09
8.863515921220255223e-09
8.701220521878383352e-09
8.394265282873902834e-09
7.909131793937262955e-09
7.343357810718487144e-09
6.692724929813209656e-09
5.951317216812412880e-09
5.211227005474938778e-09
4.445812828990369781e-09
3.701227324626188420e-09
2.991683234476738562e-09
2.297988577204534977e-09
1.662168513938411252e-09
1.055906029279185532e-09
5.019574755849021130e-10
7.574940674714980560e-12
