0.000000000000000000e+00
1.115973979892714851e-11
1.658995163467125167e-11
1.643019054142769164e-11
1.289324202957686794e-11
7.678857549819895212e-12
8.739675649849232286e-13
6.293188192785237334e-12
1.377098435284551670e-11
2.152711342517932280e-11
2.878786098392538406e-11
3.530031822407408981e-11
4.185385371613392635e-11
4.729538982672920611e-11
5.307021488931695785e-11
5.735201202838879908e-11
6.160116861053666071e-11
6.528066975874935451e-11
6.872791225021046557e-11
7.198208695768926191e-11
7.437173099589244885e-11
7.623568443193562416e-11
7.830336379299751570e-11
8.029599207759474666e-11
8.114564575834037896e-11
8.242395654889378420e-11
8.326894729293599084e-11
8.447509358688876091e-11
8.507217152953217010e-11
8.550937735662955674e-11
8.607670132221301174e-11
8.659151173873169682e-11
8.688971764314601387e-11
8.664358119858661667e-11
8.667733197853522142e-11
8.681877439187246637e-11
8.708755938613421677e-11
8.671718898511926454e-11
8.617151436851600010e-11
8.555678387978105093e-11
8.505951498705144331e-11
8.462019973620726887e-11
8.393574724152585986e-11
8.312972532564799621e-11
8.158496100918455340e-11
8.004275020567774845e-11
7.860889716937435878e-11
7.631795195806034826e-11
7.434164395192510710e-11
7.216471864524010016e-11
6.903599913954394651e-11
6.588696255249715250e-11
6.205702618444774998e-11
5.808020731024043926e-11
5.331868280222806789e-11
4.863731639659363282e-11
4.233513539730893172e-11
3.635347578523351331e-11
2.954059219462124020e-11
2.234368245979112544e-11
1.502731272751134384e-11
7.171707672171123704e-12
3.053113317719180486e-13
6.635358928974710579e-12
1.201005961348755591e-11
1.607081134835652847e-11
1.594357978973448553e-11
1.239786051598912309e-11
1.722622045008392888e-12
1.706090824171724307e-11
4.721900648263499534e-11
9.179290660910055522e-11
1.537947547092244349e-10
2.366138396325823123e-10
3.445446150607267555e-10
4.789900698298765747e-10
6.386651207890281512e-10
8.216104463443230088e-10
1.023886753159786167e-09
1.229241930467139809e-09
1.428502649503116118e-09
1.601765720060654985e-09
1.727449960853277844e-09
1.798831972266157209e-09
1.803454163784579123e-09
1.739555832713790551e-09
1.618163825156671010e-09
1.450103370714828088e-09
1.253914194698779738e-09
1.049274445108494547e-09
8.459386524606316016e-10
6.591932555366497581e-10
4.964981759059128308e-10
3.592275366059993758e-10
2.485329719803530679e-10
1.623925438565265722e-10
9.795320110583816131e-11
5.150857518287921266e-11
2.039879376525277621e-11
1.110223024625156540e-16
