0.000000000000000000e+00
9.184917271198855815e-10
1.936397930890620955e-09
3.008469917631373391e-09
4.092810979017258433e-09
5.156153282115383263e-09
6.189828871683289435e-09
7.165975368650379096e-09
8.083969493810627682e-09
8.940225004749891013e-09
9.732352257429965903e-09
1.045848985192776581e-08
1.112682646020601851e-08
1.173097330386951853e-08
1.228504564743104766e-08
1.278771200041717293e-08
1.324214604636608783e-08
1.364634738543202275e-08
1.401046967330898951e-08
1.434241259090640597e-08
1.463972976178951058e-08
1.490897405531654840e-08
1.514418568326902914e-08
1.535141369579662296e-08
1.552995843034921108e-08
1.569270136059230936e-08
1.583810460559220701e-08
1.595662979525513947e-08
1.605793231718166680e-08
1.614444233855039101e-08
1.621035838894613335e-08
1.626090817552494627e-08
1.629754298182461980e-08
1.632699808684634490e-08
1.633576063309050141e-08
1.632592772082830379e-08
1.630739154823146464e-08
1.627215229227374493e-08
1.622022871572426084e-08
1.615147537936678646e-08
1.606701438561231043e-08
1.596500265321765255e-08
1.585770392775742721e-08
1.571488628115957908e-08
1.555708828426816126e-08
1.537724236833071245e-08
1.517242209647662321e-08
1.493842383126775530e-08
1.467508614627632824e-08
1.438804231312929005e-08
1.406267990944343182e-08
1.369872681955541793e-08
1.329557197671249469e-08
1.284939377121929738e-08
1.235330571169868108e-08
1.180386377530595610e-08
1.121134851622684891e-08
1.055129239535546049e-08
9.830761538154320078e-09
9.045634019599901876e-09
8.200265910751625142e-09
7.290869796783283618e-09
6.320854950558896235e-09
5.296586502723243939e-09
4.231830108558654047e-09
3.152410443796327399e-09
2.075427163461540658e-09
1.051443487831704715e-09
1.150820549966624640e-10
6.487684833800244633e-10
1.175251229668106134e-09
1.342159383632690606e-09
1.053816034435328675e-09
1.666220494911385686e-10
1.419106943068015880e-09
3.794996539241424216e-09
6.999873791713184801e-09
1.101077362619662381e-08
1.564242779750202317e-08
2.062461856855435371e-08
2.554623790285148743e-08
2.990478775721783222e-08
3.321711650183800657e-08
3.505248691304529984e-08
3.516879476528345094e-08
3.352602129247372886e-08
3.038049434245237990e-08
2.609739746528561000e-08
2.121200115556831634e-08
1.621743983548640244e-08
1.151807715871200344e-08
7.425195236443471458e-09
4.118787644280530458e-09
1.637107005514337743e-09
2.985012237388673384e-11
9.897809238879062832e-10
1.355249801271440901e-09
1.226228674156004672e-09
7.491041120744057480e-10
3.330669073875469621e-16
