0.000000000000000000e+00
2.259349584088354845e-07
2.635113907079045248e-07
2.754361138057603853e-07
2.806113564846057784e-07
2.833050163353334483e-07
2.848912847852602681e-07
2.858990293397312143e-07
2.865788719663697748e-07
2.870649640218658760e-07
2.874209900083357638e-07
2.876909276361416801e-07
2.878988523136172262e-07
2.880653722225900992e-07
2.881983838243229457e-07
2.883115352014797850e-07
2.884016183646309628e-07
2.884781975520667174e-07
2.885434892130334106e-07
2.885977932187699935e-07
2.886458274620196107e-07
2.886886641961794453e-07
2.887263379491855630e-07
2.887582444266456605e-07
2.887840291343479748e-07
2.888089800645587957e-07
2.888323868965869679e-07
2.888532151246181456e-07
2.888708681147988955e-07
2.888856365235170642e-07
2.889008818840466120e-07
2.889125980676254812e-07
2.889240717784957724e-07
2.889342458622934373e-07
2.889446727438738094e-07
2.889529873151275297e-07
2.889582899623377443e-07
2.889671039119079410e-07
2.889730295052572728e-07
2.889772802161516552e-07
2.889828919494519255e-07
2.889859122001681158e-07
2.889903617520062085e-07
2.889932761984681520e-07
2.889956772778035088e-07
2.889975868614058641e-07
2.889990158294608591e-07
2.889989816345917006e-07
2.890004666689094392e-07
2.890005010858232026e-07
2.890000729838249072e-07
2.889980732501129523e-07
2.889978314435381890e-07
2.889938849337525539e-07
2.889936699945749865e-07
2.889908307102118101e-07
2.889874596290198383e-07
2.889825299057235952e-07
2.889768773162160187e-07
2.889738572875444333e-07
2.889680318363119227e-07
2.889593350152708240e-07
2.889531404148826255e-07
2.889448190712684550e-07
2.889346728540687081e-07
2.889245143133933880e-07
2.889142516337983579e-07
2.889028724029074624e-07
2.888878578577447342e-07
2.888722876459581812e-07
2.888537006251468142e-07
2.888365595588027190e-07
2.888147881963121222e-07
2.887892025515981231e-07
2.887615597746417961e-07
2.887302357201804170e-07
2.886957269909729007e-07
2.886536005775042213e-07
2.886066196028380659e-07
2.885523607831785853e-07
2.884887961851489990e-07
2.884152401350092987e-07
2.883262635311467648e-07
2.882176419749526985e-07
2.880889933276620241e-07
2.879279897838316060e-07
2.877219598129698852e-07
2.874642045513908784e-07
2.871226479905786277e-07
2.866638679765998177e-07
2.860175981611590146e-07
2.850702059964405066e-07
2.835979067139504650e-07
2.811175412453792433e-07
2.764641700014891512e-07
2.661040744422749071e-07
2.354242386592986236e-07
7.347483710340441121e-08
1.639066478209549871e-06
5.551115123125782702e-16
