0.000000000000000000e+00
7.305097970977669775e-09
1.034922803011539827e-08
1.062933718820602280e-08
8.437174958686455284e-09
4.874660008979958548e-09
6.370675098565925509e-10
3.573738638351642294e-09
8.656849126431609420e-09
1.376206382186495603e-08
1.842345542790724267e-08
2.286767142312129408e-08
2.658232178820441050e-08
3.039689666639588950e-08
3.370629342303033127e-08
3.712642926423370682e-08
3.961600014701360806e-08
4.231256922615500571e-08
4.418074273093708371e-08
4.618806481726522861e-08
4.757969773727666052e-08
4.901885142238882054e-08
5.040737738326583894e-08
5.131235369937314772e-08
5.228763066966735096e-08
5.285986948155851906e-08
5.357652543835911274e-08
5.425989579865841961e-08
5.453635953944768744e-08
5.528469826376891660e-08
5.546596337779874375e-08
5.561479521354328881e-08
5.559255200626722626e-08
5.559825344558788629e-08
5.568405447853308488e-08
5.703503669352016914e-08
5.694826932245433682e-08
5.663593427573943018e-08
5.608053943451096757e-08
5.501491451287421341e-08
5.495969890301211080e-08
5.419550541674311717e-08
5.421630855373393842e-08
5.330252583757300044e-08
5.246735179653683190e-08
5.153509308186698945e-08
5.055244112206480622e-08
4.964899058546023980e-08
4.815492793408537864e-08
4.671776232534341489e-08
4.491755445368283972e-08
4.294121092041081056e-08
4.048965518421709930e-08
3.779202573106488217e-08
3.523207936506622673e-08
3.171374973742757675e-08
2.794393538785300279e-08
2.388777864403834883e-08
1.963051576847618662e-08
1.518803716127337111e-08
1.006679084536443725e-08
5.379323431142779555e-09
7.725878825581844467e-10
3.903931955484551963e-09
7.304638893756987272e-09
9.203375839206273668e-09
9.765254382898547192e-09
7.106576993543001208e-09
6.217721892909366943e-10
1.164016183441418661e-08
3.056893316255582249e-08
5.918020185013972423e-08
9.925962807244559372e-08
1.523937250835771806e-07
2.213117359373129034e-07
3.073122910590697643e-07
4.104357708145656147e-07
5.280007234764738655e-07
6.568005257445719280e-07
7.895093564469490843e-07
9.150572036764614836e-07
1.027337604209144217e-06
1.107960616919534402e-06
1.155623997495247579e-06
1.155639306360534135e-06
1.117809667827707187e-06
1.037497845635115823e-06
9.305069660348053162e-07
8.053872412316920304e-07
6.722666343605965267e-07
5.427867545426678930e-07
4.238231143816051372e-07
3.189559428795618601e-07
2.301452388664415594e-07
1.592142061523915686e-07
1.039707266947687003e-07
6.286459253157516969e-08
3.314715701918657942e-08
1.298455698517386736e-08
0.000000000000000000e+00
