0.000000000000000000e+00
7.298428394975076117e-08
9.990565552620012113e-08
1.028306476635876265e-07
7.941870161509712034e-08
4.635200534508499004e-08
6.487961501377981222e-09
3.796246883513987314e-08
8.781871152496734112e-08
1.350060353511040034e-07
1.815074688327200647e-07
2.223944718382497854e-07
2.630490171240396080e-07
2.976764851281288315e-07
3.296421399179294554e-07
3.604741244389586541e-07
3.884343738880247088e-07
4.114601100946302381e-07
4.314676592676036648e-07
4.495223201450571082e-07
4.649757986419089661e-07
4.773794454182578306e-07
4.919935060465618903e-07
5.000155584022891730e-07
5.085056974385437911e-07
5.158249581915796966e-07
5.247106277250779272e-07
5.277535010117517800e-07
5.331044921064176378e-07
5.393751264515245225e-07
5.411668498878086098e-07
5.495448852643747273e-07
5.423896638490077748e-07
5.530458858649112130e-07
5.542343226583312799e-07
5.560647441393840040e-07
5.553051012352483440e-07
5.428469697088544876e-07
5.409829924030162829e-07
5.410635591784895837e-07
5.362517007112543865e-07
5.323200699125507640e-07
5.290481684960823827e-07
5.201672734767015527e-07
5.146143133849534479e-07
5.044681041788123821e-07
4.934315162019586865e-07
4.846588176343757937e-07
4.721269425411733778e-07
4.568311418040593708e-07
4.426441065907837924e-07
4.203269695635114545e-07
3.959775040085489195e-07
3.694623861294488165e-07
3.445822366332507158e-07
3.141542098683558493e-07
2.790462184654174393e-07
2.388298575572989080e-07
1.931534668875301008e-07
1.498875147332157098e-07
1.001249211318722132e-07
5.187025775565956565e-08
9.309996995554570276e-09
3.345567589629894201e-08
6.754478065751357008e-08
9.041065296422345909e-08
9.281561463847509685e-08
6.924387363493877956e-08
3.986580288106722492e-09
1.134576618211369237e-07
3.025814724333386607e-07
5.807051168815746678e-07
9.705692027850432169e-07
1.486766672553763158e-06
2.157970361071903653e-06
2.999926648650230732e-06
4.011234972955968203e-06
5.141688435350566522e-06
6.397174829642082727e-06
7.687681557011494249e-06
8.912660672599770351e-06
9.976757643803679798e-06
1.080777163642299143e-05
1.122462524871803424e-05
1.124895814319515353e-05
1.085910170950388220e-05
1.010050355942926359e-05
9.055087827003482914e-06
7.829727379449202829e-06
6.540301761503997113e-06
5.278306324130177529e-06
4.106732465203322135e-06
3.095418338872057973e-06
2.236337104832841760e-06
1.542326837689067531e-06
1.011946529017038188e-06
6.061854807004607437e-07
3.223510967043097253e-07
1.235533656496201615e-07
3.330669073875469621e-16
