0.000000000000000000e+00
4.795130070789355159e-09
6.560432419533412940e-09
6.747894798486697709e-09
5.202992703345898917e-09
3.023562400450430232e-09
3.976148299500437133e-10
2.529838560860753205e-09
5.812838654861707255e-09
8.919652128014377013e-09
1.198096766241718569e-08
1.467278742950384185e-08
1.734928423147152898e-08
1.962896400975466804e-08
2.173329560761771972e-08
2.376283436689163864e-08
2.560337775125987037e-08
2.711896762708221331e-08
2.843607127545055846e-08
2.962460488031837258e-08
3.064213816017513636e-08
3.145851523722598131e-08
3.242070845121958200e-08
3.294866646186278558e-08
3.350792132650326494e-08
3.398947012733799511e-08
3.457426811515063036e-08
3.477508725424627301e-08
3.512700441632432558e-08
3.553963379143709744e-08
3.565803430305436450e-08
3.620891941835679972e-08
3.573860951622265247e-08
3.643931867358674026e-08
3.651748670119303597e-08
3.663793579633534137e-08
3.658786518201395666e-08
3.576836027363583526e-08
3.564565353997295460e-08
3.565029327301516560e-08
3.533353765128310897e-08
3.507457857487850106e-08
3.485898980581936257e-08
3.427478911799397565e-08
3.390847547191100375e-08
3.324096775614293620e-08
3.251385038982590459e-08
3.193657127642524074e-08
3.111147417467208243e-08
3.010371185663274218e-08
2.917015740067085972e-08
2.770092044634964168e-08
2.609710936241071977e-08
2.435145363133273122e-08
2.271392640640357286e-08
2.071048132989972146e-08
1.839893326582853206e-08
1.575104324746945395e-08
1.274278593754729627e-08
9.893694086215987227e-09
6.617648873330495007e-09
3.439536655491792771e-09
6.349081260736966215e-10
2.183046743375882670e-09
4.430709799052579001e-09
5.940715253061057410e-09
6.105347338802857848e-09
4.561588440310515580e-09
2.767464035713373960e-10
7.440616345277817345e-09
1.987272302272913294e-08
3.815772275927997725e-08
6.379542072387778262e-08
9.774218889813113265e-08
1.418857622503821858e-07
1.972623828727648743e-07
2.637801181926135996e-07
3.381337759789104780e-07
4.207167749736839824e-07
5.056026549654646374e-07
5.861780334459609776e-07
6.561742740274212338e-07
7.108404427302872364e-07
7.382642814857121039e-07
7.398697390303965449e-07
7.142302205220829592e-07
6.643352996604789951e-07
5.955738867635673728e-07
5.149749757737964728e-07
4.301612466228732501e-07
3.471524623321897707e-07
2.700904474517429321e-07
2.035722470594691913e-07
1.470684183324522110e-07
1.014220505357599222e-07
6.654047635112902981e-08
3.985570051767695077e-08
2.119179731696618774e-08
8.121128880489436597e-09
5.551115123125782702e-16
