0.000000000000000000e+00
1.808036720341021919e-09
7.277805247341007089e-09
1.631068069496421913e-08
2.879342175798882408e-08
4.454822855048945485e-08
6.331635205025776258e-08
8.464055556434146865e-08
1.083012289848639398e-07
1.339015917034558356e-07
1.611186176697643191e-07
1.893181670320487342e-07
2.182740196365884344e-07
2.474950252517871263e-07
2.763496710356250219e-07
3.041235493439486959e-07
3.310138874113022212e-07
3.561693887599304276e-07
3.793545502173145678e-07
4.000607950471746221e-07
4.180735156955606158e-07
4.329890129772806517e-07
4.446912664768376544e-07
4.528701478268004621e-07
4.573631896542806885e-07
4.584380635108686874e-07
4.556077465300845120e-07
4.494423510026379631e-07
4.392799409780323572e-07
4.259259395178460750e-07
4.094815688748809634e-07
3.900823927205365749e-07
3.681493612184283393e-07
3.439677488392689497e-07
3.178631745592852553e-07
2.904125467884099976e-07
2.621772765554197804e-07
2.330898115632251688e-07
2.038482747046543864e-07
1.753339454735325376e-07
1.475618379709331407e-07
1.211508708909292409e-07
9.647911192178781903e-08
7.393442835734731489e-08
5.382005474618978269e-08
3.650695290513539248e-08
2.243164343163073227e-08
1.161688745199285222e-08
4.430759870110989596e-09
7.818988789765057845e-10
7.188104556021812641e-10
4.372596840163112120e-09
1.172028252227619305e-08
2.250705433137767386e-08
3.670728521143473699e-08
5.386454027256348809e-08
7.391561218650366527e-08
9.646970478005556515e-08
1.211185233218614599e-07
1.476577251580124539e-07
1.754489209471188360e-07
2.041089074422686167e-07
2.331604368466244637e-07
2.621001374825127073e-07
2.905905144290343856e-07
3.182046461880361221e-07
3.440723871372952658e-07
3.684627353228719926e-07
3.902873526584471620e-07
4.096197165903703308e-07
4.263453509123493745e-07
4.395783936850250484e-07
4.492681943135679035e-07
4.557488605394510728e-07
4.586156067132307612e-07
4.577532773941683786e-07
4.530681966263827576e-07
4.448185768612944457e-07
4.332608717350083793e-07
4.183810335955939763e-07
4.000872140252909048e-07
3.795566557718288436e-07
3.564526557253699934e-07
3.310902184638919721e-07
3.044017100606311033e-07
2.762129410749381009e-07
2.474718435729883481e-07
2.183377501019378997e-07
1.894462675622321512e-07
1.611553518410246966e-07
1.339511120912462161e-07
1.082798365414916475e-07
8.458611810979732581e-08
6.324499757237589392e-08
4.453039081919740738e-08
2.886463379425663334e-08
1.637431612522277646e-08
7.346940278374347599e-09
1.830576468186961847e-09
0.000000000000000000e+00
