0.000000000000000000e+00
7.273285307363153152e-10
2.927670328389808674e-09
6.561348131484123769e-09
1.158281792701387758e-08
1.792054749039095896e-08
2.547045963030569737e-08
3.404860959843603041e-08
4.356666349902837965e-08
5.386500245840863954e-08
6.481368253208330543e-08
7.615760932999648958e-08
8.780577387401677925e-08
9.956060631477470224e-08
1.111680664189762524e-07
1.223407619654892642e-07
1.331580268271181922e-07
1.432774228149469309e-07
1.526041979449388464e-07
1.609337700880786315e-07
1.681798053043692676e-07
1.741799050547498950e-07
1.788874026686926300e-07
1.821775371668721277e-07
1.839849508300517300e-07
1.844173216358768741e-07
1.832787337452401744e-07
1.807985254842492395e-07
1.767104199634772499e-07
1.713384153445574043e-07
1.647232412693711012e-07
1.569194203465684723e-07
1.480963022215675551e-07
1.383686346612122975e-07
1.278674135463120365e-07
1.168247101279717981e-07
1.054663718580428622e-07
9.376521703519102857e-08
8.200208867492619902e-08
7.053149886360188248e-08
5.935948443891447823e-08
4.873502379432181897e-08
3.881021093388170584e-08
2.974106494413319979e-08
2.164957357830843421e-08
1.468495880452280744e-08
9.022822045068323860e-09
4.672327524879449356e-09
1.781533365274867720e-09
3.136915172063936552e-10
2.883069338821542260e-10
1.758129419826559570e-09
4.713909040887642732e-09
9.053144567339188598e-09
1.476552358159466394e-08
2.166744406117970811e-08
2.973347190682318342e-08
3.880639865005974798e-08
4.872197878480477584e-08
5.939801872578698294e-08
7.057769846330330665e-08
8.210688018372991337e-08
9.379357657213205357e-08
1.054352832818850061e-07
1.168962486808311496e-07
1.280047217111501823e-07
1.384106712576382847e-07
1.482223082049927143e-07
1.570018166585640529e-07
1.647787614134088585e-07
1.715070808705476679e-07
1.768304234150974708e-07
1.807284074617498959e-07
1.833354398295128362e-07
1.844886857726990570e-07
1.841418170167585799e-07
1.822571559229047011e-07
1.789385729589199059e-07
1.742892307143861785e-07
1.683034761557067327e-07
1.609443661676479564e-07
1.526854712663450186e-07
1.433913516812879152e-07
1.331887198308123743e-07
1.224526453569296791e-07
1.111130532027715390e-07
9.955127344696279579e-08
8.783140736934313964e-08
7.620913966555065144e-08
6.482846248712093029e-08
5.388492307911718626e-08
4.355805927058753468e-08
3.402671011620839181e-08
2.544175570218243365e-08
1.791337256307201642e-08
1.161146712114202728e-08
6.586944545361461678e-09
2.955479860844434370e-09
7.363936127546821808e-10
0.000000000000000000e+00
